# time | -\Delta V/V_0 | P [kpa] | I_x [mm^4] | I_y [mm^4]
0.000000000000000000e+00 -0.000000000000000000e+00 0.000000000000000000e+00 5.854759926814036675e+00 1.394584039292120679e+02
5.750000011175870895e-03 4.146701594334196002e-07 -1.518485248652723385e-05 5.854761678892553611e+00 1.394582998583299513e+02
1.418749988079071045e-02 6.738390090793068463e-06 -2.252103996625010041e-04 5.854794924155523717e+00 1.394567785588350262e+02
2.178125083446502686e-02 2.394720170727998121e-05 -8.055757234615157358e-04 5.854887298739742896e+00 1.394525857878041393e+02
3.317187353968620300e-02 8.334870204611732804e-05 -2.796354692691238597e-03 5.855211811600870675e+00 1.394382275714814341e+02
5.025781318545341492e-02 2.821830434944420213e-04 -9.470948498346842825e-03 5.856343126704984137e+00 1.393899625172070671e+02
7.588671892881393433e-02 9.330078587251940548e-04 -3.131066114292480052e-02 5.860553866303707338e+00 1.392305531430935446e+02
1.143300756812095642e-01 2.999620265801499017e-03 -1.005410886136814952e-01 5.880233171004055848e+00 1.387070292915043979e+02
1.643300801515579224e-01 8.197614381839270908e-03 -2.727801329456269741e-01 6.012111944865252688e+00 1.371508816951931635e+02
2.143300771713256836e-01 1.668404652972391849e-02 -4.634162760339677334e-01 7.627234423818634923e+00 1.305116624093965072e+02
2.643300890922546387e-01 2.860850896947104982e-02 -4.431651614140719175e-01 1.075735961809872165e+01 1.197126850838949537e+02
3.143300712108612061e-01 4.381135368969879540e-02 -4.384780477266758680e-01 1.326089953798010512e+01 1.111191212101417278e+02
3.643300831317901611e-01 6.187873987129260261e-02 -4.672038485296070576e-01 1.542741825571287428e+01 1.035749885404292598e+02
4.143300652503967285e-01 8.219612633797214463e-02 -5.202844622544944286e-01 1.735744751363479921e+01 9.665528415526354422e+01
4.643300771713256836e-01 1.040025933471770969e-01 -5.916957161389291286e-01 1.907622867078526596e+01 9.025648154224342079e+01
5.143300890922546387e-01 1.264446460432536168e-01 -6.766275037080049515e-01 2.058712417670592032e+01 8.438793028830967557e+01
5.643301010131835938e-01 1.486302770794905026e-01 -7.699909037910401821e-01 2.188788994429397405e+01 7.910305057854749577e+01
6.143300533294677734e-01 1.696828737388454966e-01 -8.660926832817494869e-01 2.297792966213132004e+01 7.446584656480524700e+01
6.643300652503967285e-01 1.887954360572912382e-01 -9.589574765413999557e-01 2.386237853476244908e+01 7.052814432293318703e+01
7.143300771713256836e-01 2.052843802770017434e-01 -1.042932854034006596e+00 2.455309672235003404e+01 6.731732931829395739e+01
7.643300890922546387e-01 2.186436014683885154e-01 -1.113348989747464657e+00 2.506727001400933119e+01 6.483261231670383040e+01
8.143301010131835938e-01 2.285983806508268823e-01 -1.167098293080925941e+00 2.542544687477374765e+01 6.304494906418941724e+01
8.643300533294677734e-01 2.351596029160020196e-01 -1.203085761517286301e+00 2.565036032485194539e+01 6.189522199706519245e+01
9.143300652503967285e-01 2.386776127148652338e-01 -1.222557504661381245e+00 2.576744616002154231e+01 6.128789054891627330e+01
9.643300771713256836e-01 2.398962246459001857e-01 -1.229329034686088562e+00 2.580747152012128964e+01 6.107899550672949118e+01
1.000000000000000000e+00 2.399993738480592498e-01 -1.229895395226776600e+00 2.581090216186846220e+01 6.106123711128044818e+01
