1.299053115707837534e-07
1.349357536157581602e-07
2.043144285798387629e-07
3.804905812383825248e-07
7.545345366699971956e-07
1.325952179302351535e-06
2.149799155016901006e-06
3.389416434966684193e-06
4.896839896822429340e-06
6.995138997012759767e-06
9.390829536408558230e-06
1.255921279390821593e-05
1.605482391707521001e-05
2.051947790464940503e-05
2.532671425080082892e-05
3.136058324495082143e-05
3.774462071641125697e-05
4.499244184550611807e-05
5.391100909489345748e-05
6.324174646150918151e-05
7.465826471370724197e-05
8.657906527810181130e-05
1.013094367623142107e-04
1.171427812844064306e-04
1.385179429163967656e-04
1.669032511291115492e-04
2.137521424904145642e-04
2.974052522559828015e-04
4.084415338160168364e-04
5.639533673063485981e-04
7.382150966309752134e-04
9.585904596379310645e-04
1.190492501478277333e-03
1.487629161288102743e-03
2.125372296728875784e-03
4.116754536136776714e-03
4.639303942720286386e-03
4.926472164004711170e-03
5.619933027642170370e-03
6.139921255240439468e-03
6.663739933206766324e-03
7.354001278199653185e-03
7.992920270632780655e-03
8.641309278970296312e-03
9.438091219849670602e-03
1.014105592443690675e-02
1.091405287782470923e-02
1.180207172199500276e-02
1.263338208936385515e-02
1.360409135688527005e-02
1.453869866149854265e-02
1.559339133574326117e-02
1.662871977981920241e-02
1.780211631453056109e-02
1.894341021722492635e-02
2.025397532389614300e-02
2.152810122504284288e-02
2.287120315055254580e-02
2.440161055566144113e-02
2.586366961253941735e-02
2.744064926948463351e-02
2.870453831390383168e-02
2.892583380754149003e-02
2.615545241546320468e-02
2.825568363355545481e-02
2.870825069891744935e-02
3.604269763310311014e-02
3.820874080322408245e-02
3.830961427086524568e-02
4.063762592575113214e-02
4.321512936837439839e-02
4.475859855295565709e-02
4.521581142946720644e-02
4.190789205919061983e-02
4.104344091804954658e-02
4.271293717556850361e-02
4.407693614880948962e-02
4.269877716012204089e-02
4.148565236537456874e-02
4.139612586164317931e-02
4.169742002808610182e-02
4.260833272280304534e-02
4.496208255640704587e-02
4.741007813395584775e-02
4.964268355774256736e-02
5.212806597552557819e-02
5.563150433099826875e-02
6.060334094891579176e-02
6.699330885532497892e-02
7.824030952807178863e-02
8.923963881592222869e-02
9.609451998462952005e-02
9.956011864155181468e-02
1.045032288767550055e-01
1.122661558822412031e-01
1.223507122316790235e-01
1.334937934356039135e-01
1.493019433184152589e-01
1.641351385170452537e-01
1.688062678241737113e-01
1.718642994629859255e-01
1.752419923719306938e-01
1.829815489620634505e-01
1.917155326703937068e-01
1.996317871109994091e-01
2.060615542281026558e-01
2.117014738287407161e-01
2.180936679958928870e-01
2.258004474231724845e-01
2.348040922082001991e-01
2.429517196427132542e-01
2.495117900013217593e-01
2.561158627317763337e-01
2.638672457681765504e-01
2.726074863285352090e-01
2.815901326810767435e-01
2.890554149340855972e-01
2.964193077657215625e-01
3.040099608478812332e-01
3.124097782446037530e-01
3.212180984198363398e-01
3.294828253383065286e-01
3.369515654430058071e-01
3.446208556147690172e-01
3.529701780203012285e-01
3.613537947042583243e-01
3.680501549854744425e-01
3.746125546464426637e-01
3.869527811423000285e-01
3.933790010569158113e-01
3.951665062603875178e-01
4.065746837597128405e-01
4.121268765892263652e-01
4.187678934193701519e-01
4.277699136990232853e-01
4.317662794961477646e-01
4.390072031752889070e-01
4.463800940229196157e-01
4.522077112517132180e-01
4.596849422011425879e-01
4.653356077771131916e-01
4.704657768323330935e-01
4.774275009448509799e-01
4.835596809237823201e-01
4.895205258347321009e-01
4.954251837617298371e-01
5.013851798218743605e-01
5.065215808142820020e-01
5.127853375326414387e-01
5.181901836024658259e-01
5.231187524585713122e-01
5.282111147795068851e-01
5.324710692630434394e-01
5.364796579437556279e-01
5.422079459822460867e-01
5.514451489868045231e-01
5.540688125904861261e-01
5.569588804658701653e-01
5.625669207380158410e-01
5.644100898832580260e-01
5.681162687251800625e-01
5.726420673297060171e-01
5.744256178931993473e-01
5.768650280033392752e-01
