9.973705315812761540e+00 1.813701276927898176e-01
9.953880147731027250e+00 7.161540051671307916e-01
9.905179962318582554e+00 1.249016416458421430e+00
9.827697184863422919e+00 1.778411700900867531e+00
9.721625616419903082e+00 2.302796981973700419e+00
9.587261304552002983e+00 2.820640548763928557e+00
9.424993480957065017e+00 3.330428343973812488e+00
9.235303878301650116e+00 3.830671608762725722e+00
9.018764052791508945e+00 4.319911223752283647e+00
8.776028000041325328e+00 4.796724380103227325e+00
8.507830629717131998e+00 5.259728839165459746e+00
8.214980743823815601e+00 5.707587018424397307e+00
7.898360010229599659e+00 6.139009485901061325e+00
7.558916042567673799e+00 6.552758903177612559e+00
7.197660562849721444e+00 6.947652811101809434e+00
6.815664539562425794e+00 7.322565816886140055e+00
6.414053621104259584e+00 7.676432184773266165e+00
5.994007175654682662e+00 8.008249842936679741e+00
5.556750892246166806e+00 8.317080598778051836e+00
5.103557687673247578e+00 8.602051368992924552e+00
4.635740665625945667e+00 8.862359771922337259e+00
4.154650972576216184e+00 9.097271707518217454e+00
3.661675022491677201e+00 9.306126660496300218e+00
3.158229161613583802e+00 9.488337368990244158e+00
2.645757701969961850e+00 9.643390533981053281e+00
2.125728342499517698e+00 9.770852368374443486e+00
1.599628904915578520e+00 9.870361803396447087e+00
1.068962737926140161e+00 9.941640913245587186e+00
5.352452459687568886e-01 9.984488197619826977e+00
1.582372240592680944e-07 9.998784288252769770e+00
-5.352449277335837863e-01 9.984488124348981586e+00
-1.068962414486009260e+00 9.941640767438705950e+00
-1.599628573064521664e+00 9.870361587048007479e+00
-2.125727999436079596e+00 9.770852084108758717e+00
-2.645757345470036270e+00 9.643390185498406098e+00
-3.158228790273162723e+00 9.488336961060326757e+00
-3.661674635851506210e+00 9.306126198931966798e+00
-4.154650571423588623e+00 9.097271199346069537e+00
-4.635740252139043172e+00 8.862359225225260317e+00
-5.103557265631081918e+00 8.602050792903531473e+00
-5.556750467212283162e+00 8.317080003163763280e+00
-5.994006754819700689e+00 8.008249238504696166e+00
-6.414053213600793057e+00 7.676431582650678820e+00
-6.815664156097674287e+00 7.322565228200039300e+00
-7.197660215495529812e+00 6.947652245929562653e+00
-7.558915744445611651e+00 6.552758371596583586e+00
-7.898359774986098536e+00 6.139008997148835967e+00
-8.214980584947850772e+00 5.707586577959547824e+00
-8.507830560133449183e+00 5.259728452026669387e+00
-8.776028031323146905e+00 4.796724049229727171e+00
-9.018764194924351330e+00 4.319910948304293896e+00
-9.235304138423646947e+00 3.830671387480575341e+00
-9.424993864316842718e+00 3.330428172238709461e+00
-9.587261811779399068e+00 2.820640421537189191e+00
-9.721626246255246073e+00 2.302796892747026813e+00
-9.827697929748689276e+00 1.778411643585851465e+00
-9.905180812176405780e+00 1.249016386226325048e+00
-9.953881081566894551e+00 7.161539992886676309e-01
-9.973706308433261114e+00 1.813701476375756405e-01
-9.964664967730922029e+00 -3.537943084323450504e-01
-9.926872873877108816e+00 -8.878128094036422668e-01
-9.860551073534487898e+00 -1.419181374046459387e+00
-9.766020720856381843e+00 -1.946427847384076149e+00
-9.643704465218517541e+00 -2.468120345596236387e+00
-9.494119801106654322e+00 -2.982875359447939356e+00
-9.317874076461546196e+00 -3.489363929478694004e+00
-9.115656327286352223e+00 -3.986317910363915473e+00
-8.888228117953975271e+00 -4.472534238777353011e+00
-8.636415489392044620e+00 -4.946874301978430921e+00
-8.361097713691881594e+00 -5.408265216736526604e+00
-8.063196132695527041e+00 -5.855694637936332825e+00
-7.743667174223311633e+00 -6.288206852671692104e+00
-7.403489532677966167e+00 -6.704891143826338329e+00
-7.043669556127183817e+00 -7.104865842739800819e+00
-6.685657646089370409e+00 -7.552619536745025286e+00
-6.380866653964627488e+00 -8.061214617968564866e+00
-6.100185769986637752e+00 -8.601201777886531730e+00
-5.807510716416100394e+00 -9.124926482323095556e+00
-5.469145572005762901e+00 -9.575336552284607450e+00
-5.061595696457358962e+00 -9.897622341980516936e+00
-4.576097690286111686e+00 -1.005121829551653789e+01
-4.019108536704665724e+00 -1.001952097818118936e+01
-3.409039479377059756e+00 -9.815148078217305283e+00
-2.770407893198808313e+00 -9.479495203023066807e+00
-2.127102256613761178e+00 -9.076505500283369443e+00
-1.496547059541352143e+00 -8.681759270901942216e+00
-8.862010479419992759e-01 -8.368966804505539869e+00
-2.931658904029399437e-01 -8.196479422653590419e+00
2.931536665586119694e-01 -8.196472005712596598e+00
8.861884512351485554e-01 -8.368945628601542452e+00
1.496533985839201941e+00 -8.681726915840505043e+00
2.127089061983225449e+00 -9.076466050756636150e+00
2.770395451011561594e+00 -9.479453845515134702e+00
3.409029052662909010e+00 -9.815109999212275227e+00
4.019101442239366939e+00 -1.001949039673607800e+01
4.576094841750801834e+00 -1.005119765707203250e+01
5.061597362581784942e+00 -9.897612022758265127e+00
5.469151215330431803e+00 -9.575334993652081295e+00
5.807519181403104191e+00 -9.124931104474729437e+00
6.100195498003448513e+00 -8.601209624795119524e+00
6.380876166997641263e+00 -8.061223190447467601e+00
6.685666009462939208e+00 -7.552627256006982925e+00
7.043676719454479596e+00 -7.104872231789515880e+00
7.403495659716178956e+00 -6.704896550332918537e+00
7.743672276729366644e+00 -6.288211344657355539e+00
8.063200237542400117e+00 -5.855698299379123561e+00
8.361100871266399892e+00 -5.408268138122790170e+00
8.636417780313129455e+00 -4.946876579358056247e+00
8.888229632917919787e+00 -4.472535969564874314e+00
9.115657170425931710e+00 -3.986319189769440996e+00
9.317874355268656927e+00 -3.489364847358733090e+00
9.494119629791439863e+00 -2.982875996421415543e+00
9.643703954632000475e+00 -2.468120773044488736e+00
9.766019968413091945e+00 -1.946428123251956022e+00
9.860550159853350038e+00 -1.419181544941782391e+00
9.926871879577047864e+00 -8.878129095474618371e-01
9.964663949917008878e+00 -3.537943611285687129e-01
