-1.659999950788915157e-03 5.964398574829101562e+01 6.815975952148437500e+01 6.969602966308593750e+01 1.235862655639648438e+02 1.401825103759765625e+02 1.487914276123046875e+02 1.699505615234375000e+02 1.990453643798828125e+02 2.179220275878906250e+02 2.237164916992187500e+02
-3.319999901577830315e-03 5.025201034545898438e+01 5.699314498901367188e+01 6.957315826416015625e+01 1.460305938720703125e+02 1.462033996582031250e+02 1.749004821777343750e+02 1.865600891113281250e+02 1.931838226318359375e+02 2.183544769287109375e+02 2.244829254150390625e+02
-4.980000201612710953e-03 3.603640365600585938e+01 5.497162628173828125e+01 6.946668243408203125e+01 1.426937561035156250e+02 1.442024841308593750e+02 1.774470520019531250e+02 1.858340911865234375e+02 2.172225036621093750e+02 2.214085693359375000e+02 2.240862884521484375e+02
-6.639999803155660629e-03 1.332361030578613281e+01 5.326578521728515625e+01 6.932632446289062500e+01 1.355794219970703125e+02 1.429363708496093750e+02 1.769424743652343750e+02 1.774479980468750000e+02 2.154483947753906250e+02 2.216150054931640625e+02 2.248954010009765625e+02
-8.299999870359897614e-03 0.000000000000000000e+00 5.177486419677734375e+01 6.912123870849609375e+01 1.250729751586914062e+02 1.420674896240234375e+02 1.665373382568359375e+02 1.762925872802734375e+02 2.132691497802734375e+02 2.205479125976562500e+02 2.279547271728515625e+02
-9.960000403225421906e-03 0.000000000000000000e+00 5.053407669067382812e+01 6.876921081542968750e+01 1.106344757080078125e+02 1.415632476806640625e+02 1.554675903320312500e+02 1.744689636230468750e+02 2.108232269287109375e+02 2.188078918457031250e+02 2.280287475585937500e+02
-1.162000000476837158e-02 0.000000000000000000e+00 4.974139022827148438e+01 6.794395446777343750e+01 9.095841979980468750e+01 1.410847015380859375e+02 1.470889892578125000e+02 1.721617736816406250e+02 2.083083343505859375e+02 2.143148193359375000e+02 2.237026062011718750e+02
-1.327999960631132126e-02 0.000000000000000000e+00 4.976277542114257812e+01 5.950263214111328125e+01 7.072188568115234375e+01 1.416208648681640625e+02 1.506133270263671875e+02 1.695279235839843750e+02 1.855675354003906250e+02 2.064347839355468750e+02 2.194054107666015625e+02
-1.494000013917684555e-02 4.819091796875000000e+01 6.906193542480468750e+01 9.077392578125000000e+01 1.276448516845703125e+02 1.390712432861328125e+02 1.684393463134765625e+02 1.726047058105468750e+02 2.113645477294921875e+02 2.181318359375000000e+02 2.276790466308593750e+02
-1.659999974071979523e-02 4.775542831420898438e+01 6.900084686279296875e+01 9.434500885009765625e+01 1.302363433837890625e+02 1.388000946044921875e+02 1.682470703125000000e+02 1.750628356933593750e+02 2.092322540283203125e+02 2.174233551025390625e+02 2.252350311279296875e+02
-1.826000027358531952e-02 4.735720825195312500e+01 6.893706512451171875e+01 9.649351501464843750e+01 1.329072265625000000e+02 1.385144958496093750e+02 1.679949951171875000e+02 1.765979003906250000e+02 2.069239807128906250e+02 2.165679473876953125e+02 2.226352386474609375e+02
-1.992000080645084381e-02 4.703621292114257812e+01 6.886930084228515625e+01 9.773611450195312500e+01 1.359945831298828125e+02 1.382188568115234375e+02 1.676565399169921875e+02 1.774341735839843750e+02 2.044511566162109375e+02 2.153659057617187500e+02 2.201174621582031250e+02
-2.157999947667121887e-02 4.678333282470703125e+01 6.879671478271484375e+01 9.811775970458984375e+01 1.379055633544921875e+02 1.393457489013671875e+02 1.672122039794921875e+02 1.776801605224609375e+02 2.018162841796875000e+02 2.133543243408203125e+02 2.181502227783203125e+02
-2.324000000953674316e-02 4.658465957641601562e+01 6.871887207031250000e+01 9.760951995849609375e+01 1.375685729980468750e+02 1.428186492919921875e+02 1.666366577148437500e+02 1.774022216796875000e+02 1.990231475830078125e+02 2.103453674316406250e+02 2.169305572509765625e+02
-2.490000054240226746e-02 4.642288208007812500e+01 6.863572692871093750e+01 9.615885162353515625e+01 1.372038421630859375e+02 1.462976379394531250e+02 1.659022521972656250e+02 1.766243896484375000e+02 1.960765075683593750e+02 2.066749114990234375e+02 2.161319427490234375e+02
-2.655999921262264252e-02 4.627807998657226562e+01 6.854726409912109375e+01 9.369859313964843750e+01 1.368062744140625000e+02 1.496847381591796875e+02 1.649827270507812500e+02 1.753319396972656250e+02 1.929812774658203125e+02 2.025854797363281250e+02 2.155179290771484375e+02
-2.821999974548816681e-02 4.612997055053710938e+01 6.845301055908203125e+01 9.014170074462890625e+01 1.363651275634765625e+02 1.528942871093750000e+02 1.638541870117187500e+02 1.734796295166015625e+02 1.897402496337890625e+02 1.981764831542968750e+02 2.149901428222656250e+02
-2.988000027835369110e-02 4.596075439453125000e+01 6.835179901123046875e+01 8.536764526367187500e+01 1.358604125976562500e+02 1.558543853759765625e+02 1.624942474365234375e+02 1.710033416748046875e+02 1.863493957519531250e+02 1.934990386962890625e+02 2.144954376220703125e+02
-3.153999894857406616e-02 4.574386215209960938e+01 6.824147033691406250e+01 7.868087768554687500e+01 1.352474212646484375e+02 1.584474334716796875e+02 1.609101257324218750e+02 1.677861022949218750e+02 1.827855682373046875e+02 1.885945892333984375e+02 2.139893798828125000e+02
-3.319999948143959045e-02 4.548984146118164062e+01 6.812058258056640625e+01 7.068509674072265625e+01 1.344995574951171875e+02 1.586590881347656250e+02 1.610918579101562500e+02 1.638585357666015625e+02 1.790261535644531250e+02 1.835378417968750000e+02 2.126094207763671875e+02
-3.486000001430511475e-02 4.514949035644531250e+01 6.034488296508789062e+01 6.798664093017578125e+01 1.335199432373046875e+02 1.562621459960937500e+02 1.591304779052734375e+02 1.631038055419921875e+02 1.750154113769531250e+02 1.784519805908203125e+02 2.059513549804687500e+02
-3.652000054717063904e-02 4.368420028686523438e+01 4.715408706665039062e+01 6.783753967285156250e+01 1.321377258300781250e+02 1.531233520507812500e+02 1.535977783203125000e+02 1.647869262695312500e+02 1.706894836425781250e+02 1.736181182861328125e+02 1.990490264892578125e+02
-3.818000108003616333e-02 2.036737823486328125e+01 4.483159637451171875e+01 6.767132568359375000e+01 1.299433135986328125e+02 1.474114685058593750e+02 1.489946289062500000e+02 1.653980102539062500e+02 1.659745635986328125e+02 1.699958496093750000e+02 1.920256805419921875e+02
-3.984000161290168762e-02 0.000000000000000000e+00 4.436252975463867188e+01 6.748606109619140625e+01 1.258647994995117188e+02 1.412221069335937500e+02 1.435616455078125000e+02 1.607827911376953125e+02 1.630888824462890625e+02 1.696631927490234375e+02 1.849751892089843750e+02
-4.149999842047691345e-02 0.000000000000000000e+00 4.391065597534179688e+01 6.727954864501953125e+01 1.180988540649414062e+02 1.362806091308593750e+02 1.366522674560546875e+02 1.550340270996093750e+02 1.598090362548828125e+02 1.707386474609375000e+02 1.780328674316406250e+02
-4.315999895334243774e-02 0.000000000000000000e+00 4.342203521728515625e+01 6.704933166503906250e+01 1.057244033813476562e+02 1.281610412597656250e+02 1.326002960205078125e+02 1.486683959960937500e+02 1.566972198486328125e+02 1.712756652832031250e+02 1.719483184814453125e+02
-4.481999948620796204e-02 0.000000000000000000e+00 4.286679077148437500e+01 6.679282379150390625e+01 8.820191192626953125e+01 1.179061737060546875e+02 1.288573760986328125e+02 1.417840270996093750e+02 1.537330169677734375e+02 1.647427062988281250e+02 1.730962829589843750e+02
-4.648000001907348633e-02 0.000000000000000000e+00 4.216964340209960938e+01 6.291731262207031250e+01 6.651142120361328125e+01 1.053297271728515625e+02 1.232917556762695312e+02 1.350311279296875000e+02 1.508134155273437500e+02 1.584524230957031250e+02 1.741436767578125000e+02
-4.814000055193901062e-02 0.000000000000000000e+00 3.364200592041015625e+01 4.191135406494140625e+01 6.652040863037109375e+01 8.901309967041015625e+01 1.149593353271484375e+02 1.297544708251953125e+02 1.483684844970703125e+02 1.526711578369140625e+02 1.727561645507812500e+02
-4.980000108480453491e-02 4.283335494995117188e+01 6.210954666137695312e+01 7.778696441650390625e+01 1.025957794189453125e+02 1.211114883422851562e+02 1.407411041259765625e+02 1.618370361328125000e+02 1.636050109863281250e+02 1.692830047607421875e+02 1.885652008056640625e+02
-5.146000161767005920e-02 4.231470108032226562e+01 6.082465362548828125e+01 8.045757293701171875e+01 1.054047470092773438e+02 1.180666275024414062e+02 1.391571044921875000e+02 1.599854888916015625e+02 1.636314697265625000e+02 1.660172271728515625e+02 1.881125793457031250e+02
-5.311999842524528503e-02 4.176407241821289062e+01 5.898465728759765625e+01 8.203131866455078125e+01 1.034818572998046875e+02 1.157163848876953125e+02 1.377630462646484375e+02 1.545777130126953125e+02 1.625695037841796875e+02 1.658588256835937500e+02 1.869216613769531250e+02
-5.477999895811080933e-02 4.110804748535156250e+01 5.504297637939453125e+01 8.238882446289062500e+01 9.323424530029296875e+01 1.142962112426757812e+02 1.363045501708984375e+02 1.471303253173828125e+02 1.601037445068359375e+02 1.664919891357421875e+02 1.849419708251953125e+02
-5.643999949097633362e-02 0.000000000000000000e+00 4.067780303955078125e+01 6.739407348632812500e+01 8.172882080078125000e+01 1.120885772705078125e+02 1.332430114746093750e+02 1.371089935302734375e+02 1.566049499511718750e+02 1.665862121582031250e+02 1.819970855712890625e+02
-5.810000002384185791e-02 3.830728149414062500e+01 4.977077865600585938e+01 7.259088897705078125e+01 8.467755126953125000e+01 1.054882202148437500e+02 1.276699295043945312e+02 1.343571624755859375e+02 1.573971557617187500e+02 1.658885650634765625e+02 1.793664245605468750e+02
-5.976000055670738220e-02 3.756649017333984375e+01 5.020015335083007812e+01 6.740182495117187500e+01 9.066112518310546875e+01 1.031039199829101562e+02 1.284884643554687500e+02 1.332629089355468750e+02 1.570113220214843750e+02 1.640744628906250000e+02 1.774549255371093750e+02
-6.142000108957290649e-02 3.448811721801757812e+01 4.353942108154296875e+01 6.039131927490234375e+01 9.368146514892578125e+01 1.004569931030273438e+02 1.292431945800781250e+02 1.316443328857421875e+02 1.562478790283203125e+02 1.618446960449218750e+02 1.735506134033203125e+02
-6.307999789714813232e-02 0.000000000000000000e+00 3.786857604980468750e+01 5.605716323852539062e+01 9.287882232666015625e+01 9.770362091064453125e+01 1.276054153442382812e+02 1.290992279052734375e+02 1.520772705078125000e+02 1.591247253417968750e+02 1.636999511718750000e+02
-6.474000215530395508e-02 3.636059188842773438e+01 5.579983139038085938e+01 7.051937866210937500e+01 1.055329895019531250e+02 1.186161270141601562e+02 1.233327178955078125e+02 1.449675445556640625e+02 1.616416168212890625e+02 1.787313079833984375e+02 1.889681701660156250e+02
-6.639999896287918091e-02 3.549077224731445312e+01 5.512605285644531250e+01 7.039538574218750000e+01 1.034588317871093750e+02 1.159846954345703125e+02 1.217826766967773438e+02 1.422325286865234375e+02 1.592120971679687500e+02 1.770638732910156250e+02 1.875092773437500000e+02
-6.806000322103500366e-02 3.450085449218750000e+01 5.445066070556640625e+01 6.992114257812500000e+01 1.009333038330078125e+02 1.126760025024414062e+02 1.200803680419921875e+02 1.393764343261718750e+02 1.569012451171875000e+02 1.747615814208984375e+02 1.865678863525390625e+02
-6.972000002861022949e-02 3.329805374145507812e+01 5.375580978393554688e+01 6.897512817382812500e+01 9.753167724609375000e+01 1.086148300170898438e+02 1.182271423339843750e+02 1.364996490478515625e+02 1.546852722167968750e+02 1.718654327392578125e+02 1.861910705566406250e+02
-7.137999683618545532e-02 3.164382553100585938e+01 5.300880432128906250e+01 6.713913726806640625e+01 9.225938415527343750e+01 1.041534652709960938e+02 1.162381286621093750e+02 1.337359008789062500e+02 1.525438232421875000e+02 1.684734802246093750e+02 1.862815856933593750e+02
-7.304000109434127808e-02 2.864741516113281250e+01 5.204960250854492188e+01 6.269607925415039062e+01 8.419542694091796875e+01 1.000228195190429688e+02 1.141374816894531250e+02 1.311959075927734375e+02 1.504504699707031250e+02 1.646603393554687500e+02 1.867335968017578125e+02
-7.469999790191650391e-02 1.745913314819335938e+01 4.789579391479492188e+01 5.386207962036132812e+01 7.668520355224609375e+01 9.660350036621093750e+01 1.120435028076171875e+02 1.290255432128906250e+02 1.484152679443359375e+02 1.608464813232421875e+02 1.874960479736328125e+02
-7.636000216007232666e-02 0.000000000000000000e+00 3.664829254150390625e+01 5.162984466552734375e+01 7.293955993652343750e+01 9.394033050537109375e+01 1.102440872192382812e+02 1.272143325805664062e+02 1.464433746337890625e+02 1.577024078369140625e+02 1.885747375488281250e+02
-7.801999896764755249e-02 0.000000000000000000e+00 3.031262588500976562e+01 5.072496032714843750e+01 6.953586578369140625e+01 9.248005676269531250e+01 1.091265258789062500e+02 1.247137832641601562e+02 1.435216064453125000e+02 1.551182556152343750e+02 1.899861450195312500e+02
-7.968000322580337524e-02 2.620254325866699219e+01 5.041734695434570312e+01 5.493249511718750000e+01 8.401406097412109375e+01 9.799031066894531250e+01 1.129085159301757812e+02 1.260691070556640625e+02 1.442644195556640625e+02 1.737037658691406250e+02 1.928486022949218750e+02
-8.134000003337860107e-02 2.547823905944824219e+01 4.980492019653320312e+01 5.365752029418945312e+01 8.325727081298828125e+01 9.480226135253906250e+01 1.116922836303710938e+02 1.252578430175781250e+02 1.433749847412109375e+02 1.726392059326171875e+02 1.938299865722656250e+02
-8.299999684095382690e-02 2.397976303100585938e+01 4.864982986450195312e+01 5.124557113647460938e+01 8.198585510253906250e+01 9.107276153564453125e+01 1.105294799804687500e+02 1.242752609252929688e+02 1.423008728027343750e+02 1.712502288818359375e+02 1.948629608154296875e+02
-8.466000109910964966e-02 2.039667129516601562e+01 4.408577728271484375e+01 4.963617706298828125e+01 8.013706970214843750e+01 8.706299591064453125e+01 1.093332977294921875e+02 1.232273406982421875e+02 1.411301574707031250e+02 1.695599670410156250e+02 1.959083557128906250e+02
-8.631999790668487549e-02 0.000000000000000000e+00 3.631990051269531250e+01 4.897285842895507812e+01 7.784222412109375000e+01 8.324396514892578125e+01 1.080763702392578125e+02 1.222011108398437500e+02 1.399299163818359375e+02 1.676442413330078125e+02 1.969485626220703125e+02
-8.798000216484069824e-02 0.000000000000000000e+00 2.994831085205078125e+01 4.845431518554687500e+01 7.539575958251953125e+01 7.954553985595703125e+01 1.067445907592773438e+02 1.212356414794921875e+02 1.387383575439453125e+02 1.654853210449218750e+02 1.979624481201171875e+02
-8.963999897241592407e-02 0.000000000000000000e+00 2.609915161132812500e+01 4.797750473022460938e+01 7.311405944824218750e+01 7.578002166748046875e+01 1.053529205322265625e+02 1.203565750122070312e+02 1.375780944824218750e+02 1.631513519287109375e+02 1.989338684082031250e+02
-9.130000323057174683e-02 0.000000000000000000e+00 2.281669616699218750e+01 4.751906585693359375e+01 7.095662689208984375e+01 7.196625518798828125e+01 1.039523162841796875e+02 1.195858383178710938e+02 1.364864959716796875e+02 1.607581634521484375e+02 1.998415679931640625e+02
-9.296000003814697266e-02 0.000000000000000000e+00 1.939965629577636719e+01 4.707155990600585938e+01 6.740812683105468750e+01 6.984970092773437500e+01 1.026577224731445312e+02 1.189619140625000000e+02 1.355519561767578125e+02 1.585326843261718750e+02 2.006564941406250000e+02
-9.461999684572219849e-02 0.000000000000000000e+00 1.776921653747558594e+01 4.664685058593750000e+01 6.504450225830078125e+01 6.896938323974609375e+01 1.017269287109375000e+02 1.185749130249023438e+02 1.349530487060546875e+02 1.573349304199218750e+02 2.013734283447265625e+02
-9.628000110387802124e-02 0.000000000000000000e+00 1.928421211242675781e+01 4.625290298461914062e+01 6.511196899414062500e+01 6.913108825683593750e+01 1.011715698242187500e+02 1.183993759155273438e+02 1.346604003906250000e+02 1.574279327392578125e+02 2.020929718017578125e+02
-9.793999791145324707e-02 0.000000000000000000e+00 2.073104095458984375e+01 4.589410018920898438e+01 6.554982757568359375e+01 6.979511260986328125e+01 1.006550674438476562e+02 1.182481994628906250e+02 1.344360504150390625e+02 1.576199188232421875e+02 2.029412078857421875e+02
-9.960000216960906982e-02 0.000000000000000000e+00 2.127197647094726562e+01 4.555159759521484375e+01 6.542782592773437500e+01 7.000678253173828125e+01 1.000166854858398438e+02 1.179912490844726562e+02 1.341059570312500000e+02 1.574371643066406250e+02 2.037291717529296875e+02
-1.012599989771842957e-01 0.000000000000000000e+00 2.129372596740722656e+01 4.520405960083007812e+01 6.492493438720703125e+01 6.950140380859375000e+01 9.925532531738281250e+01 1.176218643188476562e+02 1.336280059814453125e+02 1.569574279785156250e+02 2.043425598144531250e+02
-1.029200032353401184e-01 0.000000000000000000e+00 2.103971290588378906e+01 4.484683227539062500e+01 6.421444702148437500e+01 6.846770477294921875e+01 9.840020751953125000e+01 1.171776046752929688e+02 1.330333709716796875e+02 1.563056182861328125e+02 2.047809600830078125e+02
-1.045800000429153442e-01 0.000000000000000000e+00 2.057947921752929688e+01 4.447863388061523438e+01 6.330090713500976562e+01 6.707622528076171875e+01 9.746492004394531250e+01 1.166863174438476562e+02 1.323529357910156250e+02 1.555279846191406250e+02 2.050464477539062500e+02
-1.062399968504905701e-01 0.000000000000000000e+00 1.992913627624511719e+01 4.409659957885742188e+01 6.207674789428710938e+01 6.551863098144531250e+01 9.645674133300781250e+01 1.161641845703125000e+02 1.316047973632812500e+02 1.546549987792968750e+02 2.051403198242187500e+02
-1.079000011086463928e-01 0.000000000000000000e+00 1.906465911865234375e+01 4.369115829467773438e+01 6.029382324218750000e+01 6.405323028564453125e+01 9.537326812744140625e+01 1.156178741455078125e+02 1.307923889160156250e+02 1.537025909423828125e+02 2.050633392333984375e+02
nan nan nan nan nan nan nan nan nan nan nan
nan nan nan nan nan nan nan nan nan nan nan
nan nan nan nan nan nan nan nan nan nan nan
nan nan nan nan nan nan nan nan nan nan nan
nan nan nan nan nan nan nan nan nan nan nan
nan nan nan nan nan nan nan nan nan nan nan
nan nan nan nan nan nan nan nan nan nan nan
nan nan nan nan nan nan nan nan nan nan nan
nan nan nan nan nan nan nan nan nan nan nan
nan nan nan nan nan nan nan nan nan nan nan
nan nan nan nan nan nan nan nan nan nan nan
nan nan nan nan nan nan nan nan nan nan nan
nan nan nan nan nan nan nan nan nan nan nan
nan nan nan nan nan nan nan nan nan nan nan
nan nan nan nan nan nan nan nan nan nan nan
nan nan nan nan nan nan nan nan nan nan nan
nan nan nan nan nan nan nan nan nan nan nan
nan nan nan nan nan nan nan nan nan nan nan
nan nan nan nan nan nan nan nan nan nan nan
nan nan nan nan nan nan nan nan nan nan nan
nan nan nan nan nan nan nan nan nan nan nan
nan nan nan nan nan nan nan nan nan nan nan
nan nan nan nan nan nan nan nan nan nan nan
nan nan nan nan nan nan nan nan nan nan nan
nan nan nan nan nan nan nan nan nan nan nan
nan nan nan nan nan nan nan nan nan nan nan
nan nan nan nan nan nan nan nan nan nan nan
nan nan nan nan nan nan nan nan nan nan nan
nan nan nan nan nan nan nan nan nan nan nan
nan nan nan nan nan nan nan nan nan nan nan
nan nan nan nan nan nan nan nan nan nan nan
nan nan nan nan nan nan nan nan nan nan nan
nan nan nan nan nan nan nan nan nan nan nan
nan nan nan nan nan nan nan nan nan nan nan
nan nan nan nan nan nan nan nan nan nan nan
