5.652143066406250000e+03 0.000000000000000000e+00
5.645106445312500000e+03 -4.880190317635424435e-05
5.638069335937500000e+03 -7.852999988244846463e-05
5.631032714843750000e+03 -7.553608156740665436e-05
5.623995605468750000e+03 -7.651534542674198747e-05
5.595848144531250000e+03 -9.650015999795868993e-05
5.567700683593750000e+03 -1.306735357502475381e-04
5.539552734375000000e+03 -1.747533824527636170e-04
5.511405273437500000e+03 -2.256198786199092865e-04
5.483257812500000000e+03 -2.801897935569286346e-04
5.455110351562500000e+03 -3.343108692206442356e-04
5.426962890625000000e+03 -3.770565963350236416e-04
5.419925781250000000e+03 -3.761942498385906219e-04
5.418166503906250000e+03 -3.719504165928810835e-04
5.417727050781250000e+03 -3.703379188664257526e-04
5.417067382812500000e+03 -3.664482792373746634e-04
5.416819824218750000e+03 -3.646702098194509745e-04
5.416448730468750000e+03 -3.611140418797731400e-04
5.415892089843750000e+03 -3.526110667735338211e-04
5.415752929687500000e+03 -3.502960607875138521e-04
5.415613769531250000e+03 -3.477704885881394148e-04
5.415404785156250000e+03 -3.427811025176197290e-04
5.415253417968750000e+03 -3.374695952516049147e-04
5.415121093750000000e+03 -2.928171597886830568e-04
5.414996093750000000e+03 -2.728195104282349348e-04
5.414772460937500000e+03 -2.747141115833073854e-04
5.414613769531250000e+03 -2.757406618911772966e-04
5.414375976562500000e+03 -2.765287354122847319e-04
5.414018554687500000e+03 -2.772469597402960062e-04
5.413483398437500000e+03 -2.780859067570418119e-04
5.412679687500000000e+03 -2.792406885419040918e-04
5.411474609375000000e+03 -2.809384313877671957e-04
5.409667480468750000e+03 -2.834850456565618515e-04
5.406956054687500000e+03 -2.873325429391115904e-04
5.402889160156250000e+03 -2.931696071755141020e-04
5.398814941406250000e+03 -2.990975335706025362e-04
5.370667480468750000e+03 -3.421524306759238243e-04
5.342520019531250000e+03 -3.886678605340421200e-04
5.314372558593750000e+03 -4.383382911328226328e-04
5.286224609375000000e+03 -4.908908740617334843e-04
5.258077148437500000e+03 -5.460846587084233761e-04
5.229929687500000000e+03 -6.037087296135723591e-04
5.201782226562500000e+03 -6.635770550929009914e-04
5.173634765625000000e+03 -7.255214150063693523e-04
5.145487304687500000e+03 -7.893842994235455990e-04
5.117339843750000000e+03 -8.550314232707023621e-04
5.089192382812500000e+03 -9.222581284120678902e-04
5.061044921875000000e+03 -9.909067302942276001e-04
5.032897460937500000e+03 -1.060779672116041183e-03
5.004750000000000000e+03 -1.131655066274106503e-03
5.004310058593750000e+03 -1.132792560383677483e-03
5.003870117187500000e+03 -1.133907586336135864e-03
5.003210449218750000e+03 -1.135579077526926994e-03
5.002550781250000000e+03 -1.137251267209649086e-03
5.001891113281250000e+03 -1.138923806138336658e-03
5.000901367187500000e+03 -1.141432905569672585e-03
4.999417480468750000e+03 -1.145198242738842964e-03
4.998860839843750000e+03 -1.146612106822431087e-03
4.998025878906250000e+03 -1.148731564171612263e-03
4.997712402343750000e+03 -1.149526913650333881e-03
4.997243164062500000e+03 -1.150719588622450829e-03
4.996538574218750000e+03 -1.152508659288287163e-03
4.995481933593750000e+03 -1.155193080194294453e-03
4.993896484375000000e+03 -1.159221515990793705e-03
4.993302246093750000e+03 -1.160734216682612896e-03
4.992410644531250000e+03 -1.163001637905836105e-03
4.991073242187500000e+03 -1.166403642855584621e-03
4.990571777343750000e+03 -1.167681068181991577e-03
4.990070312500000000e+03 -1.168957562185823917e-03
4.989568847656250000e+03 -1.170234289020299911e-03
4.988816406250000000e+03 -1.172149553894996643e-03
4.988534179687500000e+03 -1.172868418507277966e-03
4.988110839843750000e+03 -1.173946075141429901e-03
4.987476074218750000e+03 -1.175562734715640545e-03
4.986524414062500000e+03 -1.177988247945904732e-03
4.986166992187500000e+03 -1.178898732177913189e-03
4.985631347656250000e+03 -1.180263585411012173e-03
4.985430664062500000e+03 -1.180775812827050686e-03
4.985129394531250000e+03 -1.181543688289821148e-03
4.984677734375000000e+03 -1.182695501483976841e-03
4.984000000000000000e+03 -1.184423570521175861e-03
4.983745605468750000e+03 -1.185072236694395542e-03
4.983364257812500000e+03 -1.186044537462294102e-03
4.982792480468750000e+03 -1.187503105029463768e-03
4.982578125000000000e+03 -1.188050489872694016e-03
4.982256347656250000e+03 -1.188871101476252079e-03
4.981773437500000000e+03 -1.190102077089250088e-03
4.981592773437500000e+03 -1.190564013086259365e-03
4.981321289062500000e+03 -1.191256684251129627e-03
4.980914062500000000e+03 -1.192295574583113194e-03
4.980761230468750000e+03 -1.192685449495911598e-03
4.980532226562500000e+03 -1.193269854411482811e-03
4.980188964843750000e+03 -1.194146694615483284e-03
4.980060058593750000e+03 -1.194475684314966202e-03
4.979866699218750000e+03 -1.194968936033546925e-03
4.979577148437500000e+03 -1.195708755403757095e-03
4.979142089843750000e+03 -1.196818775497376919e-03
4.978489746093750000e+03 -1.198483747430145741e-03
4.978245605468750000e+03 -1.199108664877712727e-03
4.977878417968750000e+03 -1.200045458972454071e-03
4.977740722656250000e+03 -1.200397033244371414e-03
4.977534667968750000e+03 -1.200924045406281948e-03
4.977225097656250000e+03 -1.201714621856808662e-03
4.976760742187500000e+03 -1.202900544740259647e-03
4.976602539062500000e+03 -1.203305204398930073e-03
4.976382324218750000e+03 -1.203867141157388687e-03
4.976217773437500000e+03 -1.204288448207080364e-03
4.975970214843750000e+03 -1.204920466989278793e-03
4.975599121093750000e+03 -1.205868553370237350e-03
4.975042480468750000e+03 -1.207290799356997013e-03
4.974833984375000000e+03 -1.207824563607573509e-03
4.974520507812500000e+03 -1.208624802529811859e-03
4.974050781250000000e+03 -1.209825044497847557e-03
4.973875000000000000e+03 -1.210275571793317795e-03
4.973610839843750000e+03 -1.210950897075235844e-03
4.973214355468750000e+03 -1.211963826790452003e-03
4.973065917968750000e+03 -1.212343922816216946e-03
4.972842773437500000e+03 -1.212913775816559792e-03
4.972508789062500000e+03 -1.213768613524734974e-03
4.972174316406250000e+03 -1.214623684063553810e-03
4.971839843750000000e+03 -1.215478638187050819e-03
4.971338378906250000e+03 -1.216761185787618160e-03
4.971150390625000000e+03 -1.217242563143372536e-03
4.970868164062500000e+03 -1.217963988892734051e-03
4.970762207031250000e+03 -1.218234770931303501e-03
4.970603515625000000e+03 -1.218640711158514023e-03
4.970365722656250000e+03 -1.219249563291668892e-03
4.970008789062500000e+03 -1.220162841491401196e-03
4.969874511718750000e+03 -1.220505568198859692e-03
4.969673828125000000e+03 -1.221019309014081955e-03
4.969372558593750000e+03 -1.221790094859898090e-03
4.969259765625000000e+03 -1.222079270519316196e-03
4.969090332031250000e+03 -1.222512801177799702e-03
4.968835937500000000e+03 -1.223163213580846786e-03
4.968454589843750000e+03 -1.224138773977756500e-03
4.967882812500000000e+03 -1.225602230988442898e-03
4.967668457031250000e+03 -1.226151478476822376e-03
4.967346679687500000e+03 -1.226974884048104286e-03
4.967226074218750000e+03 -1.227283733896911144e-03
4.967044921875000000e+03 -1.227746950462460518e-03
4.966773437500000000e+03 -1.228441717103123665e-03
4.966366210937500000e+03 -1.229483867064118385e-03
4.965755859375000000e+03 -1.231047324836254120e-03
4.964839355468750000e+03 -1.233392627909779549e-03
4.963465332031250000e+03 -1.236911281011998653e-03
4.961404296875000000e+03 -1.242190483026206493e-03
4.958312500000000000e+03 -1.250111847184598446e-03
4.958022460937500000e+03 -1.250859233550727367e-03
4.957805175781250000e+03 -1.251416397280991077e-03
4.957587890625000000e+03 -1.251973561011254787e-03
4.957261718750000000e+03 -1.252809306606650352e-03
4.956772460937500000e+03 -1.254063099622726440e-03
4.956588867187500000e+03 -1.254533533938229084e-03
4.956313964843750000e+03 -1.255238894373178482e-03
4.956038574218750000e+03 -1.255944254808127880e-03
4.955763671875000000e+03 -1.256649615243077278e-03
4.955488281250000000e+03 -1.257355092093348503e-03
4.955213378906250000e+03 -1.258060452528297901e-03
4.954937988281250000e+03 -1.258765929378569126e-03
4.954663085937500000e+03 -1.259471406228840351e-03
4.954387695312500000e+03 -1.260176883079111576e-03
4.954112792968750000e+03 -1.260882359929382801e-03
4.953837402343750000e+03 -1.261587836779654026e-03
4.953562500000000000e+03 -1.262293430045247078e-03
4.953287109375000000e+03 -1.262998906895518303e-03
4.953012207031250000e+03 -1.263704500161111355e-03
4.952805664062500000e+03 -1.264233724214136600e-03
4.952599609375000000e+03 -1.264762831851840019e-03
4.952521972656250000e+03 -1.264961436390876770e-03
4.952231933593750000e+03 -1.265705446712672710e-03
4.951970703125000000e+03 -1.266375184059143066e-03
4.951709472656250000e+03 -1.267044921405613422e-03
4.951448242187500000e+03 -1.267714658752083778e-03
4.951187011718750000e+03 -1.268384396098554134e-03
4.950926269531250000e+03 -1.269054133445024490e-03
4.950665039062500000e+03 -1.269723870791494846e-03
4.950403808593750000e+03 -1.270393608137965202e-03
4.950208007812500000e+03 -1.270895940251648426e-03
4.950011718750000000e+03 -1.271398155950009823e-03
4.949938476562500000e+03 -1.271586632356047630e-03
4.949828125000000000e+03 -1.271869172342121601e-03
4.949663085937500000e+03 -1.272292924113571644e-03
4.949415039062500000e+03 -1.272928551770746708e-03
4.949167480468750000e+03 -1.273564179427921772e-03
4.948919433593750000e+03 -1.274199807085096836e-03
4.948671386718750000e+03 -1.274835434742271900e-03
4.948455078125000000e+03 -1.275390502996742725e-03
4.920307617187500000e+03 -1.347608282230794430e-03
4.892160156250000000e+03 -1.419594394974410534e-03
4.864012695312500000e+03 -1.490849186666309834e-03
4.856975585937500000e+03 -1.508502522483468056e-03
4.849938964843750000e+03 -1.526027102954685688e-03
4.848179687500000000e+03 -1.530395122244954109e-03
4.845540527343750000e+03 -1.536921947263181210e-03
4.844551269531250000e+03 -1.539366901852190495e-03
4.844180175781250000e+03 -1.540282857604324818e-03
4.843809082031250000e+03 -1.541197882033884525e-03
4.843739257812500000e+03 -1.541369711048901081e-03
4.843604492187500000e+03 -1.541702076792716980e-03
4.843441406250000000e+03 -1.542104524560272694e-03
4.843292968750000000e+03 -1.542470767162740231e-03
4.843144042968750000e+03 -1.542837126180529594e-03
4.842995605468750000e+03 -1.543202903121709824e-03
4.842847167968750000e+03 -1.543564721941947937e-03
4.842744628906250000e+03 -1.543803722597658634e-03
4.842546386718750000e+03 -1.544144703075289726e-03
4.842463867187500000e+03 -1.544160419143736362e-03
4.842331542968750000e+03 -1.543454127386212349e-03
4.842172851562500000e+03 -1.539203454740345478e-03
4.842014160156250000e+03 -1.528152497485280037e-03
4.841855468750000000e+03 -1.513413968496024609e-03
4.841696777343750000e+03 -1.500679180026054382e-03
4.841617675781250000e+03 -1.495570293627679348e-03
4.841458984375000000e+03 -1.487356727011501789e-03
4.841339843750000000e+03 -1.482429797761142254e-03
4.841161132812500000e+03 -1.475375145673751831e-03
4.840982910156250000e+03 -1.466607325710356236e-03
4.840804199218750000e+03 -1.452473923563957214e-03
4.840737304687500000e+03 -1.445763278752565384e-03
4.840636718750000000e+03 -1.432457123883068562e-03
4.840485839843750000e+03 -1.405920716933906078e-03
4.840354003906250000e+03 -1.381680485792458057e-03
4.840142089843750000e+03 -1.353039988316595554e-03
4.840015136718750000e+03 -1.342364470474421978e-03
4.839888183593750000e+03 -1.335210399702191353e-03
4.839697265625000000e+03 -1.329221413470804691e-03
4.839411132812500000e+03 -1.325173885561525822e-03
4.838982421875000000e+03 -1.323037664406001568e-03
4.838338867187500000e+03 -1.322220428846776485e-03
4.837695800781250000e+03 -1.322049065493047237e-03
4.837052246093750000e+03 -1.322087482549250126e-03
4.836086914062500000e+03 -1.322278054431080818e-03
4.835864257812500000e+03 -1.322328229434788227e-03
4.807716796875000000e+03 -1.336808432824909687e-03
4.800679687500000000e+03 -1.341683790087699890e-03
4.793643066406250000e+03 -1.346871489658951759e-03
4.786605957031250000e+03 -1.352332532405853271e-03
4.779569335937500000e+03 -1.357949688099324703e-03
4.772532226562500000e+03 -1.363754621706902981e-03
4.765495117187500000e+03 -1.369636040180921555e-03
4.758458496093750000e+03 -1.375643652863800526e-03
4.751421386718750000e+03 -1.381668145768344402e-03
4.744384765625000000e+03 -1.387774827890098095e-03
4.737347656250000000e+03 -1.393812010064721107e-03
4.730311035156250000e+03 -1.399861183017492294e-03
4.723273925781250000e+03 -1.405794522725045681e-03
4.716236816406250000e+03 -1.411528675816953182e-03
4.709200195312500000e+03 -1.416850253008306026e-03
4.703922363281250000e+03 -1.419975305907428265e-03
4.703592773437500000e+03 -1.420161221176385880e-03
4.703262695312500000e+03 -1.420320826582610607e-03
4.702933105468750000e+03 -1.420455402694642544e-03
4.702437988281250000e+03 -1.420593587681651115e-03
4.702252441406250000e+03 -1.420637592673301697e-03
4.701974121093750000e+03 -1.420678338035941124e-03
4.701870117187500000e+03 -1.420690095983445644e-03
4.701713378906250000e+03 -1.420698012225329876e-03
4.701478515625000000e+03 -1.420680200681090355e-03
4.701126464843750000e+03 -1.420559710822999477e-03
4.700773925781250000e+03 -1.420288230292499065e-03
4.700421875000000000e+03 -1.419747481122612953e-03
4.700069335937500000e+03 -1.418695086613297462e-03
4.699717285156250000e+03 -1.416824175976216793e-03
4.699365234375000000e+03 -1.414511469192802906e-03
4.699012695312500000e+03 -1.412600744515657425e-03
4.698660644531250000e+03 -1.411372679285705090e-03
4.698308105468750000e+03 -1.410707016475498676e-03
4.697956054687500000e+03 -1.410412834957242012e-03
4.697427734375000000e+03 -1.410414348356425762e-03
4.696899414062500000e+03 -1.410625292919576168e-03
4.696371093750000000e+03 -1.410944503732025623e-03
4.695578613281250000e+03 -1.411518664099276066e-03
4.695126464843750000e+03 -1.411863253451883793e-03
4.693367187500000000e+03 -1.413271995261311531e-03
4.691607910156250000e+03 -1.414697617292404175e-03
4.689848632812500000e+03 -1.416135462932288647e-03
4.687209960937500000e+03 -1.418310799635946751e-03
4.683251464843750000e+03 -1.421591965481638908e-03
4.679293457031250000e+03 -1.424890593625605106e-03
4.675334960937500000e+03 -1.428198418579995632e-03
4.671376953125000000e+03 -1.431508688256144524e-03
4.667418457031250000e+03 -1.434815814718604088e-03
4.666978515625000000e+03 -1.435180194675922394e-03
4.663460449218750000e+03 -1.438114093616604805e-03
4.659941894531250000e+03 -1.441036933101713657e-03
4.656423339843750000e+03 -1.443946501240134239e-03
4.652904785156250000e+03 -1.446840818971395493e-03
4.649386230468750000e+03 -1.449716975912451744e-03
4.645868164062500000e+03 -1.452572178095579147e-03
4.642349609375000000e+03 -1.455403631553053856e-03
4.638831054687500000e+03 -1.458208425901830196e-03
4.637071777343750000e+03 -1.459598890505731106e-03
4.635312500000000000e+03 -1.460981089621782303e-03
4.633553222656250000e+03 -1.462356303818523884e-03
4.631793945312500000e+03 -1.463722786866128445e-03
4.630035156250000000e+03 -1.465080305933952332e-03
4.628275878906250000e+03 -1.466428162530064583e-03
4.626516601562500000e+03 -1.467765890993177891e-03
4.624757324218750000e+03 -1.469092909246683121e-03
4.622998046875000000e+03 -1.470408518798649311e-03
4.621238769531250000e+03 -1.471712137572467327e-03
4.619479492187500000e+03 -1.473003067076206207e-03
4.617720214843750000e+03 -1.474280608817934990e-03
4.615960937500000000e+03 -1.475543715059757233e-03
4.614202148437500000e+03 -1.476791338063776493e-03
4.612442871093750000e+03 -1.478022080846130848e-03
4.610683593750000000e+03 -1.479234779253602028e-03
4.610243652343750000e+03 -1.479531987570226192e-03
4.609803710937500000e+03 -1.479831407777965069e-03
4.609364257812500000e+03 -1.480128965340554714e-03
4.608704101562500000e+03 -1.480569131672382355e-03
4.607714843750000000e+03 -1.481229788623750210e-03
4.606230468750000000e+03 -1.482211402617394924e-03
4.604746093750000000e+03 -1.483164029195904732e-03
4.603261718750000000e+03 -1.484102336689829826e-03
4.601777343750000000e+03 -1.485008280724287033e-03
4.600292968750000000e+03 -1.485894783399999142e-03
4.598808593750000000e+03 -1.486737979575991631e-03
4.598437500000000000e+03 -1.486944966018199921e-03
4.598066406250000000e+03 -1.487148110754787922e-03
4.597695312500000000e+03 -1.487348694354295731e-03
4.597138671875000000e+03 -1.487643690779805183e-03
4.596303710937500000e+03 -1.488070236518979073e-03
4.595468750000000000e+03 -1.488474779762327671e-03
4.594633789062500000e+03 -1.488850452005863190e-03
4.594425292968750000e+03 -1.488940906710922718e-03
4.594216308593750000e+03 -1.489029265940189362e-03
4.593903320312500000e+03 -1.489156857132911682e-03
4.593433593750000000e+03 -1.489336369559168816e-03
4.592729003906250000e+03 -1.489568850956857204e-03
4.592553222656250000e+03 -1.489623333327472210e-03
4.592376953125000000e+03 -1.489674905315041542e-03
4.592112792968750000e+03 -1.489744754508137703e-03
4.591716308593750000e+03 -1.489828340709209442e-03
4.591567871093750000e+03 -1.489855814725160599e-03
4.591345214843750000e+03 -1.489887246862053871e-03
4.591010742187500000e+03 -1.489910297095775604e-03
4.590885253906250000e+03 -1.489914720878005028e-03
4.590697265625000000e+03 -1.489909132942557335e-03
4.590415039062500000e+03 -1.489870250225067139e-03
4.590150390625000000e+03 -1.489803777076303959e-03
4.589912597656250000e+03 -1.489686546847224236e-03
4.589823242187500000e+03 -1.489637070335447788e-03
4.589689453125000000e+03 -1.489539281465113163e-03
4.589488769531250000e+03 -1.489324145950376987e-03
4.589287597656250000e+03 -1.488994690589606762e-03
4.589086914062500000e+03 -1.488530659116804600e-03
4.588936035156250000e+03 -1.487860805355012417e-03
4.588860839843750000e+03 -1.487491535954177380e-03
4.588719726562500000e+03 -1.486347289755940437e-03
4.588582031250000000e+03 -1.481223851442337036e-03
4.588423339843750000e+03 -1.458207960240542889e-03
4.588303710937500000e+03 -1.468474278226494789e-03
4.588145996093750000e+03 -1.407253439538180828e-03
4.588018554687500000e+03 -1.382762216962873936e-03
4.587872070312500000e+03 -1.369515201076865196e-03
4.587657714843750000e+03 -1.360140740871429443e-03
4.587528808593750000e+03 -1.356836408376693726e-03
4.587399902343750000e+03 -1.354533247649669647e-03
4.587206542968750000e+03 -1.352410065010190010e-03
4.586916992187500000e+03 -1.350681297481060028e-03
4.586481933593750000e+03 -1.349540543742477894e-03
4.585829589843750000e+03 -1.349029131233692169e-03
4.584851562500000000e+03 -1.349064172245562077e-03
4.583384277343750000e+03 -1.349533325992524624e-03
4.582535644531250000e+03 -1.349854283034801483e-03
4.554387695312500000e+03 -1.361923757940530777e-03
4.526240234375000000e+03 -1.374930143356323242e-03
4.498092285156250000e+03 -1.388669363223016262e-03
4.469944824218750000e+03 -1.402983791194856167e-03
4.441797363281250000e+03 -1.417743857018649578e-03
4.413649414062500000e+03 -1.432798220776021481e-03
4.406612792968750000e+03 -1.436578226275742054e-03
4.399575683593750000e+03 -1.440357766114175320e-03
4.392539062500000000e+03 -1.444134046323597431e-03
4.385501953125000000e+03 -1.447891467250883579e-03
4.384622558593750000e+03 -1.448370632715523243e-03
4.383742675781250000e+03 -1.448839553631842136e-03
4.382863281250000000e+03 -1.449306611903011799e-03
4.381543945312500000e+03 -1.450005569495260715e-03
4.379564453125000000e+03 -1.451052725315093994e-03
4.376595703125000000e+03 -1.452614786103367805e-03
4.375482421875000000e+03 -1.453198376111686230e-03
4.374369140625000000e+03 -1.453780452720820904e-03
4.373256347656250000e+03 -1.454359968192875385e-03
4.371586425781250000e+03 -1.455227728001773357e-03
4.370959960937500000e+03 -1.455551944673061371e-03
4.370020507812500000e+03 -1.456036581657826900e-03
4.368611816406250000e+03 -1.456761616282165051e-03
4.368083496093750000e+03 -1.457032747566699982e-03
4.367291015625000000e+03 -1.457438222132623196e-03
4.366102050781250000e+03 -1.458042766898870468e-03
4.365656250000000000e+03 -1.458272454328835011e-03
4.364987304687500000e+03 -1.458611222915351391e-03
4.363984375000000000e+03 -1.459119026549160480e-03
4.363608398437500000e+03 -1.459309249185025692e-03
4.363043945312500000e+03 -1.459595048800110817e-03
4.362832519531250000e+03 -1.459701219573616982e-03
4.362515136718750000e+03 -1.459860941395163536e-03
4.362039062500000000e+03 -1.460099825635552406e-03
4.361324707031250000e+03 -1.460458501242101192e-03
4.361057128906250000e+03 -1.460594241507351398e-03
4.360655273437500000e+03 -1.460794126614928246e-03
4.360504882812500000e+03 -1.460869680158793926e-03
4.360278808593750000e+03 -1.460982952266931534e-03
4.359939941406250000e+03 -1.461152220144867897e-03
4.359431640625000000e+03 -1.461406121961772442e-03
4.358668945312500000e+03 -1.461786334402859211e-03
4.358383300781250000e+03 -1.461928943172097206e-03
4.357954101562500000e+03 -1.462142798118293285e-03
4.357354492187500000e+03 -1.462439657188951969e-03
4.357134277343750000e+03 -1.462550833821296692e-03
4.356914550781250000e+03 -1.462659565731883049e-03
4.356694824218750000e+03 -1.462768414057791233e-03
4.356364746093750000e+03 -1.462932094000279903e-03
4.355870117187500000e+03 -1.463177264668047428e-03
4.355127929687500000e+03 -1.463544089347124100e-03
4.354849609375000000e+03 -1.463684136979281902e-03
4.354432128906250000e+03 -1.463889610022306442e-03
4.354275390625000000e+03 -1.463967259041965008e-03
4.354040527343750000e+03 -1.464083441533148289e-03
4.353688476562500000e+03 -1.464258297346532345e-03
4.353160156250000000e+03 -1.464518485590815544e-03
4.352961914062500000e+03 -1.464616972953081131e-03
4.352664550781250000e+03 -1.464764121919870377e-03
4.352218750000000000e+03 -1.464984379708766937e-03
4.351550292968750000e+03 -1.465313136577606201e-03
4.351299316406250000e+03 -1.465438283048570156e-03
4.350923339843750000e+03 -1.465625129640102386e-03
4.350358886718750000e+03 -1.465905108489096165e-03
4.350217773437500000e+03 -1.465972512960433960e-03
4.350077148437500000e+03 -1.466041663661599159e-03
4.349865234375000000e+03 -1.466145273298025131e-03
4.349547851562500000e+03 -1.466300687752664089e-03
4.349071777343750000e+03 -1.466533867642283440e-03
4.348893554687500000e+03 -1.466622110456228256e-03
4.348625488281250000e+03 -1.466753310523927212e-03
4.348224121093750000e+03 -1.466950983740389347e-03
4.347621582031250000e+03 -1.467246096581220627e-03
4.347395507812500000e+03 -1.467357622459530830e-03
4.347310546875000000e+03 -1.467398717068135738e-03
4.347183593750000000e+03 -1.467460067942738533e-03
4.346993164062500000e+03 -1.467553200200200081e-03
4.346707031250000000e+03 -1.467692200094461441e-03
4.346278320312500000e+03 -1.467900467105209827e-03
4.346117187500000000e+03 -1.467979396693408489e-03
4.345875976562500000e+03 -1.468096626922488213e-03
4.345514160156250000e+03 -1.468271599151194096e-03
4.345378417968750000e+03 -1.468336558900773525e-03
4.345174804687500000e+03 -1.468434347771108150e-03
4.344869140625000000e+03 -1.468580798245966434e-03
4.344754882812500000e+03 -1.468636328354477882e-03
4.344583007812500000e+03 -1.468718517571687698e-03
4.344325195312500000e+03 -1.468841219320893288e-03
4.343938964843750000e+03 -1.469023874960839748e-03
4.343793945312500000e+03 -1.469092327170073986e-03
4.343576660156250000e+03 -1.469195005483925343e-03
4.343495117187500000e+03 -1.469233422540128231e-03
4.343373046875000000e+03 -1.469291048124432564e-03
4.343189453125000000e+03 -1.469376962631940842e-03
4.342914062500000000e+03 -1.469505950808525085e-03
4.342811035156250000e+03 -1.469553331844508648e-03
4.342656250000000000e+03 -1.469625043682754040e-03
4.342424316406250000e+03 -1.469730981625616550e-03
4.342206542968750000e+03 -1.469830167479813099e-03
4.342010742187500000e+03 -1.469918410293757915e-03
4.341716796875000000e+03 -1.470051240175962448e-03
4.341441406250000000e+03 -1.470171613618731499e-03
4.341193359375000000e+03 -1.470277667976915836e-03
4.340945312500000000e+03 -1.470382208935916424e-03
4.340883789062500000e+03 -1.470408169552683830e-03
4.340651367187500000e+03 -1.470504212193191051e-03
4.340441894531250000e+03 -1.470587565563619137e-03
4.340232910156250000e+03 -1.470668008551001549e-03
4.340023437500000000e+03 -1.470745424740016460e-03
4.339814453125000000e+03 -1.470821327529847622e-03
4.339709960937500000e+03 -1.470856834203004837e-03
4.339513671875000000e+03 -1.470919349230825901e-03
4.339337402343750000e+03 -1.470970222726464272e-03
4.339160644531250000e+03 -1.471015275456011295e-03
4.339028320312500000e+03 -1.471044961363077164e-03
4.338904296875000000e+03 -1.471066265366971493e-03
4.338708984375000000e+03 -1.471087569370865822e-03
4.338583007812500000e+03 -1.471084775403141975e-03
4.338457519531250000e+03 -1.471068710088729858e-03
4.338332031250000000e+03 -1.471033436246216297e-03
4.338143554687500000e+03 -1.470893854275345802e-03
4.338049316406250000e+03 -1.470754505135118961e-03
4.337907714843750000e+03 -1.470329356379806995e-03
4.337790039062500000e+03 -1.468990463763475418e-03
4.337630859375000000e+03 -1.465602428652346134e-03
4.337478515625000000e+03 -1.466251211240887642e-03
4.337359375000000000e+03 -1.466768444515764713e-03
4.337135742187500000e+03 -1.467480789870023727e-03
4.336934570312500000e+03 -1.467928756028413773e-03
4.336632812500000000e+03 -1.468429574742913246e-03
4.336179687500000000e+03 -1.468990347348153591e-03
4.335500488281250000e+03 -1.469644834287464619e-03
4.334481445312500000e+03 -1.470439718104898930e-03
4.333462890625000000e+03 -1.471149385906755924e-03
4.332443847656250000e+03 -1.471814000979065895e-03
4.331424804687500000e+03 -1.472454285249114037e-03
4.330406250000000000e+03 -1.473080948926508427e-03
4.329387207031250000e+03 -1.473699812777340412e-03
4.329206542968750000e+03 -1.473809010349214077e-03
4.301059082031250000e+03 -1.490739872679114342e-03
4.272911621093750000e+03 -1.508015673607587814e-03
4.244763671875000000e+03 -1.525630475953221321e-03
4.243004394531250000e+03 -1.526740379631519318e-03
4.241685058593750000e+03 -1.527573447674512863e-03
4.240365722656250000e+03 -1.528406864963471889e-03
4.238386718750000000e+03 -1.529658678919076920e-03
4.235417968750000000e+03 -1.531538786366581917e-03
4.233191406250000000e+03 -1.532950671389698982e-03
4.232634765625000000e+03 -1.533304573968052864e-03
4.231799804687500000e+03 -1.533834496513009071e-03
4.230547363281250000e+03 -1.534629496745765209e-03
4.228668945312500000e+03 -1.535822637379169464e-03
4.227964355468750000e+03 -1.536272582598030567e-03
4.226907714843750000e+03 -1.536945695988833904e-03
4.225322265625000000e+03 -1.537953736260533333e-03
4.224728027343750000e+03 -1.538333599455654621e-03
4.223836425781250000e+03 -1.538901822641491890e-03
4.222499023437500000e+03 -1.539754914119839668e-03
4.221496093750000000e+03 -1.540394849143922329e-03
4.220493164062500000e+03 -1.541035016998648643e-03
4.220116699218750000e+03 -1.541275414638221264e-03
4.219552734375000000e+03 -1.541636069305241108e-03
4.218706054687500000e+03 -1.542176702059805393e-03
4.218388671875000000e+03 -1.542379613965749741e-03
4.217912597656250000e+03 -1.542684040032327175e-03
4.217198730468750000e+03 -1.543140504509210587e-03
4.216616210937500000e+03 -1.543512800708413124e-03
4.216396484375000000e+03 -1.543653896078467369e-03
4.216176269531250000e+03 -1.543794758617877960e-03
4.215956542968750000e+03 -1.543935388326644897e-03
4.215626464843750000e+03 -1.544146332889795303e-03
4.215131835937500000e+03 -1.544462982565164566e-03
4.214389648437500000e+03 -1.544937957078218460e-03
4.213276367187500000e+03 -1.545650302432477474e-03
4.211606445312500000e+03 -1.546720042824745178e-03
4.209101562500000000e+03 -1.548323896713554859e-03
4.208866699218750000e+03 -1.548478496260941029e-03
4.208631835937500000e+03 -1.548629603348672390e-03
4.208397460937500000e+03 -1.548780594021081924e-03
4.208044921875000000e+03 -1.549006905406713486e-03
4.207516601562500000e+03 -1.549346139654517174e-03
4.206724121093750000e+03 -1.549854874610900879e-03
4.205535156250000000e+03 -1.550618442706763744e-03
4.203751953125000000e+03 -1.551763736642897129e-03
4.201077148437500000e+03 -1.553482725284993649e-03
4.197064941406250000e+03 -1.556064351461827755e-03
4.196688964843750000e+03 -1.556315226480364799e-03
4.196406738281250000e+03 -1.556497765704989433e-03
4.196124511718750000e+03 -1.556680188514292240e-03
4.195701171875000000e+03 -1.556953415274620056e-03
4.195066406250000000e+03 -1.557363080792129040e-03
4.194114257812500000e+03 -1.557977404445409775e-03
4.192686523437500000e+03 -1.558898831717669964e-03
4.192418457031250000e+03 -1.559073105454444885e-03
4.192284667968750000e+03 -1.559159718453884125e-03
4.192083984375000000e+03 -1.559289637953042984e-03
4.191782714843750000e+03 -1.559484284371137619e-03
4.191330566406250000e+03 -1.559776370413601398e-03
4.190652832031250000e+03 -1.560214441269636154e-03
4.189636230468750000e+03 -1.560871372930705547e-03
4.188468750000000000e+03 -1.561626442708075047e-03
4.188248535156250000e+03 -1.561769633553922176e-03
4.188138671875000000e+03 -1.561840763315558434e-03
4.187973632812500000e+03 -1.561947632580995560e-03
4.187726562500000000e+03 -1.562107820063829422e-03
4.187355468750000000e+03 -1.562347984872758389e-03
4.186798828125000000e+03 -1.562708290293812752e-03
4.186589843750000000e+03 -1.562843564897775650e-03
4.186276855468750000e+03 -1.563046360388398170e-03
4.185807128906250000e+03 -1.563350553624331951e-03
4.185630859375000000e+03 -1.563464640639722347e-03
4.185366699218750000e+03 -1.563635887578129768e-03
4.184970703125000000e+03 -1.563892583362758160e-03
4.184574218750000000e+03 -1.564149162732064724e-03
4.184178222656250000e+03 -1.564406091347336769e-03
4.183583496093750000e+03 -1.564791193231940269e-03
4.182691894531250000e+03 -1.565368962474167347e-03
4.181354492187500000e+03 -1.566235907375812531e-03
4.181229492187500000e+03 -1.566317863762378693e-03
4.181104003906250000e+03 -1.566399470902979374e-03
4.180978515625000000e+03 -1.566480845212936401e-03
4.180790527343750000e+03 -1.566603081300854683e-03
4.180508300781250000e+03 -1.566786202602088451e-03
4.180084960937500000e+03 -1.567060826346278191e-03
4.179450195312500000e+03 -1.567472703754901886e-03
4.178498046875000000e+03 -1.568090519867837429e-03
4.178141113281250000e+03 -1.568322652019560337e-03
4.177605468750000000e+03 -1.568670850247144699e-03
4.177404785156250000e+03 -1.568801351822912693e-03
4.177103515625000000e+03 -1.568997045978903770e-03
4.176651855468750000e+03 -1.569290761835873127e-03
4.176482421875000000e+03 -1.569400774314999580e-03
4.176228027343750000e+03 -1.569566084071993828e-03
4.175846679687500000e+03 -1.569813932292163372e-03
4.175274902343750000e+03 -1.570185413584113121e-03
4.174416992187500000e+03 -1.570742926560342312e-03
4.174095214843750000e+03 -1.570952706970274448e-03
4.173612792968750000e+03 -1.571266562677919865e-03
4.172888671875000000e+03 -1.571737346239387989e-03
4.171803222656250000e+03 -1.572443172335624695e-03
4.171701171875000000e+03 -1.572510111145675182e-03
4.171497558593750000e+03 -1.572642708197236061e-03
4.171345214843750000e+03 -1.572742126882076263e-03
4.171115722656250000e+03 -1.572891254909336567e-03
4.170772460937500000e+03 -1.573115005157887936e-03
4.170428710937500000e+03 -1.573338755406439304e-03
4.170085449218750000e+03 -1.573562272824347019e-03
4.169569824218750000e+03 -1.573897898197174072e-03
4.169376953125000000e+03 -1.574023859575390816e-03
4.169086914062500000e+03 -1.574212685227394104e-03
4.168652343750000000e+03 -1.574495923705399036e-03
4.168000000000000000e+03 -1.574920723214745522e-03
4.167755371093750000e+03 -1.575080328620970249e-03
4.167388671875000000e+03 -1.575319445692002773e-03
4.166838378906250000e+03 -1.575678004883229733e-03
4.166631835937500000e+03 -1.575812580995261669e-03
4.166322265625000000e+03 -1.576014445163309574e-03
4.166206054687500000e+03 -1.576090115122497082e-03
4.166032226562500000e+03 -1.576203620061278343e-03
4.165770996093750000e+03 -1.576373935677111149e-03
4.165379394531250000e+03 -1.576629467308521271e-03
4.165232421875000000e+03 -1.576725277118384838e-03
4.165011718750000000e+03 -1.576868933625519276e-03
4.164681640625000000e+03 -1.577084651216864586e-03
4.164185546875000000e+03 -1.577407820150256157e-03
4.163999511718750000e+03 -1.577529241330921650e-03
4.163720703125000000e+03 -1.577711314894258976e-03
4.163616210937500000e+03 -1.577779650688171387e-03
4.163459472656250000e+03 -1.577881979756057262e-03
4.163224121093750000e+03 -1.578035531565546989e-03
4.163135742187500000e+03 -1.578093157149851322e-03
4.162804687500000000e+03 -1.578309107571840286e-03
4.162506835937500000e+03 -1.578503521159291267e-03
4.162060058593750000e+03 -1.578795141540467739e-03
4.161892578125000000e+03 -1.578904455527663231e-03
4.161641601562500000e+03 -1.579068601131439209e-03
4.161547363281250000e+03 -1.579130068421363831e-03
4.161405761718750000e+03 -1.579222385771572590e-03
4.161193847656250000e+03 -1.579360803589224815e-03
4.160875976562500000e+03 -1.579568488523364067e-03
4.160398925781250000e+03 -1.579879899509251118e-03
4.160320800781250000e+03 -1.579930889420211315e-03
4.160101074218750000e+03 -1.580074545927345753e-03
4.159991210937500000e+03 -1.580146374180912971e-03
4.159826171875000000e+03 -1.580254058353602886e-03
4.159578613281250000e+03 -1.580415642820298672e-03
4.159346679687500000e+03 -1.580567331984639168e-03
4.159138183593750000e+03 -1.580703654326498508e-03
4.158942382812500000e+03 -1.580831594765186310e-03
4.158766113281250000e+03 -1.580946613103151321e-03
4.158501953125000000e+03 -1.581119140610098839e-03
4.158105957031250000e+03 -1.581378164701163769e-03
4.157511230468750000e+03 -1.581766526214778423e-03
4.157288574218750000e+03 -1.581912511028349400e-03
4.157205078125000000e+03 -1.581967226229608059e-03
4.157079589843750000e+03 -1.582049182616174221e-03
4.156891601562500000e+03 -1.582172117196023464e-03
4.156609375000000000e+03 -1.582356635481119156e-03
4.156186035156250000e+03 -1.582633121870458126e-03
4.156027343750000000e+03 -1.582736964337527752e-03
4.155789550781250000e+03 -1.582892611622810364e-03
4.155566406250000000e+03 -1.583038829267024994e-03
4.155365722656250000e+03 -1.583170145750045776e-03
4.155064453125000000e+03 -1.583367004059255123e-03
4.154612304687500000e+03 -1.583662698976695538e-03
4.154442871093750000e+03 -1.583773526363074780e-03
4.154188476562500000e+03 -1.583939883857965469e-03
4.154093261718750000e+03 -1.584002282470464706e-03
4.153950195312500000e+03 -1.584095763973891735e-03
4.153735839843750000e+03 -1.584236160852015018e-03
4.153414062500000000e+03 -1.584446639753878117e-03
4.153112792968750000e+03 -1.584644196555018425e-03
4.152841308593750000e+03 -1.584821729920804501e-03
4.152586914062500000e+03 -1.584988436661660671e-03
4.152357910156250000e+03 -1.585138263180851936e-03
4.152014160156250000e+03 -1.585363061167299747e-03
4.151499023437500000e+03 -1.585700549185276031e-03
4.151305664062500000e+03 -1.585827092640101910e-03
4.151124511718750000e+03 -1.585945719853043556e-03
4.150961425781250000e+03 -1.586052589118480682e-03
4.150716796875000000e+03 -1.586212660185992718e-03
4.150350097656250000e+03 -1.586452941410243511e-03
4.149799804687500000e+03 -1.586813246831297874e-03
4.148974121093750000e+03 -1.587353879585862160e-03
4.148896972656250000e+03 -1.587404869496822357e-03
4.148742187500000000e+03 -1.587506383657455444e-03
4.148625976562500000e+03 -1.587582402862608433e-03
4.148451660156250000e+03 -1.587696489877998829e-03
4.148190917968750000e+03 -1.587867620401084423e-03
4.147798828125000000e+03 -1.588124316185712814e-03
4.147211425781250000e+03 -1.588509418070316315e-03
4.146991210937500000e+03 -1.588654122315347195e-03
4.146908203125000000e+03 -1.588708255439996719e-03
4.146784179687500000e+03 -1.588789513334631920e-03
4.146598632812500000e+03 -1.588911400176584721e-03
4.146319335937500000e+03 -1.589094288647174835e-03
4.146214843750000000e+03 -1.589162857271730900e-03
4.146058105468750000e+03 -1.589265768416225910e-03
4.145822753906250000e+03 -1.589420018717646599e-03
4.145587402343750000e+03 -1.589574385434389114e-03
4.145352050781250000e+03 -1.589728635735809803e-03
4.144999023437500000e+03 -1.589960185810923576e-03
4.144469726562500000e+03 -1.590307336300611496e-03
4.143675292968750000e+03 -1.590828062035143375e-03
4.143526367187500000e+03 -1.590926083736121655e-03
4.143303222656250000e+03 -1.591072883456945419e-03
4.142968261718750000e+03 -1.591292559169232845e-03
4.142465332031250000e+03 -1.591622247360646725e-03
4.142277343750000000e+03 -1.591746229678392410e-03
4.141994628906250000e+03 -1.591931679286062717e-03
4.141729492187500000e+03 -1.592105720192193985e-03
4.141490722656250000e+03 -1.592262298800051212e-03
4.141132812500000000e+03 -1.592496992088854313e-03
4.140596191406250000e+03 -1.592849264852702618e-03
4.140395019531250000e+03 -1.592981512658298016e-03
4.140093261718750000e+03 -1.593179767951369286e-03
4.139979980468750000e+03 -1.593254273757338524e-03
4.139810058593750000e+03 -1.593365799635648727e-03
4.139746582031250000e+03 -1.593407592736184597e-03
4.139507812500000000e+03 -1.593564404174685478e-03
4.139292968750000000e+03 -1.593705499544739723e-03
4.138970214843750000e+03 -1.593917375430464745e-03
4.138849609375000000e+03 -1.593996654264628887e-03
4.138667968750000000e+03 -1.594115747138857841e-03
4.138600097656250000e+03 -1.594160567037761211e-03
4.138498046875000000e+03 -1.594227505847811699e-03
4.138345214843750000e+03 -1.594328088685870171e-03
4.138115722656250000e+03 -1.594478846527636051e-03
4.137771484375000000e+03 -1.594705041497945786e-03
4.137642089843750000e+03 -1.594789908267557621e-03
4.137448730468750000e+03 -1.594917033798992634e-03
4.137375976562500000e+03 -1.594964880496263504e-03
4.137103515625000000e+03 -1.595143694430589676e-03
4.136858886718750000e+03 -1.595304813235998154e-03
4.136766601562500000e+03 -1.595365116372704506e-03
4.136628906250000000e+03 -1.595455803908407688e-03
4.136421875000000000e+03 -1.595591777004301548e-03
4.136344726562500000e+03 -1.595642650499939919e-03
4.136228027343750000e+03 -1.595719135366380215e-03
4.136053710937500000e+03 -1.595833920873701572e-03
4.135791992187500000e+03 -1.596005866304039955e-03
4.135399414062500000e+03 -1.596263842657208443e-03
4.135252441406250000e+03 -1.596360583789646626e-03
4.135031250000000000e+03 -1.596505753695964813e-03
4.134948730468750000e+03 -1.596560352481901646e-03
4.134824218750000000e+03 -1.596641959622502327e-03
4.134638183593750000e+03 -1.596764544956386089e-03
4.134358398437500000e+03 -1.596948248334228992e-03
4.133939453125000000e+03 -1.597223803400993347e-03
4.133782226562500000e+03 -1.597327296622097492e-03
4.133546386718750000e+03 -1.597482361830770969e-03
4.133325195312500000e+03 -1.597627764567732811e-03
4.133126464843750000e+03 -1.597758615389466286e-03
4.132827636718750000e+03 -1.597954891622066498e-03
4.132715820312500000e+03 -1.598028582520782948e-03
4.132547851562500000e+03 -1.598138944245874882e-03
4.132390625000000000e+03 -1.598242437466979027e-03
4.132249023437500000e+03 -1.598335686139762402e-03
4.132173339843750000e+03 -1.598385511897504330e-03
4.131953613281250000e+03 -1.598530216142535210e-03
4.131843261718750000e+03 -1.598602510057389736e-03
4.131678710937500000e+03 -1.598711009137332439e-03
4.131523925781250000e+03 -1.598812756128609180e-03
4.131384765625000000e+03 -1.598904258571565151e-03
4.131176269531250000e+03 -1.599041628651320934e-03
4.130980468750000000e+03 -1.599170383997261524e-03
4.130804199218750000e+03 -1.599286333657801151e-03
4.130738281250000000e+03 -1.599329756572842598e-03
4.130490722656250000e+03 -1.599492738023400307e-03
4.130267578125000000e+03 -1.599639421328902245e-03
4.130184082031250000e+03 -1.599694369360804558e-03
4.130058593750000000e+03 -1.599776907823979855e-03
4.129870605468750000e+03 -1.599900657311081886e-03
4.129588378906250000e+03 -1.600086456164717674e-03
4.129482910156250000e+03 -1.600156072527170181e-03
4.129324218750000000e+03 -1.600260497070848942e-03
4.129175292968750000e+03 -1.600358402356505394e-03
4.129041503906250000e+03 -1.600446528755128384e-03
4.128840332031250000e+03 -1.600578776560723782e-03
4.128539062500000000e+03 -1.600777031853795052e-03
4.128426269531250000e+03 -1.600851421244442463e-03
4.128256835937500000e+03 -1.600963063538074493e-03
4.128002441406250000e+03 -1.601130352355539799e-03
4.127907226562500000e+03 -1.601193216629326344e-03
4.127764160156250000e+03 -1.601287280209362507e-03
4.127549804687500000e+03 -1.601428491994738579e-03
4.127228027343750000e+03 -1.601640251465141773e-03
4.126926757812500000e+03 -1.601838856004178524e-03
4.126655273437500000e+03 -1.602017786353826523e-03
4.126400390625000000e+03 -1.602185308001935482e-03
4.126257324218750000e+03 -1.602279604412615299e-03
4.125935546875000000e+03 -1.602491713128983974e-03
4.125645507812500000e+03 -1.602682634256780148e-03
4.125536621093750000e+03 -1.602754229679703712e-03
4.125374023437500000e+03 -1.602861681021749973e-03
4.125220703125000000e+03 -1.602962380275130272e-03
4.125083496093750000e+03 -1.603052951395511627e-03
4.124876953125000000e+03 -1.603188924491405487e-03
4.124567382812500000e+03 -1.603392767719924450e-03
4.124277343750000000e+03 -1.603584038093686104e-03
4.124114257812500000e+03 -1.603691605851054192e-03
4.123967285156250000e+03 -1.603788346983492374e-03
4.123829589843750000e+03 -1.603879150934517384e-03
4.123705566406250000e+03 -1.603960758075118065e-03
4.123519531250000000e+03 -1.604083226993680000e-03
4.123345214843750000e+03 -1.604198245331645012e-03
4.123188476562500000e+03 -1.604301622137427330e-03
4.123129394531250000e+03 -1.604340388439595699e-03
4.122908691406250000e+03 -1.604485674761235714e-03
4.122710449218750000e+03 -1.604616525582969189e-03
4.122524414062500000e+03 -1.604739227332174778e-03
4.122356445312500000e+03 -1.604849705472588539e-03
4.122105468750000000e+03 -1.605015248060226440e-03
4.121728515625000000e+03 -1.605263678357005119e-03
4.121586914062500000e+03 -1.605356810614466667e-03
4.121375000000000000e+03 -1.605496625415980816e-03
4.121295410156250000e+03 -1.605549128726124763e-03
4.121176269531250000e+03 -1.605627709068357944e-03
4.120997558593750000e+03 -1.605745637789368629e-03
4.120818359375000000e+03 -1.605863566510379314e-03
4.120639648437500000e+03 -1.605981495231389999e-03
4.120371093750000000e+03 -1.606158330105245113e-03
4.119968750000000000e+03 -1.606423873454332352e-03
4.119817871093750000e+03 -1.606523292139172554e-03
4.119591308593750000e+03 -1.606672652997076511e-03
4.119506347656250000e+03 -1.606728648766875267e-03
4.119187988281250000e+03 -1.606938545592129230e-03
4.118997070312500000e+03 -1.607064623385667801e-03
4.118806152343750000e+03 -1.607190468348562717e-03
4.118734375000000000e+03 -1.607237849384546280e-03
4.118626953125000000e+03 -1.607308746315538883e-03
4.118465820312500000e+03 -1.607415033504366875e-03
4.118314453125000000e+03 -1.607514685019850731e-03
4.118178710937500000e+03 -1.607604324817657471e-03
4.117974609375000000e+03 -1.607739017345011234e-03
4.117897949218750000e+03 -1.607789425179362297e-03
4.117783203125000000e+03 -1.607865095138549805e-03
4.117611328125000000e+03 -1.607978600077331066e-03
4.117353027343750000e+03 -1.608148799277842045e-03
4.117110839843750000e+03 -1.608308637514710426e-03
4.116852050781250000e+03 -1.608479302376508713e-03
4.116668457031250000e+03 -1.608600490726530552e-03
4.116392578125000000e+03 -1.608782447874546051e-03
4.116134277343750000e+03 -1.608952879905700684e-03
4.115901367187500000e+03 -1.609106431715190411e-03
4.115814453125000000e+03 -1.609163940884172916e-03
4.115683593750000000e+03 -1.609250321052968502e-03
4.115487304687500000e+03 -1.609379891306161880e-03
4.115192871093750000e+03 -1.609574072062969208e-03
4.115082519531250000e+03 -1.609647064469754696e-03
4.114916503906250000e+03 -1.609756378456950188e-03
4.114854492187500000e+03 -1.609797240234911442e-03
4.114621582031250000e+03 -1.609951024875044823e-03
4.114412109375000000e+03 -1.610089209862053394e-03
4.114097656250000000e+03 -1.610296661965548992e-03
4.113625976562500000e+03 -1.610607956536114216e-03
4.112918457031250000e+03 -1.611074432730674744e-03
4.112852539062500000e+03 -1.611119019798934460e-03
4.112719726562500000e+03 -1.611206447705626488e-03
4.112471191406250000e+03 -1.611370476894080639e-03
4.112415039062500000e+03 -1.611407496966421604e-03
4.112205078125000000e+03 -1.611545914784073830e-03
4.112158203125000000e+03 -1.611577114090323448e-03
4.111980957031250000e+03 -1.611693995073437691e-03
4.111821777343750000e+03 -1.611799118109047413e-03
4.111761718750000000e+03 -1.611838699318468571e-03
4.111537597656250000e+03 -1.611986546777188778e-03
4.111335937500000000e+03 -1.612119725905358791e-03
4.111033691406250000e+03 -1.612319261766970158e-03
4.110919921875000000e+03 -1.612394349649548531e-03
4.110750000000000000e+03 -1.612506690435111523e-03
4.110590332031250000e+03 -1.612612046301364899e-03
4.110446777343750000e+03 -1.612706924788653851e-03
4.110231445312500000e+03 -1.612849067896604538e-03
4.110150878906250000e+03 -1.612902386114001274e-03
4.110029296875000000e+03 -1.612982363440096378e-03
4.109847656250000000e+03 -1.613102387636899948e-03
4.109779785156250000e+03 -1.613147323951125145e-03
4.109523925781250000e+03 -1.613316126167774200e-03
4.109293945312500000e+03 -1.613467931747436523e-03
4.109208007812500000e+03 -1.613524858839809895e-03
4.109078613281250000e+03 -1.613610307686030865e-03
4.108884277343750000e+03 -1.613738480955362320e-03
4.108702636718750000e+03 -1.613858621567487717e-03
4.108538574218750000e+03 -1.613966771401464939e-03
4.108293457031250000e+03 -1.614128937944769859e-03
4.108201171875000000e+03 -1.614189823158085346e-03
4.108062988281250000e+03 -1.614281092770397663e-03
4.107855957031250000e+03 -1.614417880773544312e-03
4.107777832031250000e+03 -1.614469219930469990e-03
4.107661621093750000e+03 -1.614546170458197594e-03
4.107486816406250000e+03 -1.614661654457449913e-03
4.107224609375000000e+03 -1.614834880456328392e-03
4.106978515625000000e+03 -1.614997279830276966e-03
4.106757324218750000e+03 -1.615143497474491596e-03
4.106674316406250000e+03 -1.615198329091072083e-03
4.106549804687500000e+03 -1.615280518308281898e-03
4.106363281250000000e+03 -1.615403918549418449e-03
4.106083007812500000e+03 -1.615588786080479622e-03
4.105978027343750000e+03 -1.615658286027610302e-03
4.105820312500000000e+03 -1.615762361325323582e-03
4.105672851562500000e+03 -1.615859917365014553e-03
4.105540039062500000e+03 -1.615947694517672062e-03
4.105415039062500000e+03 -1.616030116565525532e-03
4.105134765625000000e+03 -1.616215333342552185e-03
4.104977050781250000e+03 -1.616319525055587292e-03
4.104834960937500000e+03 -1.616413239389657974e-03
4.104622070312500000e+03 -1.616553985513746738e-03
4.104542480468750000e+03 -1.616606721654534340e-03
4.104422851562500000e+03 -1.616685884073376656e-03
4.104243164062500000e+03 -1.616804627701640129e-03
4.104107421875000000e+03 -1.616894267499446869e-03
4.104025878906250000e+03 -1.616948167793452740e-03
