5.652101074218750000e+03 0.000000000000000000e+00
5.652097656250000000e+03 -5.224160304351244122e-08
5.652070800781250000e+03 -4.115454999009671155e-07
5.652005371093750000e+03 -1.273925931855046656e-06
5.651870117187500000e+03 -3.054008402614272200e-06
5.651667480468750000e+03 -5.713649898098083213e-06
5.651373535156250000e+03 -9.568138011672999710e-06
5.650933593750000000e+03 -1.533098657091613859e-05
5.650398925781250000e+03 -2.232848783023655415e-05
5.649662109375000000e+03 -3.195516546838916838e-05
5.648822265625000000e+03 -4.292741505196318030e-05
5.647722656250000000e+03 -5.728490577894262969e-05
5.646517578125000000e+03 -7.300049037439748645e-05
5.644992187500000000e+03 -9.288662113249301910e-05
5.643367675781250000e+03 -1.140492240665480494e-04
5.641358886718750000e+03 -1.401897461619228125e-04
5.639263183593750000e+03 -1.674341474426910281e-04
5.636924316406250000e+03 -1.978010986931622028e-04
5.634104492187500000e+03 -2.343601081520318985e-04
5.631227050781250000e+03 -2.716017770580947399e-04
5.627801269531250000e+03 -3.158449835609644651e-04
5.624344726562500000e+03 -3.603658115025609732e-04
5.620270996093750000e+03 -4.126505227759480476e-04
5.616198242187500000e+03 -4.646832821890711784e-04
5.611438476562500000e+03 -5.251161055639386177e-04
5.606716796875000000e+03 -5.845637060701847076e-04
5.601673339843750000e+03 -6.473370594903826714e-04
5.595838867187500000e+03 -7.186662405729293823e-04
5.590104492187500000e+03 -7.868278189562261105e-04
5.583508789062500000e+03 -8.615464321337640285e-04
5.577060546875000000e+03 -9.283311082981526852e-04
5.569679687500000000e+03 -9.912737878039479256e-04
5.562497070312500000e+03 -1.028882805258035660e-03
5.554311035156250000e+03 -1.039482653141021729e-03
5.546377441406250000e+03 -1.041892915964126587e-03
5.537370605468750000e+03 -1.050837687216699123e-03
5.528672851562500000e+03 -1.065721269696950912e-03
5.519604492187500000e+03 -1.086061354726552963e-03
5.509359863281250000e+03 -1.113489270210266113e-03
5.499513671875000000e+03 -1.143240020610392094e-03
5.488422851562500000e+03 -1.179910846985876560e-03
5.477793457031250000e+03 -1.217631273902952671e-03
5.465852050781250000e+03 -1.262456877157092094e-03
5.454436523437500000e+03 -1.307314378209412098e-03
5.441643554687500000e+03 -1.359433284960687160e-03
5.429442382812500000e+03 -1.410505967214703560e-03
5.416864746093750000e+03 -1.464041881263256073e-03
5.402815917968750000e+03 -1.524159801192581654e-03
5.389458496093750000e+03 -1.580665702931582928e-03
5.374568359375000000e+03 -1.641240785829722881e-03
5.360438476562500000e+03 -1.693905680440366268e-03
5.344715820312500000e+03 -1.742500578984618187e-03
5.329822753906250000e+03 -1.773372991010546684e-03
5.313279785156250000e+03 -1.787834917195141315e-03
5.297635253906250000e+03 -1.790202688425779343e-03
5.280286132812500000e+03 -1.792486873455345631e-03
5.263905273437500000e+03 -1.797760371118783951e-03
5.247176757812500000e+03 -1.805232139304280281e-03
5.228666015625000000e+03 -1.811564899981021881e-03
5.211226562500000000e+03 -1.809584791772067547e-03
5.191956542968750000e+03 -1.792674651369452477e-03
5.173825683593750000e+03 -1.797444187104701996e-03
5.153818359375000000e+03 -1.826291205361485481e-03
5.135018066406250000e+03 -1.855710055679082870e-03
5.114298339843750000e+03 -1.887653721496462822e-03
5.094852539062500000e+03 -1.919473870657384396e-03
5.075105957031250000e+03 -1.953344559296965599e-03
5.053381347656250000e+03 -1.991372322663664818e-03
5.033027832031250000e+03 -2.027865732088685036e-03
5.010660644531250000e+03 -2.069053240120410919e-03
4.989728027343750000e+03 -2.108230488374829292e-03
4.966749023437500000e+03 -2.151889959350228310e-03
4.945266601562500000e+03 -2.193396911025047302e-03
4.921708984375000000e+03 -2.239514840766787529e-03
4.899708496093750000e+03 -2.283085603266954422e-03
4.875606445312500000e+03 -2.331422409042716026e-03
4.853119628906250000e+03 -2.377057448029518127e-03
4.830411621093750000e+03 -2.423629397526383400e-03
4.805570312500000000e+03 -2.475170185789465904e-03
4.782426269531250000e+03 -2.523771487176418304e-03
4.757131835937500000e+03 -2.577530452981591225e-03
4.733587402343750000e+03 -2.628199057653546333e-03
4.707878906250000000e+03 -2.684261882677674294e-03
4.683970214843750000e+03 -2.737117931246757507e-03
4.657887207031250000e+03 -2.795604988932609558e-03
4.633651855468750000e+03 -2.850756514817476273e-03
4.609273437500000000e+03 -2.907056128606200218e-03
4.582711425781250000e+03 -2.969370223581790924e-03
4.558062500000000000e+03 -3.028139704838395119e-03
4.531228515625000000e+03 -3.093180246651172638e-03
4.506348632812500000e+03 -3.154512727633118629e-03
4.479286132812500000e+03 -3.222368890419602394e-03
4.454214355468750000e+03 -3.286324208602309227e-03
4.426966308593750000e+03 -3.357048379257321358e-03
4.401743164062500000e+03 -3.423663089051842690e-03
4.374353027343750000e+03 -3.497267607599496841e-03
4.349019042968750000e+03 -3.566536121070384979e-03
4.322588867187500000e+03 -3.640034003183245659e-03
4.296656738281250000e+03 -3.713376820087432861e-03
4.269644531250000000e+03 -3.791077295318245888e-03
4.244211914062500000e+03 -3.865458071231842041e-03
4.217597656250000000e+03 -3.944566939026117325e-03
4.191050292968750000e+03 -4.024776630103588104e-03
4.165318359375000000e+03 -4.103762097656726837e-03
4.138729003906250000e+03 -4.186659120023250580e-03
4.112580078125000000e+03 -4.269449971616268158e-03
4.085721435546875000e+03 -4.355789162218570709e-03
4.059212402343750000e+03 -4.442293196916580200e-03
4.033204589843750000e+03 -4.528399091213941574e-03
4.007651855468750000e+03 -4.614182282239198685e-03
3.981550781250000000e+03 -4.703008104115724564e-03
3.956542724609375000e+03 -4.789241123944520950e-03
3.930909667968750000e+03 -4.878757055848836899e-03
3.904852783203125000e+03 -4.970898851752281189e-03
3.879520751953125000e+03 -5.061550065875053406e-03
3.854171875000000000e+03 -5.153257399797439575e-03
3.829314208984375000e+03 -5.244048777967691422e-03
3.804589111328125000e+03 -5.334956571459770203e-03
3.779764160156250000e+03 -5.426303949207067490e-03
3.754655517578125000e+03 -5.517255514860153198e-03
3.730482177734375000e+03 -5.599567200988531113e-03
3.706372314453125000e+03 -5.666721612215042114e-03
3.682278564453125000e+03 -5.700553767383098602e-03
3.658583740234375000e+03 -5.693770945072174072e-03
3.635042724609375000e+03 -5.675864871591329575e-03
3.611590820312500000e+03 -5.663513205945491791e-03
3.588485839843750000e+03 -5.599025171250104904e-03
3.566055908203125000e+03 -5.116985645145177841e-03
3.543572998046875000e+03 -4.549658391624689102e-03
3.537014892578125000e+03 -4.171350970864295959e-03
