1.645887049613486765e-07
8.954711205112354908e-05
2.936832588757841856e-04
5.017282872448765437e-04
7.555408293999130815e-04
1.034440472584588185e-03
1.345200815606143125e-03
1.690490338371504865e-03
2.071162093066908870e-03
2.487213456411415443e-03
2.938161144238578444e-03
3.423182863386501056e-03
3.941279562158257234e-03
4.491305498744121646e-03
5.072024669373740094e-03
5.682163757564443959e-03
6.320489458567059640e-03
6.985812813923443498e-03
7.677076824166025916e-03
8.393335714140958206e-03
9.133777494315009973e-03
9.897713019821403890e-03
1.068459731562516023e-02
1.149396552016893405e-02
1.232546771479694700e-02
1.317881567892235407e-02
1.405377657190378694e-02
1.495018598326416752e-02
1.586793587192531635e-02
1.680695031428011688e-02
1.776719721002525260e-02
1.874869310590381380e-02
1.975149640567006037e-02
2.077570139463939813e-02
2.182144204988551231e-02
2.288887007258572082e-02
2.397819367010202082e-02
2.508963813783752703e-02
2.622347022317538662e-02
2.738000791285671170e-02
2.855957200930083623e-02
2.976256163827659812e-02
3.098939192847545085e-02
3.224063039189319080e-02
3.351658534297868169e-02
3.481790633779513477e-02
3.614516507079285068e-02
3.751003856781677526e-02
3.882791729926578228e-02
4.023679925254943640e-02
4.167130652852634592e-02
4.313696824636173432e-02
4.486015699732566475e-02
4.666780095093692876e-02
4.848486901198412191e-02
5.031043134801599370e-02
5.212791939490006576e-02
5.386914056079999263e-02
5.561200166910299642e-02
5.874271076477158987e-02
6.079493119841899301e-02
6.289150303454994761e-02
6.503561545181102410e-02
6.723374992114974913e-02
6.949600388782822824e-02
7.184248031242902732e-02
7.305421419266984462e-02
7.562069132533941196e-02
7.859316246435837927e-02
8.488760036500649087e-02
8.760611280886991536e-02
9.026855914382761470e-02
9.258507634119203522e-02
9.523722920552958604e-02
9.791279179525062826e-02
1.006327325954857743e-01
1.086259259817422135e-01
1.121068166797161841e-01
1.138511321492596817e-01
1.162515427491184056e-01
1.186625536584838408e-01
1.210848695860448770e-01
1.235190596369654253e-01
1.259659384101750323e-01
1.284256995123103928e-01
1.308990935559090907e-01
1.333862692758902013e-01
1.358886206304332489e-01
1.380911467119457781e-01
1.405513477415104018e-01
1.430103082493735245e-01
1.455588630841130326e-01
1.486086894809272307e-01
1.521401017586828108e-01
1.547237936451681672e-01
1.573277025301053900e-01
1.599538374663142803e-01
1.626028498663671384e-01
1.652752105175411546e-01
1.663052434370694277e-01
1.689597633091151352e-01
1.716801688202727050e-01
1.731480413115889794e-01
