0.000000000000000000e+00
5.575503985246929189e-08
1.246720591983312511e-07
4.246177330248092064e-07
1.074331353168296920e-06
2.060459377461274164e-06
3.486680673600291076e-06
5.632836033140084257e-06
8.246793192124041459e-06
1.185379646077425353e-05
1.598485560387929224e-05
2.140790247142228299e-05
2.737590300991845575e-05
3.502877294778547923e-05
4.362450778802236544e-05
6.290655404135485145e-05
1.610500117870499175e-04
2.193522151845019952e-04
3.366583438669606097e-04
4.138192847060539830e-04
5.331426205777397079e-04
6.414889095805651181e-04
7.703409639847174631e-04
9.043163942898897528e-04
1.061060478704528446e-03
1.221181714490820894e-03
1.398234598821021133e-03
1.608752014469028591e-03
1.822630528912260123e-03
2.077742734124857736e-03
2.335390915345073731e-03
2.640417470478701074e-03
2.947773874376760986e-03
3.309787781195016026e-03
3.672231244776693899e-03
4.097199729094858425e-03
4.519993114685879644e-03
4.972416115705780362e-03
5.495723428259122710e-03
6.007978261975298849e-03
6.592079485485420783e-03
7.156042138027372129e-03
7.795806618896983751e-03
8.406658621390778255e-03
8.862383918641218369e-03
6.597708194236340425e-03
7.468406782403896361e-03
8.251685423137367081e-03
8.695583847501601668e-03
9.430577692209993201e-03
1.024823744294847162e-02
1.109336609468099602e-02
1.184436321751453601e-02
1.281532445807384568e-02
1.370815723995232743e-02
1.465883930312874943e-02
1.562896955093202520e-02
1.663074910140247345e-02
1.772314831920788342e-02
1.880144218089399924e-02
2.003332421631603966e-02
2.120869627608622590e-02
2.255975604915839636e-02
2.387837514334550243e-02
2.536461457776788622e-02
2.680604003647139508e-02
2.832028863757175483e-02
3.003247070835172658e-02
3.168690001010662088e-02
3.356606148265257189e-02
3.537644884303853959e-02
3.742516673691372031e-02
3.940347664026701280e-02
4.164063938882505561e-02
4.379515218397107834e-02
4.623145887432734275e-02
4.857600241224605681e-02
5.101409924316300387e-02
5.376368634211343978e-02
5.640080533871053708e-02
5.936176062078420829e-02
6.219094344850564782e-02
6.544979785461361999e-02
6.883542473266107686e-02
7.226544474373397531e-02
7.560549496983233475e-02
7.935471727396324615e-02
8.390064656059942338e-02
8.876198414225494604e-02
1.009802227439832861e-01
1.096689261584846281e-01
1.129437093854883806e-01
1.152528769732974051e-01
1.212430600148631660e-01
1.271451470318015753e-01
1.311673066883220218e-01
1.349975307273567626e-01
1.405345331886797000e-01
1.464706549148408476e-01
1.507695980283264292e-01
1.556294627611320980e-01
1.610857292178041744e-01
1.669890782058692791e-01
1.718695405841477175e-01
1.773188587451459963e-01
1.829896251715978084e-01
1.888381639947166180e-01
1.947865349392444156e-01
2.001487734486349646e-01
2.063050081574376304e-01
2.121744800617382243e-01
2.184975562815434091e-01
2.257392691594516387e-01
2.319461061172955196e-01
2.439136325131153471e-01
2.523491484249747452e-01
2.575099448899823007e-01
2.634584177853954712e-01
2.677786551644449897e-01
2.757228249959617905e-01
2.827094281002429654e-01
2.884632729920496019e-01
2.936931612173633854e-01
3.000384379857770623e-01
3.070185505759635558e-01
3.140346954400444757e-01
3.198354481522375226e-01
3.259715321460212034e-01
3.321327000093120541e-01
3.392811869291985638e-01
3.456350567647503147e-01
3.520596040791127979e-01
3.579044175771577407e-01
3.639990631199183646e-01
3.708362062787175506e-01
3.770281927938058941e-01
3.834551499365947413e-01
3.892961043173724933e-01
3.957097803225499977e-01
4.017134842206923628e-01
4.081412140274058298e-01
4.139171905118448902e-01
4.196217615641273380e-01
4.251239657077464096e-01
4.305838433232569429e-01
4.367945032155597374e-01
4.424689274459542854e-01
4.478451540717696133e-01
