0.000000000000000000e+00
0.000000000000000000e+00
8.161702118890975363e-08
2.682209014892586066e-07
6.769786293268659057e-07
1.287550006939735496e-06
2.175671594656161548e-06
3.496474203819445952e-06
5.108251939914140097e-06
7.277321940912954287e-06
1.044234421794239250e-05
2.004006195937446094e-05
3.435478790856517076e-05
5.866831473229356639e-05
7.885905124114103509e-05
1.036935180718708558e-04
1.281262731211719455e-04
1.561770318560731373e-04
1.898063408976276365e-04
2.262850907212554923e-04
2.719336965921419604e-04
3.202441573444696665e-04
3.806043906813002891e-04
4.441543947923540171e-04
5.221089551098856809e-04
6.033320819149526207e-04
6.936181215093729967e-04
8.006444688083780639e-04
9.019113133272179360e-04
9.697506617098999989e-04
7.337437110837322866e-04
8.068809449547321381e-04
9.604056636494728372e-04
1.057600517885809877e-03
1.171477025799283695e-03
1.364510301960945382e-03
1.524324289404890105e-03
1.681293732691903830e-03
1.916098872438204122e-03
2.129254320403132106e-03
2.370781497495675922e-03
2.632782276123391257e-03
2.925640898076392517e-03
3.205897648318629337e-03
3.532478939220377173e-03
3.837403559043542009e-03
4.158017085998837355e-03
4.547075287627134164e-03
4.936366360624072462e-03
5.396598011417895122e-03
5.861379527328882712e-03
6.401356101491078102e-03
6.936292683607866646e-03
7.559265458774171338e-03
8.172296625856974653e-03
8.880231580665793809e-03
9.577167820797252359e-03
1.031573407073727369e-02
1.116516690615899053e-02
1.199754348657484926e-02
1.295289021565288780e-02
1.388652540485329351e-02
1.495715780032515728e-02
1.600206887279669032e-02
1.719839836490697285e-02
1.836514657419001384e-02
1.959440732016727235e-02
2.100002261084434746e-02
2.236919537255350685e-02
2.393388159843441720e-02
2.545711868011264409e-02
2.719732410893699326e-02
2.889101467077728747e-02
3.082567081834855505e-02
3.270882578414918002e-02
3.486087465762344878e-02
3.695768651384702397e-02
3.916859443873732527e-02
4.170409010667999045e-02
4.418790395133145865e-02
4.705416865930481946e-02
4.988576117203027266e-02
5.318782708545095883e-02
5.648414266708313980e-02
6.034295874103454138e-02
6.414492942260824337e-02
6.810615138124398449e-02
7.249761053787363851e-02
7.661323367678925245e-02
8.113769685594800218e-02
8.537253744197462191e-02
9.025146952697926661e-02
9.461839645102473884e-02
9.945847834349172412e-02
1.038985154699645780e-01
1.088109705849561737e-01
1.134264343861678404e-01
1.183571024577156350e-01
1.231240428460875364e-01
1.296685278830894683e-01
1.335382403406243368e-01
1.391338505859684160e-01
1.444673932830176366e-01
1.493242910823033287e-01
1.542164519338531381e-01
1.593285201264529882e-01
1.652163156148830914e-01
1.703046284698932489e-01
1.752518586731119099e-01
1.810374938570170067e-01
1.865712289884074448e-01
1.924864557361941619e-01
1.976620226420559845e-01
2.033900902743679684e-01
2.090323378131928866e-01
2.157232827824866472e-01
2.214394109808474620e-01
2.271658843388805749e-01
2.325951918524065687e-01
2.390824094478902206e-01
2.453510118197309853e-01
2.510762453191058285e-01
2.572096934344885177e-01
2.630254800504923662e-01
2.694675836276574921e-01
2.758307414527341739e-01
2.816861364702040738e-01
2.876607341727432376e-01
2.939481790627050950e-01
3.008771544797500530e-01
3.101689595100137198e-01
3.157399656133026422e-01
3.218550971663963756e-01
3.276187590837650321e-01
3.328887148411130981e-01
3.413154629197305279e-01
3.483112156177933239e-01
3.537408815082035418e-01
3.599100962487890576e-01
3.649308143691423201e-01
3.714946650407123241e-01
3.754320734055085484e-01
