5.652140625000000000e+03 0.000000000000000000e+00
5.645104003906250000e+03 -6.374806253006681800e-05
5.638067382812500000e+03 -1.253435038961470127e-04
5.627512207031250000e+03 -1.661683345446363091e-04
5.623993652343750000e+03 -1.615109795238822699e-04
5.623993652343750000e+03 -1.615109795238822699e-04
5.595846191406250000e+03 -1.759782317094504833e-04
5.595846191406250000e+03 -1.759782317094504833e-04
5.567698242187500000e+03 -2.171818050555884838e-04
5.567698242187500000e+03 -2.171818050555884838e-04
5.539550781250000000e+03 -2.729058614932000637e-04
5.539550781250000000e+03 -2.729058614932000637e-04
