5.652148925781250000e+03 0.000000000000000000e+00
5.634776855468750000e+03 -1.039300987031310797e-04
5.621417480468750000e+03 -1.027780817821621895e-04
5.609394531250000000e+03 -1.055820539477281272e-04
5.595320800781250000e+03 -1.109109434764832258e-04
5.581246582031250000e+03 -1.173465643660165370e-04
5.567172851562500000e+03 -1.248093758476898074e-04
5.553099121093750000e+03 -1.333253603661432862e-04
5.539025390625000000e+03 -1.429309340892359614e-04
5.524951660156250000e+03 -1.536355121061205864e-04
5.510877441406250000e+03 -1.654463412705808878e-04
5.496803710937500000e+03 -1.783638581400737166e-04
5.482729980468750000e+03 -1.923829840961843729e-04
5.468656250000000000e+03 -2.074934891425073147e-04
5.454582519531250000e+03 -2.236799482489004731e-04
5.440508789062500000e+03 -2.409217122476547956e-04
5.426434570312500000e+03 -2.591932134237140417e-04
5.412360839843750000e+03 -2.784645475912839174e-04
5.398287109375000000e+03 -2.987024199683219194e-04
5.384213378906250000e+03 -3.198709746357053518e-04
5.370139648437500000e+03 -3.419330168981105089e-04
5.356065917968750000e+03 -3.648509446065872908e-04
5.341992187500000000e+03 -3.885875630658119917e-04
5.327918457031250000e+03 -4.131068126298487186e-04
5.313844238281250000e+03 -4.383742634672671556e-04
5.299770507812500000e+03 -4.643573774956166744e-04
5.285696777343750000e+03 -4.910255083814263344e-04
5.271623046875000000e+03 -5.183501634746789932e-04
5.257549316406250000e+03 -5.463044508360326290e-04
5.243475585937500000e+03 -5.748635157942771912e-04
5.229401855468750000e+03 -6.040036678314208984e-04
5.215328125000000000e+03 -6.337027298286557198e-04
5.201254394531250000e+03 -6.639395724050700665e-04
5.187180664062500000e+03 -6.946939392946660519e-04
5.173106933593750000e+03 -7.259461563080549240e-04
5.159033203125000000e+03 -7.576769567094743252e-04
5.144959472656250000e+03 -7.898670155555009842e-04
5.130885742187500000e+03 -8.224968914873898029e-04
5.116811523437500000e+03 -8.555466774851083755e-04
5.102737792968750000e+03 -8.889957098290324211e-04
5.088664062500000000e+03 -9.228222188539803028e-04
5.074590332031250000e+03 -9.570036199875175953e-04
5.060516601562500000e+03 -9.915156988427042961e-04
5.046442871093750000e+03 -1.026339014060795307e-03
5.032369140625000000e+03 -1.061434741131961346e-03
5.018295410156250000e+03 -1.096779829822480679e-03
5.004221679687500000e+03 -1.132344128564000130e-03
4.990033203125000000e+03 -1.168396207503974438e-03
4.976598632812500000e+03 -1.202667015604674816e-03
4.962514160156250000e+03 -1.238708617165684700e-03
4.948458496093750000e+03 -1.274753827601671219e-03
4.934385742187500000e+03 -1.310869236476719379e-03
4.920257812500000000e+03 -1.341129303909838200e-03
4.906236816406250000e+03 -1.367866643704473972e-03
4.892147949218750000e+03 -1.395025639794766903e-03
4.878039062500000000e+03 -1.422449597157537937e-03
4.863988281250000000e+03 -1.448991242796182632e-03
4.849774414062500000e+03 -1.465847482904791832e-03
4.835419921875000000e+03 -1.326498808339238167e-03
4.813455078125000000e+03 -1.336898887529969215e-03
4.799381347656250000e+03 -1.346360077150166035e-03
4.785307617187500000e+03 -1.356961904093623161e-03
4.771233398437500000e+03 -1.368315308354794979e-03
4.757159667968750000e+03 -1.380138564854860306e-03
4.743085937500000000e+03 -1.392207690514624119e-03
4.729012207031250000e+03 -1.404284848831593990e-03
4.721975097656250000e+03 -1.410276163369417191e-03
4.707901367187500000e+03 -1.421764027327299118e-03
4.695121093750000000e+03 -1.429419848136603832e-03
4.679358398437500000e+03 -1.428718096576631069e-03
4.665255371093750000e+03 -1.440083375200629234e-03
4.651151855468750000e+03 -1.451490330509841442e-03
4.638811523437500000e+03 -1.461308798752725124e-03
4.624708496093750000e+03 -1.472161035053431988e-03
4.610604980468750000e+03 -1.482385909184813499e-03
4.596529785156250000e+03 -1.491546048782765865e-03
4.582502441406250000e+03 -1.348968129605054855e-03
4.561977050781250000e+03 -1.357543515041470528e-03
4.551714355468750000e+03 -1.362076494842767715e-03
4.537640625000000000e+03 -1.368484925478696823e-03
4.523566894531250000e+03 -1.375094172544777393e-03
4.509492675781250000e+03 -1.381879672408103943e-03
4.495418945312500000e+03 -1.388818840496242046e-03
4.481345214843750000e+03 -1.395903876982629299e-03
4.467271484375000000e+03 -1.403092639520764351e-03
4.453197753906250000e+03 -1.410376513376832008e-03
4.439123535156250000e+03 -1.417736406438052654e-03
4.425049804687500000e+03 -1.425136579200625420e-03
4.412735351562500000e+03 -1.431599375791847706e-03
4.399059082031250000e+03 -1.438701990991830826e-03
4.385475585937500000e+03 -1.445458503440022469e-03
4.371402832031250000e+03 -1.451618503779172897e-03
4.353705078125000000e+03 -1.458231825381517410e-03
4.334301269531250000e+03 -1.469658105634152889e-03
4.320227539062500000e+03 -1.478041056543588638e-03
4.306153320312500000e+03 -1.486507593654096127e-03
4.292079589843750000e+03 -1.495068892836570740e-03
4.278005859375000000e+03 -1.503720530308783054e-03
4.263932128906250000e+03 -1.512452494353055954e-03
4.258537597656250000e+03 -1.515818177722394466e-03
4.244722167968750000e+03 -1.524488441646099091e-03
4.230683593750000000e+03 -1.533361733891069889e-03
4.223158203125000000e+03 -1.538142329081892967e-03
