5.652148925781250000e+03 0.000000000000000000e+00
5.652145019531250000e+03 -4.378114581982117670e-08
5.652118164062500000e+03 -3.447317737936828053e-07
5.652053222656250000e+03 -1.066965410245757084e-06
5.651917968750000000e+03 -2.557639618316898122e-06
5.651715332031250000e+03 -4.784662451129406691e-06
5.651421386718750000e+03 -8.011786121642217040e-06
5.650981445312500000e+03 -1.283584424527361989e-05
5.650446289062500000e+03 -1.869212428573518991e-05
5.649709960937500000e+03 -2.674644565558992326e-05
5.648870117187500000e+03 -3.592320354073308408e-05
5.647770019531250000e+03 -4.792571417056024075e-05
5.646565429687500000e+03 -6.105612555984407663e-05
5.645040039062500000e+03 -7.765941700199618936e-05
5.643415039062500000e+03 -9.531338582746684551e-05
5.641406250000000000e+03 -1.170969262602739036e-04
5.639310546875000000e+03 -1.397706946590915322e-04
5.636971679687500000e+03 -1.650031190365552902e-04
5.634151855468750000e+03 -1.953153114300221205e-04
5.631274414062500000e+03 -2.261038607684895396e-04
5.627848632812500000e+03 -2.625259803608059883e-04
5.624392089843750000e+03 -2.989349304698407650e-04
5.620317871093750000e+03 -3.411953221075236797e-04
5.616245117187500000e+03 -3.822942962870001793e-04
5.611485351562500000e+03 -4.275774117559194565e-04
5.606763671875000000e+03 -4.668524779845029116e-04
5.601720214843750000e+03 -4.988515283912420273e-04
5.595885253906250000e+03 -5.231921095401048660e-04
5.590150878906250000e+03 -5.388144636526703835e-04
5.583555175781250000e+03 -5.517413374036550522e-04
5.577106445312500000e+03 -5.620904266834259033e-04
5.569725585937500000e+03 -5.729511030949652195e-04
5.562542480468750000e+03 -5.833039758726954460e-04
5.554356933593750000e+03 -5.948578473180532455e-04
5.546422851562500000e+03 -5.971365026198327541e-04
5.537415527343750000e+03 -4.958846257068216801e-04
5.528717773437500000e+03 -5.182914901524782181e-04
5.519649414062500000e+03 -5.388087010942399502e-04
5.509404785156250000e+03 -5.708470125682651997e-04
5.499558593750000000e+03 -6.023900350555777550e-04
5.488467773437500000e+03 -6.399209378287196159e-04
5.477837890625000000e+03 -6.765387370251119137e-04
5.465896484375000000e+03 -7.202296401374042034e-04
5.454480957031250000e+03 -7.633215864188969135e-04
5.441687988281250000e+03 -8.128687040880322456e-04
5.429486328125000000e+03 -8.619423024356365204e-04
5.416909179687500000e+03 -9.135704603977501392e-04
5.402859863281250000e+03 -9.725239360705018044e-04
5.389502441406250000e+03 -1.029857085086405277e-03
5.374612304687500000e+03 -1.094636158086359501e-03
5.360481933593750000e+03 -1.156898331828415394e-03
5.344759765625000000e+03 -1.226757653057575226e-03
5.329866210937500000e+03 -1.293020555749535561e-03
5.313323242187500000e+03 -1.366376411169767380e-03
5.297678710937500000e+03 -1.434960402548313141e-03
5.280330078125000000e+03 -1.509443973191082478e-03
5.263949218750000000e+03 -1.577653107233345509e-03
5.247220214843750000e+03 -1.644447795115411282e-03
5.228709960937500000e+03 -1.713894773274660110e-03
5.211270507812500000e+03 -1.773315481841564178e-03
5.192000000000000000e+03 -1.828240463510155678e-03
5.173869140625000000e+03 -1.860954915173351765e-03
5.153861816406250000e+03 -1.837866497226059437e-03
5.135061035156250000e+03 -1.781969680450856686e-03
5.114341308593750000e+03 -1.812894479371607304e-03
5.094895019531250000e+03 -1.719076070003211498e-03
5.075148437500000000e+03 -1.690543838776648045e-03
5.053423828125000000e+03 -1.767522189766168594e-03
5.033069824218750000e+03 -1.823964412324130535e-03
5.010702148437500000e+03 -1.863570651039481163e-03
4.989769531250000000e+03 -1.896160305477678776e-03
4.966790039062500000e+03 -1.933409017510712147e-03
4.945307617187500000e+03 -1.948579563759267330e-03
4.921750000000000000e+03 -1.953547820448875427e-03
4.899749023437500000e+03 -1.981680281460285187e-03
4.875646972656250000e+03 -2.000864828005433083e-03
4.853159667968750000e+03 -2.017386490479111671e-03
4.830451171875000000e+03 -2.040412509813904762e-03
4.805609863281250000e+03 -2.057442907243967056e-03
4.782465332031250000e+03 -2.071551745757460594e-03
4.757170898437500000e+03 -2.103212289512157440e-03
4.733625976562500000e+03 -2.135676564648747444e-03
4.707917480468750000e+03 -2.167286584153771400e-03
4.684008300781250000e+03 -2.194855827838182449e-03
4.657925292968750000e+03 -2.225696342065930367e-03
4.633689453125000000e+03 -2.252378733828663826e-03
4.609310546875000000e+03 -2.274419181048870087e-03
4.582748046875000000e+03 -2.292357850819826126e-03
4.558098632812500000e+03 -2.300255466252565384e-03
4.531264648437500000e+03 -2.289818832650780678e-03
4.506384277343750000e+03 -2.281098626554012299e-03
4.479321289062500000e+03 -2.290377626195549965e-03
4.454249511718750000e+03 -2.314930548891425133e-03
4.427000488281250000e+03 -2.338345162570476532e-03
4.401777343750000000e+03 -2.346010413020849228e-03
4.374386718750000000e+03 -2.351339673623442650e-03
4.349052246093750000e+03 -2.351688919588923454e-03
4.323679199218750000e+03 -2.313064876943826675e-03
4.296159179687500000e+03 -2.273790771141648293e-03
4.270735839843750000e+03 -2.293930156156420708e-03
4.243183593750000000e+03 -2.331092720851302147e-03
4.217750976562500000e+03 -2.374821342527866364e-03
4.190210449218750000e+03 -2.389885252341628075e-03
4.164677246093750000e+03 -2.387484069913625717e-03
4.138711425781250000e+03 -2.391658024862408638e-03
4.112523925781250000e+03 -2.413079841062426567e-03
4.085630126953125000e+03 -2.445913152769207954e-03
4.059504394531250000e+03 -2.469485159963369370e-03
4.034540771484375000e+03 -2.477846574038267136e-03
4.008235351562500000e+03 -2.479696413502097130e-03
3.981955810546875000e+03 -2.490250393748283386e-03
3.956504394531250000e+03 -2.513019600883126259e-03
3.930617919921875000e+03 -2.537221880629658699e-03
3.905130126953125000e+03 -2.550419420003890991e-03
3.880045898437500000e+03 -2.553709782660007477e-03
3.853900146484375000e+03 -2.558293985202908516e-03
3.829672851562500000e+03 -2.570422133430838585e-03
3.804533447265625000e+03 -2.585830632597208023e-03
3.779632324218750000e+03 -2.598265651613473892e-03
3.754972167968750000e+03 -2.604178618639707565e-03
3.730898681640625000e+03 -2.605486661195755005e-03
3.706535156250000000e+03 -2.613467164337635040e-03
3.682599609375000000e+03 -2.627365989610552788e-03
3.658794433593750000e+03 -2.639028942212462425e-03
3.635171142578125000e+03 -2.647515619173645973e-03
3.611783935546875000e+03 -2.654325915500521660e-03
3.588176757812500000e+03 -2.680233214050531387e-03
3.565716796875000000e+03 -2.706369850784540176e-03
3.543496826171875000e+03 -2.682378282770514488e-03
3.521201660156250000e+03 -2.707939362153410912e-03
3.499130371093750000e+03 -2.779426518827676773e-03
3.477354248046875000e+03 -2.744197146967053413e-03
3.455878173828125000e+03 -2.783418400213122368e-03
3.434973632812500000e+03 -2.808206947520375252e-03
3.414111328125000000e+03 -2.810367383062839508e-03
3.393487548828125000e+03 -2.854338148608803749e-03
3.373523193359375000e+03 -2.861801069229841232e-03
3.353810302734375000e+03 -2.874305937439203262e-03
3.334087402343750000e+03 -2.903562271967530251e-03
3.315120117187500000e+03 -2.911815186962485313e-03
3.296170654296875000e+03 -2.937607234343886375e-03
3.277815429687500000e+03 -2.964834915474057198e-03
3.259736083984375000e+03 -2.976023126393556595e-03
3.242057617187500000e+03 -2.996178343892097473e-03
3.224619873046875000e+03 -3.015067428350448608e-03
3.207652587890625000e+03 -3.031684318557381630e-03
3.191197753906250000e+03 -3.044737270101904869e-03
3.174973876953125000e+03 -3.051637206226587296e-03
3.158992187500000000e+03 -3.058879869058728218e-03
3.143788574218750000e+03 -3.086290787905454636e-03
3.128478027343750000e+03 -3.107103286311030388e-03
3.114061523437500000e+03 -3.114413004368543625e-03
3.099868164062500000e+03 -3.138327272608876228e-03
3.085938476562500000e+03 -3.165508387610316277e-03
3.072561767578125000e+03 -3.166409209370613098e-03
3.059450683593750000e+03 -3.149967174977064133e-03
3.046758300781250000e+03 -3.195520956069231033e-03
3.034661376953125000e+03 -3.202957566827535629e-03
3.022840087890625000e+03 -3.205515444278717041e-03
3.011421630859375000e+03 -3.255788236856460571e-03
3.000290771484375000e+03 -3.265114035457372665e-03
2.989805908203125000e+03 -3.263564780354499817e-03
2.979472900390625000e+03 -3.301882417872548103e-03
2.972052734375000000e+03 -3.269400913268327713e-03
