5.652137207031250000e+03 0.000000000000000000e+00
5.645100097656250000e+03 -6.289037264650687575e-05
5.638063476562500000e+03 -1.210599366459064186e-04
5.627508300781250000e+03 -1.690798962954431772e-04
5.623989746093750000e+03 -1.672377547947689891e-04
5.623989746093750000e+03 -1.672377547947689891e-04
5.595842285156250000e+03 -1.745158515404909849e-04
5.595842285156250000e+03 -1.745158515404909849e-04
5.567694824218750000e+03 -2.137338160537183285e-04
5.567694824218750000e+03 -2.137338160537183285e-04
5.539547363281250000e+03 -2.676248259376734495e-04
5.539547363281250000e+03 -2.676248259376734495e-04
5.511399902343750000e+03 -3.312471089884638786e-04
5.511399902343750000e+03 -3.312471089884638786e-04
5.483252441406250000e+03 -4.004115471616387367e-04
5.483252441406250000e+03 -4.004115471616387367e-04
5.455104980468750000e+03 -4.686713800765573978e-04
5.455104980468750000e+03 -4.686713800765573978e-04
5.426957519531250000e+03 -5.242957267910242081e-04
5.426957519531250000e+03 -5.242957267910242081e-04
5.419920410156250000e+03 -5.347997066564857960e-04
5.418161132812500000e+03 -5.370293511077761650e-04
5.416401855468750000e+03 -5.388830322772264481e-04
5.413763183593750000e+03 -5.400356021709740162e-04
5.411124511718750000e+03 -5.330899148248136044e-04
5.410464355468750000e+03 -5.296556628309190273e-04
5.409804687500000000e+03 -5.246398504823446274e-04
5.408815429687500000e+03 -5.114871310070157051e-04
5.407825683593750000e+03 -4.959223442710936069e-04
5.406835937500000000e+03 -4.849514807574450970e-04
5.405846679687500000e+03 -4.794179694727063179e-04
5.404856933593750000e+03 -4.773579712491482496e-04
5.403867187500000000e+03 -4.771547683048993349e-04
5.402382812500000000e+03 -4.785559140145778656e-04
5.400156250000000000e+03 -4.819659225177019835e-04
5.398809570312500000e+03 -4.842698690481483936e-04
5.398809570312500000e+03 -4.842698690481483936e-04
5.370662109375000000e+03 -5.391506128944456577e-04
5.370662109375000000e+03 -5.391506128944456577e-04
5.342514648437500000e+03 -5.992649239487946033e-04
5.342514648437500000e+03 -5.992649239487946033e-04
5.314367187500000000e+03 -6.640158826485276222e-04
5.314367187500000000e+03 -6.640158826485276222e-04
5.286219726562500000e+03 -7.330548833124339581e-04
5.286219726562500000e+03 -7.330548833124339581e-04
5.258072265625000000e+03 -8.060536929406225681e-04
5.258072265625000000e+03 -8.060536929406225681e-04
5.229924804687500000e+03 -8.826975827105343342e-04
5.229924804687500000e+03 -8.826975827105343342e-04
5.201777343750000000e+03 -9.626855608075857162e-04
5.201777343750000000e+03 -9.626855608075857162e-04
5.173629882812500000e+03 -1.045728451572358608e-03
5.173629882812500000e+03 -1.045728451572358608e-03
5.145482421875000000e+03 -1.131544471718370914e-03
5.145482421875000000e+03 -1.131544471718370914e-03
5.117335449218750000e+03 -1.219852594658732414e-03
5.117335449218750000e+03 -1.219852594658732414e-03
5.089187988281250000e+03 -1.310365041717886925e-03
5.089187988281250000e+03 -1.310365041717886925e-03
5.061040527343750000e+03 -1.402779133059084415e-03
5.061040527343750000e+03 -1.402779133059084415e-03
5.032893066406250000e+03 -1.496767392382025719e-03
5.032893066406250000e+03 -1.496767392382025719e-03
5.004745605468750000e+03 -1.591966953128576279e-03
5.004745605468750000e+03 -1.591966953128576279e-03
4.976598144531250000e+03 -1.687967567704617977e-03
4.976598144531250000e+03 -1.687967567704617977e-03
4.948451171875000000e+03 -1.784295542165637016e-03
4.948451171875000000e+03 -1.784295542165637016e-03
4.920303710937500000e+03 -1.880391500890254974e-03
4.920303710937500000e+03 -1.880391500890254974e-03
4.892156250000000000e+03 -1.975570572540163994e-03
4.892156250000000000e+03 -1.975570572540163994e-03
4.885119628906250000e+03 -1.999136526137590408e-03
4.878082519531250000e+03 -2.022535307332873344e-03
4.871045898437500000e+03 -2.045754576101899147e-03
4.864008789062500000e+03 -2.068760106340050697e-03
4.864008789062500000e+03 -2.068760106340050697e-03
4.856972167968750000e+03 -2.091544214636087418e-03
4.849935058593750000e+03 -2.113992115482687950e-03
4.842898437500000000e+03 -2.136138500645756721e-03
4.835861328125000000e+03 -2.157967770472168922e-03
4.835861328125000000e+03 -2.157967770472168922e-03
4.832343261718750000e+03 -2.168726408854126930e-03
4.828824707031250000e+03 -2.179421251639723778e-03
4.825306152343750000e+03 -2.190032042562961578e-03
4.820028320312500000e+03 -2.205769531428813934e-03
4.812112304687500000e+03 -2.229050500318408012e-03
4.807713867187500000e+03 -2.241825452074408531e-03
4.807713867187500000e+03 -2.241825452074408531e-03
4.800677246093750000e+03 -2.262020949274301529e-03
4.793640136718750000e+03 -2.281926106661558151e-03
4.786603515625000000e+03 -2.301552565768361092e-03
4.779566406250000000e+03 -2.320907777175307274e-03
4.779566406250000000e+03 -2.320907777175307274e-03
4.772529785156250000e+03 -2.339999657124280930e-03
4.765493164062500000e+03 -2.358856843784451485e-03
4.758456054687500000e+03 -2.377495169639587402e-03
4.751419433593750000e+03 -2.395943505689501762e-03
4.751419433593750000e+03 -2.395943505689501762e-03
4.744382324218750000e+03 -2.414238639175891876e-03
4.737345703125000000e+03 -2.432404551655054092e-03
4.730308593750000000e+03 -2.450459403917193413e-03
4.723271972656250000e+03 -2.468439517542719841e-03
4.723271972656250000e+03 -2.468439517542719841e-03
4.721512695312500000e+03 -2.472923835739493370e-03
4.719753417968750000e+03 -2.477394882589578629e-03
4.717994140625000000e+03 -2.481869189068675041e-03
4.715355468750000000e+03 -2.488566795364022255e-03
4.711396972656250000e+03 -2.498591784387826920e-03
4.705459960937500000e+03 -2.513628685846924782e-03
4.703233398437500000e+03 -2.519246889278292656e-03
4.699893554687500000e+03 -2.527644624933600426e-03
4.695124511718750000e+03 -2.539644017815589905e-03
4.695124511718750000e+03 -2.539644017815589905e-03
4.691605957031250000e+03 -2.548462012782692909e-03
4.688087402343750000e+03 -2.557244617491960526e-03
4.684568847656250000e+03 -2.566037466749548912e-03
4.681050781250000000e+03 -2.574772574007511139e-03
4.677532226562500000e+03 -2.583502558991312981e-03
4.676212890625000000e+03 -2.586790593340992928e-03
4.674233886718750000e+03 -2.591671189293265343e-03
4.671265136718750000e+03 -2.598985563963651657e-03
4.669038574218750000e+03 -2.604450332000851631e-03
4.666977050781250000e+03 -2.609506016597151756e-03
4.666977050781250000e+03 -2.609506016597151756e-03
4.665217773437500000e+03 -2.613818971440196037e-03
4.663458496093750000e+03 -2.618108643218874931e-03
4.661699218750000000e+03 -2.622392261400818825e-03
4.659060546875000000e+03 -2.628794172778725624e-03
4.658070800781250000e+03 -2.631200011819601059e-03
4.656586425781250000e+03 -2.634791424497961998e-03
4.654359863281250000e+03 -2.640157239511609077e-03
4.651020019531250000e+03 -2.648167544975876808e-03
4.649768066406250000e+03 -2.651184564456343651e-03
4.647889160156250000e+03 -2.655665390193462372e-03
4.645071289062500000e+03 -2.662358572706580162e-03
4.644014648437500000e+03 -2.664878731593489647e-03
4.642429687500000000e+03 -2.668619155883789062e-03
4.641834960937500000e+03 -2.670022193342447281e-03
4.640943359375000000e+03 -2.672122791409492493e-03
4.639605957031250000e+03 -2.675262512639164925e-03
4.638829589843750000e+03 -2.677086275070905685e-03
4.638829589843750000e+03 -2.677086275070905685e-03
4.637070312500000000e+03 -2.681200858205556870e-03
4.635750976562500000e+03 -2.684273989871144295e-03
4.634431640625000000e+03 -2.687341067939996719e-03
4.633936523437500000e+03 -2.688494278118014336e-03
4.633194335937500000e+03 -2.690214896574616432e-03
4.632081054687500000e+03 -2.692787209525704384e-03
4.630411132812500000e+03 -2.696631243452429771e-03
4.627906738281250000e+03 -2.702367492020130157e-03
4.626027832031250000e+03 -2.706665778532624245e-03
4.625323242187500000e+03 -2.708269050344824791e-03
4.624266601562500000e+03 -2.710664644837379456e-03
4.622681640625000000e+03 -2.714242087677121162e-03
4.622087402343750000e+03 -2.715588081628084183e-03
4.621195800781250000e+03 -2.717592986300587654e-03
4.619858398437500000e+03 -2.720586722716689110e-03
4.617852050781250000e+03 -2.725052414461970329e-03
4.617099609375000000e+03 -2.726735081523656845e-03
4.615971191406250000e+03 -2.729233819991350174e-03
4.614278808593750000e+03 -2.732959575951099396e-03
4.613644042968750000e+03 -2.734363311901688576e-03
4.612691894531250000e+03 -2.736447146162390709e-03
4.611263671875000000e+03 -2.739562420174479485e-03
4.610682128906250000e+03 -2.740825992077589035e-03
4.610682128906250000e+03 -2.740825992077589035e-03
4.610242187500000000e+03 -2.741780597716569901e-03
4.609802246093750000e+03 -2.742734737694263458e-03
4.609142578125000000e+03 -2.744160126894712448e-03
4.608153320312500000e+03 -2.746290992945432663e-03
4.606668945312500000e+03 -2.749468199908733368e-03
4.606112304687500000e+03 -2.750667277723550797e-03
4.605277343750000000e+03 -2.752445871010422707e-03
4.604024902343750000e+03 -2.755097113549709320e-03
4.603555175781250000e+03 -2.756095957010984421e-03
4.602850585937500000e+03 -2.757580718025565147e-03
4.601793945312500000e+03 -2.759796101599931717e-03
4.600208984375000000e+03 -2.763096941635012627e-03
4.599614257812500000e+03 -2.764343749731779099e-03
4.599020019531250000e+03 -2.765576355159282684e-03
4.598425781250000000e+03 -2.766802906990051270e-03
4.597831054687500000e+03 -2.768028993159532547e-03
4.596939453125000000e+03 -2.769855316728353500e-03
4.595602050781250000e+03 -2.772576874122023582e-03
4.595100585937500000e+03 -2.773604355752468109e-03
4.594348144531250000e+03 -2.775127068161964417e-03
4.593219726562500000e+03 -2.777393208816647530e-03
4.591527343750000000e+03 -2.780761104077100754e-03
4.590892578125000000e+03 -2.782035153359174728e-03
4.589940429687500000e+03 -2.783914795145392418e-03
4.588512207031250000e+03 -2.786703407764434814e-03
4.587976562500000000e+03 -2.787757432088255882e-03
4.587173339843750000e+03 -2.789313206449151039e-03
4.585968261718750000e+03 -2.791623817756772041e-03
4.584160644531250000e+03 -2.795047592371702194e-03
4.582534667968750000e+03 -2.798116765916347504e-03
4.582534667968750000e+03 -2.798116765916347504e-03
4.582094726562500000e+03 -2.798943780362606049e-03
4.581654785156250000e+03 -2.799761015921831131e-03
4.581214843750000000e+03 -2.800575224682688713e-03
4.580775390625000000e+03 -2.801384776830673218e-03
4.580115722656250000e+03 -2.802595030516386032e-03
4.579125976562500000e+03 -2.804388059303164482e-03
4.578754882812500000e+03 -2.805066294968128204e-03
4.578383789062500000e+03 -2.805736614391207695e-03
4.578012695312500000e+03 -2.806402044370770454e-03
4.577456054687500000e+03 -2.807397628203034401e-03
4.576621093750000000e+03 -2.808873308822512627e-03
4.576308105468750000e+03 -2.809431403875350952e-03
4.575995117187500000e+03 -2.809983212500810623e-03
4.575681640625000000e+03 -2.810531295835971832e-03
4.575212402343750000e+03 -2.811351325362920761e-03
4.574507812500000000e+03 -2.812567865476012230e-03
4.573451171875000000e+03 -2.814382081851363182e-03
4.572658691406250000e+03 -2.815719461068511009e-03
4.571865722656250000e+03 -2.817054977640509605e-03
4.571568847656250000e+03 -2.817552303895354271e-03
4.571123046875000000e+03 -2.818293636664748192e-03
4.570454101562500000e+03 -2.819390734657645226e-03
4.569451171875000000e+03 -2.821024274453520775e-03
4.568448242187500000e+03 -2.822629176080226898e-03
4.567444824218750000e+03 -2.824208000674843788e-03
4.567068847656250000e+03 -2.824795665219426155e-03
4.566504882812500000e+03 -2.825666218996047974e-03
4.565658203125000000e+03 -2.826960524544119835e-03
4.565340820312500000e+03 -2.827443880960345268e-03
4.564864746093750000e+03 -2.828159136697649956e-03
4.564150878906250000e+03 -2.829216886311769485e-03
4.563882812500000000e+03 -2.829610602930188179e-03
4.563481445312500000e+03 -2.830198034644126892e-03
4.562878906250000000e+03 -2.831066958606243134e-03
4.561975097656250000e+03 -2.832345431670546532e-03
4.561636230468750000e+03 -2.832820173352956772e-03
4.561127929687500000e+03 -2.833524020388722420e-03
4.560619140625000000e+03 -2.834218787029385567e-03
4.560110839843750000e+03 -2.834904240444302559e-03
4.559602539062500000e+03 -2.835579216480255127e-03
4.559094238281250000e+03 -2.836241154000163078e-03
4.558331542968750000e+03 -2.837223699316382408e-03
4.558045898437500000e+03 -2.837587613612413406e-03
4.557759765625000000e+03 -2.837945474311709404e-03
4.557473632812500000e+03 -2.838302403688430786e-03
4.557044921875000000e+03 -2.838826738297939301e-03
4.556401367187500000e+03 -2.839601831510663033e-03
4.556160156250000000e+03 -2.839888911694288254e-03
4.555798339843750000e+03 -2.840315923094749451e-03
4.555436523437500000e+03 -2.840735018253326416e-03
4.555074218750000000e+03 -2.841148059815168381e-03
4.554712402343750000e+03 -2.841554814949631691e-03
4.554387207031250000e+03 -2.841915469616651535e-03
4.554387207031250000e+03 -2.841915469616651535e-03
4.553947265625000000e+03 -2.842393005266785622e-03
4.553507324218750000e+03 -2.842862391844391823e-03
4.553067382812500000e+03 -2.843321068212389946e-03
4.552627929687500000e+03 -2.843768335878849030e-03
4.552187988281250000e+03 -2.844206523150205612e-03
4.551528320312500000e+03 -2.844841917976737022e-03
4.551280761718750000e+03 -2.845074981451034546e-03
4.550909667968750000e+03 -2.845414681360125542e-03
4.550353027343750000e+03 -2.845913171768188477e-03
4.549518066406250000e+03 -2.846622373908758163e-03
4.548892089843750000e+03 -2.847124822437763214e-03
4.548265625000000000e+03 -2.847601659595966339e-03
4.548030761718750000e+03 -2.847776282578706741e-03
4.547795898437500000e+03 -2.847944386303424835e-03
4.547561523437500000e+03 -2.848111325874924660e-03
4.547208984375000000e+03 -2.848349278792738914e-03
4.546680664062500000e+03 -2.848692703992128372e-03
4.545888183593750000e+03 -2.849164186045527458e-03
4.545293945312500000e+03 -2.849484328180551529e-03
4.544699218750000000e+03 -2.849777229130268097e-03
4.544253417968750000e+03 -2.849978627637028694e-03
4.543918945312500000e+03 -2.850117627531290054e-03
4.543584960937500000e+03 -2.850242890417575836e-03
4.543083496093750000e+03 -2.850421704351902008e-03
4.542331054687500000e+03 -2.850634045898914337e-03
4.541578613281250000e+03 -2.850788878276944160e-03
4.540826171875000000e+03 -2.850882476195693016e-03
4.540638183593750000e+03 -2.850897843018174171e-03
4.540450195312500000e+03 -2.850909484550356865e-03
4.540167968750000000e+03 -2.850921824574470520e-03
4.539745117187500000e+03 -2.850920893251895905e-03
4.539110351562500000e+03 -2.850873162969946861e-03
4.538634277343750000e+03 -2.850804943591356277e-03
4.538158203125000000e+03 -2.850708318874239922e-03
4.538053710937500000e+03 -2.850685967132449150e-03
4.537903320312500000e+03 -2.850649878382682800e-03
4.537742187500000000e+03 -2.850607736036181450e-03
4.537621582031250000e+03 -2.850573975592851639e-03
4.537480957031250000e+03 -2.850531600415706635e-03
4.537254882812500000e+03 -2.850457327440381050e-03
4.537051269531250000e+03 -2.850383054465055466e-03
4.536745605468750000e+03 -2.850258490070700645e-03
4.536287597656250000e+03 -2.850044518709182739e-03
4.535600585937500000e+03 -2.849653130397200584e-03
4.534913574218750000e+03 -2.849182579666376114e-03
4.534226562500000000e+03 -2.848627977073192596e-03
4.533539550781250000e+03 -2.847983967512845993e-03
4.533023925781250000e+03 -2.847440075129270554e-03
4.532508789062500000e+03 -2.846841467544436455e-03
4.532505859375000000e+03 -2.846841467544436455e-03
