5.652102050781250000e+03 0.000000000000000000e+00
5.652098144531250000e+03 -2.097412377111140813e-08
5.652071289062500000e+03 -1.645437635033886181e-07
5.652006347656250000e+03 -5.088191983304568566e-07
5.651871093750000000e+03 -1.218888883158797398e-06
5.651668457031250000e+03 -2.278653482790105045e-06
5.651374511718750000e+03 -3.812094519162201323e-06
5.650934082031250000e+03 -6.098922767705516890e-06
5.650399414062500000e+03 -8.863406037562526762e-06
5.649663085937500000e+03 -1.260482349607627839e-05
5.648823242187500000e+03 -1.522467482573119923e-05
5.647723144531250000e+03 -1.042794701788807288e-05
5.646518554687500000e+03 -1.017240265355212614e-05
5.644992675781250000e+03 -9.855753887677565217e-06
5.643368164062500000e+03 -9.685187251307070255e-06
5.641359375000000000e+03 -9.624623089621309191e-06
5.639263183593750000e+03 -9.620177479519043118e-06
5.636924316406250000e+03 -9.685961231298279017e-06
5.634104980468750000e+03 -9.851723916654009372e-06
5.631227050781250000e+03 -1.013852397591108456e-05
5.627801269531250000e+03 -1.063775562215596437e-05
5.624344238281250000e+03 -1.131175395130412653e-05
5.620270507812500000e+03 -1.231254191225161776e-05
5.616197265625000000e+03 -1.351870014332234859e-05
5.611437988281250000e+03 -1.516847078164573759e-05
5.606715820312500000e+03 -1.704371970845386386e-05
5.601672363281250000e+03 -1.930271355377044529e-05
5.595837402343750000e+03 -2.228696575912181288e-05
5.590103027343750000e+03 -2.571344339230563492e-05
5.583507324218750000e+03 -3.011956141563132405e-05
5.577058593750000000e+03 -3.480579471215605736e-05
5.569677734375000000e+03 -4.057388287037611008e-05
5.562495117187500000e+03 -4.651763083529658616e-05
5.554309082031250000e+03 -5.313679866958409548e-05
5.546375488281250000e+03 -5.658598456648178399e-05
5.537368652343750000e+03 -6.184502126416191459e-05
5.528670898437500000e+03 -6.956053402973338962e-05
5.519602539062500000e+03 -7.900427590357139707e-05
5.509357910156250000e+03 -9.070565283764153719e-05
5.499511718750000000e+03 -1.027904800139367580e-04
5.488420898437500000e+03 -1.173398704850114882e-04
5.477791015625000000e+03 -1.321403979090973735e-04
5.465849609375000000e+03 -1.497170305810868740e-04
5.454434082031250000e+03 -1.674381346674636006e-04
5.441641113281250000e+03 -1.883052755147218704e-04
5.429439453125000000e+03 -2.091745845973491669e-04
5.416862304687500000e+03 -2.316491154488176107e-04
5.402812988281250000e+03 -2.578617131803184748e-04
5.389455566406250000e+03 -2.838452637661248446e-04
5.374565429687500000e+03 -3.139937762171030045e-04
5.360435546875000000e+03 -3.437188570387661457e-04
5.344712890625000000e+03 -3.780361730605363846e-04
5.329819335937500000e+03 -4.117099451832473278e-04
5.313276367187500000e+03 -4.503964446485042572e-04
5.297632324218750000e+03 -4.881812492385506630e-04
5.280283203125000000e+03 -5.313903675414621830e-04
5.263902343750000000e+03 -5.733951111324131489e-04
5.247173828125000000e+03 -6.174411391839385033e-04
5.228663574218750000e+03 -6.674309261143207550e-04
5.211224121093750000e+03 -7.156562060117721558e-04
5.191954101562500000e+03 -7.702408474870026112e-04
5.173823242187500000e+03 -8.226568461395800114e-04
5.153816406250000000e+03 -8.814921020530164242e-04
5.135016113281250000e+03 -9.374552173539996147e-04
5.114296386718750000e+03 -9.995445143431425095e-04
5.094851074218750000e+03 -1.057819928973913193e-03
5.075104492187500000e+03 -1.116420375183224678e-03
5.053379882812500000e+03 -1.179313170723617077e-03
5.033026367187500000e+03 -1.235547359101474285e-03
5.010659179687500000e+03 -1.292393542826175690e-03
4.989726074218750000e+03 -1.338494126684963703e-03
4.966747558593750000e+03 -1.378018525429069996e-03
4.945265136718750000e+03 -1.402521738782525063e-03
4.921707519531250000e+03 -1.417704625055193901e-03
4.899706542968750000e+03 -1.427141483873128891e-03
4.875604980468750000e+03 -1.438125735148787498e-03
4.853117675781250000e+03 -1.450601033866405487e-03
4.830409667968750000e+03 -1.465408713556826115e-03
4.805568359375000000e+03 -1.483808038756251335e-03
4.782424316406250000e+03 -1.502529135905206203e-03
4.757129882812500000e+03 -1.524197170510888100e-03
4.732707031250000000e+03 -1.545986044220626354e-03
4.708976562500000000e+03 -1.568202744238078594e-03
4.684576171875000000e+03 -1.590551692061126232e-03
4.658962890625000000e+03 -1.609997940249741077e-03
4.634434082031250000e+03 -1.632450730539858341e-03
4.607958496093750000e+03 -1.656757085584104061e-03
4.583437988281250000e+03 -1.678363187238574028e-03
4.558301269531250000e+03 -1.701066503301262856e-03
4.532190429687500000e+03 -1.717796199955046177e-03
4.505236816406250000e+03 -1.734257326461374760e-03
4.480255371093750000e+03 -1.749470480717718601e-03
4.453094238281250000e+03 -1.763658132404088974e-03
4.427941406250000000e+03 -1.778346020728349686e-03
4.400616210937500000e+03 -1.796935102902352810e-03
4.375332519531250000e+03 -1.814561896026134491e-03
4.350000488281250000e+03 -1.832870882935822010e-03
4.322513671875000000e+03 -1.854820526205003262e-03
4.297375000000000000e+03 -1.876153051853179932e-03
4.270707519531250000e+03 -1.886979211121797562e-03
4.244139160156250000e+03 -1.902013784274458885e-03
4.217372558593750000e+03 -1.927401055581867695e-03
4.191783691406250000e+03 -1.950954319909214973e-03
4.164483886718750000e+03 -1.976479310542345047e-03
4.139104003906250000e+03 -1.995952334254980087e-03
4.112106933593750000e+03 -2.022422850131988525e-03
4.086315185546875000e+03 -2.049893839284777641e-03
4.060150634765625000e+03 -2.074697520583868027e-03
4.034486083984375000e+03 -2.098284661769866943e-03
4.008481445312500000e+03 -2.121661091223359108e-03
3.982248291015625000e+03 -2.156159142032265663e-03
3.955820312500000000e+03 -2.182509284466505051e-03
3.930992675781250000e+03 -2.207011450082063675e-03
3.905428466796875000e+03 -2.226737327873706818e-03
3.880010253906250000e+03 -2.247142838314175606e-03
3.854773925781250000e+03 -2.281036926433444023e-03
3.829078857421875000e+03 -2.303734188899397850e-03
3.804682861328125000e+03 -2.325783716514706612e-03
3.779640380859375000e+03 -2.357256831601262093e-03
3.755178955078125000e+03 -2.388224937021732330e-03
3.730522460937500000e+03 -2.416373696178197861e-03
3.706644531250000000e+03 -2.436480484902858734e-03
3.682479492187500000e+03 -2.462530275806784630e-03
3.658819335937500000e+03 -2.493466716259717941e-03
3.635013427734375000e+03 -2.523299772292375565e-03
3.611993408203125000e+03 -2.545963972806930542e-03
3.588559082031250000e+03 -2.570059383288025856e-03
3.565645019531250000e+03 -2.591764321550726891e-03
3.543052001953125000e+03 -2.622912637889385223e-03
3.520974121093750000e+03 -2.651947084814310074e-03
3.498959960937500000e+03 -2.674107672646641731e-03
3.477466796875000000e+03 -2.698242431506514549e-03
3.456085449218750000e+03 -2.716769231483340263e-03
3.434973144531250000e+03 -2.741938456892967224e-03
3.413764404296875000e+03 -2.773304469883441925e-03
3.393797607421875000e+03 -2.788169775158166885e-03
3.373189453125000000e+03 -2.810459583997726440e-03
3.353701904296875000e+03 -2.836367348209023476e-03
3.334031250000000000e+03 -2.856354694813489914e-03
3.315125488281250000e+03 -2.884971909224987030e-03
3.298815917968750000e+03 -2.901406493037939072e-03
