5.652148925781250000e+03 0.000000000000000000e+00
5.652145019531250000e+03 -5.141917114315219806e-08
5.652118164062500000e+03 -4.051919404446380213e-07
5.652053222656250000e+03 -1.254336325473559555e-06
5.651917968750000000e+03 -3.007158738910220563e-06
5.651715332031250000e+03 -5.626194251817651093e-06
5.651421386718750000e+03 -9.422085895494092256e-06
5.650981445312500000e+03 -1.509788580733584240e-05
5.650446289062500000e+03 -2.199059963459149003e-05
5.649709960937500000e+03 -3.147478491882793605e-05
5.648870117187500000e+03 -4.228704347042366862e-05
5.647770019531250000e+03 -5.643920303555205464e-05
5.646565429687500000e+03 -7.193547935457900167e-05
5.645040039062500000e+03 -9.155266889138147235e-05
5.643415039062500000e+03 -1.124401824199594557e-04
5.641406250000000000e+03 -1.382578630000352859e-04
5.639310546875000000e+03 -1.651873462833464146e-04
5.636971679687500000e+03 -1.952316088136285543e-04
5.634152343750000000e+03 -2.314459852641448379e-04
5.631274902343750000e+03 -2.683920029085129499e-04
5.627848632812500000e+03 -3.123673668596893549e-04
5.624392089843750000e+03 -3.567251260392367840e-04
5.620318359375000000e+03 -4.089815483894199133e-04
5.616245605468750000e+03 -4.611999029293656349e-04
5.611485839843750000e+03 -5.221874453127384186e-04
5.606764160156250000e+03 -5.826447159051895142e-04
5.601720703125000000e+03 -6.471645319834351540e-04
5.595885742187500000e+03 -7.217033416964113712e-04
5.590151855468750000e+03 -7.948213024064898491e-04
5.583555664062500000e+03 -8.786841062828898430e-04
5.577107421875000000e+03 -9.602739592082798481e-04
5.569726562500000000e+03 -1.052775536663830280e-03
5.562544433593750000e+03 -1.140746055170893669e-03
5.554358398437500000e+03 -1.233401242643594742e-03
5.546425292968750000e+03 -1.295211026445031166e-03
5.537417968750000000e+03 -1.296152011491358280e-03
5.528720214843750000e+03 -1.287467195652425289e-03
5.519651367187500000e+03 -1.278207171708345413e-03
5.509406738281250000e+03 -1.273921225219964981e-03
5.499560546875000000e+03 -1.274626585654914379e-03
5.488469726562500000e+03 -1.280555268749594688e-03
5.477839843750000000e+03 -1.292940462008118629e-03
5.465898437500000000e+03 -1.329892547801136971e-03
5.454482421875000000e+03 -1.345869735814630985e-03
5.441689453125000000e+03 -1.369104953482747078e-03
5.429488281250000000e+03 -1.399361644871532917e-03
5.416910644531250000e+03 -1.442123553715646267e-03
5.402861816406250000e+03 -1.496132113970816135e-03
5.389503906250000000e+03 -1.545861712656915188e-03
5.374613769531250000e+03 -1.597183290868997574e-03
5.360483398437500000e+03 -1.642294693738222122e-03
5.344760742187500000e+03 -1.684440649114549160e-03
5.329867675781250000e+03 -1.712384168058633804e-03
5.313324218750000000e+03 -1.725064939819276333e-03
5.297679687500000000e+03 -1.714413287118077278e-03
5.280330566406250000e+03 -1.712494879029691219e-03
5.263949218750000000e+03 -1.732497010380029678e-03
5.247220703125000000e+03 -1.757006044499576092e-03
5.228710449218750000e+03 -1.789517933502793312e-03
5.211270507812500000e+03 -1.826165942475199699e-03
5.192000488281250000e+03 -1.867778133600950241e-03
5.173869628906250000e+03 -1.898845075629651546e-03
5.153861816406250000e+03 -1.869655912742018700e-03
5.135061523437500000e+03 -1.844402053393423557e-03
5.114341308593750000e+03 -1.840975251980125904e-03
5.094895507812500000e+03 -1.848434330895543098e-03
5.075148925781250000e+03 -1.872491324320435524e-03
5.053423828125000000e+03 -1.904692617245018482e-03
5.033070312500000000e+03 -1.933954772539436817e-03
5.010702636718750000e+03 -1.966933486983180046e-03
4.989769531250000000e+03 -2.000018022954463959e-03
4.966790527343750000e+03 -2.036713529378175735e-03
4.945308105468750000e+03 -2.071132883429527283e-03
4.921750488281250000e+03 -2.110299421474337578e-03
4.899749511718750000e+03 -2.147852908819913864e-03
4.875647460937500000e+03 -2.189222257584333420e-03
4.853160156250000000e+03 -2.228481229394674301e-03
4.830452148437500000e+03 -2.269152784720063210e-03
4.805610351562500000e+03 -2.314403420314192772e-03
4.782466308593750000e+03 -2.357068238779902458e-03
4.757171875000000000e+03 -2.404565922915935516e-03
4.733626953125000000e+03 -2.449719002470374107e-03
4.707917968750000000e+03 -2.499846508726477623e-03
4.684009277343750000e+03 -2.547168871387839317e-03
4.657926269531250000e+03 -2.599724568426609039e-03
4.633690429687500000e+03 -2.649504924193024635e-03
4.609311523437500000e+03 -2.700412413105368614e-03
4.582749511718750000e+03 -2.756759757176041603e-03
4.558100097656250000e+03 -2.809932921081781387e-03
4.531266113281250000e+03 -2.868860494345426559e-03
4.506385742187500000e+03 -2.924424828961491585e-03
4.479323242187500000e+03 -2.985792001709342003e-03
4.454251464843750000e+03 -3.043493721634149551e-03
4.428577148437500000e+03 -3.103455528616905212e-03
4.401253417968750000e+03 -3.168201074004173279e-03
4.376432128906250000e+03 -3.227732609957456589e-03
4.349913574218750000e+03 -3.291924949735403061e-03
4.323413085937500000e+03 -3.356472356244921684e-03
4.295851562500000000e+03 -3.423671238124370575e-03
4.270097167968750000e+03 -3.485904773697257042e-03
4.244541992187500000e+03 -3.545982064679265022e-03
4.217122558593750000e+03 -3.606115235015749931e-03
4.191834960937500000e+03 -3.653325373306870461e-03
4.164785644531250000e+03 -3.686073236167430878e-03
4.139058593750000000e+03 -3.686570562422275543e-03
4.112616210937500000e+03 -3.646086202934384346e-03
4.086542236328125000e+03 -3.589166561141610146e-03
4.060324951171875000e+03 -3.566970583051443100e-03
4.034177978515625000e+03 -3.595792455598711967e-03
4.008467773437500000e+03 -3.645347431302070618e-03
3.982144287109375000e+03 -3.676188411191105843e-03
3.956383544921875000e+03 -3.672467544674873352e-03
3.930985351562500000e+03 -3.654968459159135818e-03
3.905563964843750000e+03 -3.654845757409930229e-03
3.879774414062500000e+03 -3.680115099996328354e-03
3.854416259765625000e+03 -3.704538801684975624e-03
3.829414794921875000e+03 -3.703419817611575127e-03
3.804657226562500000e+03 -3.682215930894017220e-03
3.779037597656250000e+03 -3.669150406494736671e-03
3.754397216796875000e+03 -3.688640892505645752e-03
3.730541503906250000e+03 -3.728567156940698624e-03
3.706319580078125000e+03 -3.760142950341105461e-03
3.682078613281250000e+03 -3.767008660361170769e-03
3.658300292968750000e+03 -3.761490341275930405e-03
3.634228027343750000e+03 -3.763585584238171577e-03
3.611797363281250000e+03 -3.778061363846063614e-03
3.588255126953125000e+03 -3.797501558437943459e-03
3.566094482421875000e+03 -3.807686734944581985e-03
3.543239746093750000e+03 -3.806184045970439911e-03
3.520975341796875000e+03 -3.799273865297436714e-03
3.508654785156250000e+03 -3.855759743601083755e-03
