5.652102050781250000e+03 0.000000000000000000e+00
5.652098144531250000e+03 -5.408512748772409395e-08
5.652071289062500000e+03 -4.262312245373323094e-07
5.652006347656250000e+03 -1.319499347118835431e-06
5.651871093750000000e+03 -3.163430847052950412e-06
5.651668457031250000e+03 -5.918637725699227303e-06
5.651374511718750000e+03 -9.911950655805412680e-06
5.650934082031250000e+03 -1.588306076882872730e-05
5.650399414062500000e+03 -2.313458207936491817e-05
5.649663085937500000e+03 -3.311279215267859399e-05
5.648823242187500000e+03 -4.448869367479346693e-05
5.647723144531250000e+03 -5.937932291999459267e-05
5.646518554687500000e+03 -7.568515138700604439e-05
5.644993164062500000e+03 -9.632860019337385893e-05
5.643368164062500000e+03 -1.183106505777686834e-04
5.641359375000000000e+03 -1.454838638892397285e-04
5.639263671875000000e+03 -1.738304854370653629e-04
5.636924804687500000e+03 -2.054598735412582755e-04
5.634105468750000000e+03 -2.435908681945875287e-04
5.631228027343750000e+03 -2.824993571266531944e-04
5.627802246093750000e+03 -3.288205189164727926e-04
5.624345214843750000e+03 -3.755563229788094759e-04
5.620271484375000000e+03 -4.306309274397790432e-04
5.616198730468750000e+03 -4.856853047385811806e-04
5.611439453125000000e+03 -5.500135594047605991e-04
5.606717773437500000e+03 -6.138173630461096764e-04
5.601674316406250000e+03 -6.819540867581963539e-04
5.595839355468750000e+03 -7.607442094013094902e-04
5.590105468750000000e+03 -8.381324005313217640e-04
5.583509765625000000e+03 -9.270705049857497215e-04
5.577061523437500000e+03 -1.013896428048610687e-03
5.569680664062500000e+03 -1.113051199354231358e-03
5.562498046875000000e+03 -1.209159032441675663e-03
5.554312500000000000e+03 -1.317861489951610565e-03
5.546379394531250000e+03 -1.421514549292623997e-03
5.537372558593750000e+03 -1.534177223220467567e-03
5.528675292968750000e+03 -1.627254532650113106e-03
5.519606933593750000e+03 -1.661576796323060989e-03
5.509361816406250000e+03 -1.557626063004136086e-03
5.499515625000000000e+03 -1.538363518193364143e-03
5.488424804687500000e+03 -1.538397162221372128e-03
5.477794921875000000e+03 -1.552542438730597496e-03
5.465853515625000000e+03 -1.576253212988376617e-03
5.454437988281250000e+03 -1.604245626367628574e-03
5.441645019531250000e+03 -1.637518173083662987e-03
5.429443847656250000e+03 -1.670080469921231270e-03
5.416866210937500000e+03 -1.701978268101811409e-03
5.402817382812500000e+03 -1.732667209580540657e-03
5.389459960937500000e+03 -1.754471915774047375e-03
5.374569824218750000e+03 -1.768085174262523651e-03
5.360439453125000000e+03 -1.770712318830192089e-03
5.344716796875000000e+03 -1.771097420714795589e-03
5.329823242187500000e+03 -1.790948561392724514e-03
5.313280273437500000e+03 -1.824717968702316284e-03
5.297636230468750000e+03 -1.854900387115776539e-03
5.280287109375000000e+03 -1.885882345959544182e-03
5.263906250000000000e+03 -1.898841466754674911e-03
5.247177246093750000e+03 -1.855030306614935398e-03
5.228666992187500000e+03 -1.860575634054839611e-03
5.211227539062500000e+03 -1.838829601183533669e-03
5.191957031250000000e+03 -1.833307323977351189e-03
5.173826171875000000e+03 -1.859460258856415749e-03
5.153818847656250000e+03 -1.890461542643606663e-03
5.135019042968750000e+03 -1.918612164445221424e-03
5.114299316406250000e+03 -1.950904377736151218e-03
5.094853515625000000e+03 -1.982633024454116821e-03
5.075106933593750000e+03 -2.015512902289628983e-03
5.053382324218750000e+03 -2.052343450486660004e-03
5.033028808593750000e+03 -2.087689470499753952e-03
5.010661621093750000e+03 -2.127265790477395058e-03
4.989728515625000000e+03 -2.164865378290414810e-03
4.966749511718750000e+03 -2.206841018050909042e-03
4.945267578125000000e+03 -2.246712101623415947e-03
4.921709960937500000e+03 -2.291058190166950226e-03
4.899708984375000000e+03 -2.333087846636772156e-03
4.875607421875000000e+03 -2.379828598350286484e-03
4.853120605468750000e+03 -2.424077596515417099e-03
4.830412597656250000e+03 -2.469404833391308784e-03
4.805571289062500000e+03 -2.519763773307204247e-03
4.782427246093750000e+03 -2.567424671724438667e-03
4.757132812500000000e+03 -2.620351267978549004e-03
4.733588378906250000e+03 -2.670434536412358284e-03
4.707879882812500000e+03 -2.726052422076463699e-03
4.683971191406250000e+03 -2.778669353574514389e-03
4.657888183593750000e+03 -2.837080508470535278e-03
4.633652832031250000e+03 -2.892324933782219887e-03
4.609273925781250000e+03 -2.948860405012965202e-03
4.582711914062500000e+03 -3.011578461155295372e-03
4.558062988281250000e+03 -3.070845967158675194e-03
4.531229492187500000e+03 -3.136550774797797203e-03
4.506349121093750000e+03 -3.198590595275163651e-03
4.479286621093750000e+03 -3.267306368798017502e-03
4.454215332031250000e+03 -3.332128748297691345e-03
4.428016601562500000e+03 -3.401067107915878296e-03
4.401744140625000000e+03 -3.471442731097340584e-03
4.376199218750000000e+03 -3.541064681485295296e-03
4.349812011718750000e+03 -3.614227985963225365e-03
4.323647460937500000e+03 -3.688031574711203575e-03
4.296260253906250000e+03 -3.766621463000774384e-03
4.270506347656250000e+03 -3.841776866465806961e-03
4.244671875000000000e+03 -3.918385133147239685e-03
4.217929687500000000e+03 -3.998972475528717041e-03
4.191508789062500000e+03 -4.079870879650115967e-03
4.165381347656250000e+03 -4.161119926720857620e-03
4.138653808593750000e+03 -4.245517309755086899e-03
4.111796386718750000e+03 -4.331628791987895966e-03
4.086166259765625000e+03 -4.415012430399656296e-03
4.059022949218750000e+03 -4.504600074142217636e-03
4.034139160156250000e+03 -4.587877541780471802e-03
4.008289306640625000e+03 -4.675543401390314102e-03
3.982143066406250000e+03 -4.765396937727928162e-03
3.956555175781250000e+03 -4.854466766119003296e-03
3.930670898437500000e+03 -4.945686087012290955e-03
3.905531494140625000e+03 -5.035325884819030762e-03
3.879720703125000000e+03 -5.128350108861923218e-03
3.854698974609375000e+03 -5.219390615820884705e-03
3.828398925781250000e+03 -5.315685179084539413e-03
3.804405761718750000e+03 -5.403394810855388641e-03
3.779810302734375000e+03 -5.491178482770919800e-03
3.754936279296875000e+03 -5.570738576352596283e-03
3.730149902343750000e+03 -5.612446926534175873e-03
3.706444091796875000e+03 -5.519628059118986130e-03
3.682085449218750000e+03 -5.163046531379222870e-03
3.658511718750000000e+03 -4.926142748445272446e-03
3.634352539062500000e+03 -5.053803790360689163e-03
3.611913818359375000e+03 -5.161720793694257736e-03
3.588521484375000000e+03 -5.068122409284114838e-03
3.566065917968750000e+03 -4.927645903080701828e-03
3.543368896484375000e+03 -4.953604191541671753e-03
3.520750488281250000e+03 -4.993227310478687286e-03
3.498721923828125000e+03 -4.918915685266256332e-03
3.477516601562500000e+03 -4.874437581747770309e-03
3.456028564453125000e+03 -4.919016268104314804e-03
3.434585449218750000e+03 -4.921589046716690063e-03
3.414228027343750000e+03 -4.876888357102870941e-03
3.393755859375000000e+03 -4.863637033849954605e-03
3.373604248046875000e+03 -4.843858070671558380e-03
3.353696289062500000e+03 -4.697797354310750961e-03
3.348219970703125000e+03 -4.537607077509164810e-03
