5.652140625000000000e+03 0.000000000000000000e+00
5.645104003906250000e+03 -6.425502215279266238e-05
5.638067382812500000e+03 -1.259810087503865361e-04
5.627512207031250000e+03 -1.729933865135535598e-04
5.623993652343750000e+03 -1.688121556071564555e-04
5.623993652343750000e+03 -1.688121556071564555e-04
5.595846191406250000e+03 -1.783880434231832623e-04
5.595846191406250000e+03 -1.783880434231832623e-04
5.567698242187500000e+03 -2.187161153415217996e-04
5.567698242187500000e+03 -2.187161153415217996e-04
5.539550781250000000e+03 -2.742186479736119509e-04
5.539550781250000000e+03 -2.742186479736119509e-04
5.532514160156250000e+03 -2.898836100939661264e-04
5.525477050781250000e+03 -3.061768366023898125e-04
5.514921875000000000e+03 -3.316231013741344213e-04
5.511403320312500000e+03 -3.403278242330998182e-04
5.511403320312500000e+03 -3.403278242330998182e-04
5.483255859375000000e+03 -4.052788135595619678e-04
5.483255859375000000e+03 -4.052788135595619678e-04
5.455108398437500000e+03 -4.768760700244456530e-04
5.455108398437500000e+03 -4.768760700244456530e-04
5.426960937500000000e+03 -5.437789368443191051e-04
5.426960937500000000e+03 -5.437789368443191051e-04
5.398813476562500000e+03 -5.967100150883197784e-04
5.398813476562500000e+03 -5.967100150883197784e-04
5.391776855468750000e+03 -6.088721565902233124e-04
5.384739746093750000e+03 -6.204389501363039017e-04
5.382101074218750000e+03 -6.245340919122099876e-04
5.378142578125000000e+03 -6.299391970969736576e-04
5.376658203125000000e+03 -6.316835060715675354e-04
5.374431640625000000e+03 -6.334207137115299702e-04
5.373596679687500000e+03 -6.337753147818148136e-04
5.372344238281250000e+03 -6.334774079732596874e-04
5.370666015625000000e+03 -6.275166524574160576e-04
5.370666015625000000e+03 -6.275166524574160576e-04
5.370226074218750000e+03 -6.247694836929440498e-04
5.369786132812500000e+03 -6.209928542375564575e-04
5.369126464843750000e+03 -6.109367823228240013e-04
5.368466796875000000e+03 -5.945015000179409981e-04
5.367807128906250000e+03 -5.770528223365545273e-04
5.367147460937500000e+03 -5.649381200782954693e-04
5.366487792968750000e+03 -5.584467435255646706e-04
5.365827636718750000e+03 -5.556179676204919815e-04
5.365167968750000000e+03 -5.548536428250372410e-04
5.364508300781250000e+03 -5.551677895709872246e-04
5.363519042968750000e+03 -5.566225154325366020e-04
5.362034667968750000e+03 -5.595092079602181911e-04
5.359808105468750000e+03 -5.642020259983837605e-04
5.356468261718750000e+03 -5.713626160286366940e-04
5.351458496093750000e+03 -5.821915110573172569e-04
5.343944335937500000e+03 -5.986749893054366112e-04
5.342518066406250000e+03 -6.018434069119393826e-04
5.342518066406250000e+03 -6.018434069119393826e-04
5.314370605468750000e+03 -6.666147965006530285e-04
5.314370605468750000e+03 -6.666147965006530285e-04
5.286223144531250000e+03 -7.356790592893958092e-04
5.286223144531250000e+03 -7.356790592893958092e-04
5.258075683593750000e+03 -8.087020833045244217e-04
5.258075683593750000e+03 -8.087020833045244217e-04
5.229928222656250000e+03 -8.853732724674046040e-04
5.229928222656250000e+03 -8.853732724674046040e-04
5.201780761718750000e+03 -9.653939050622284412e-04
5.201780761718750000e+03 -9.653939050622284412e-04
5.173633300781250000e+03 -1.048476551659405231e-03
5.173633300781250000e+03 -1.048476551659405231e-03
5.145486328125000000e+03 -1.134341931901872158e-03
5.145486328125000000e+03 -1.134341931901872158e-03
5.117338867187500000e+03 -1.222711289301514626e-03
5.117338867187500000e+03 -1.222711289301514626e-03
5.089191406250000000e+03 -1.313300686888396740e-03
5.089191406250000000e+03 -1.313300686888396740e-03
5.061043945312500000e+03 -1.405811402946710587e-03
5.061043945312500000e+03 -1.405811402946710587e-03
5.032896484375000000e+03 -1.499921665526926517e-03
5.032896484375000000e+03 -1.499921665526926517e-03
5.004749023437500000e+03 -1.595275709405541420e-03
5.004749023437500000e+03 -1.595275709405541420e-03
4.976601562500000000e+03 -1.691472134552896023e-03
4.976601562500000000e+03 -1.691472134552896023e-03
4.948454101562500000e+03 -1.788051216863095760e-03
4.948454101562500000e+03 -1.788051216863095760e-03
4.920307128906250000e+03 -1.884481869637966156e-03
4.920307128906250000e+03 -1.884481869637966156e-03
4.892159667968750000e+03 -1.980165485292673111e-03
4.892159667968750000e+03 -1.980165485292673111e-03
4.885122558593750000e+03 -2.003916306421160698e-03
4.878085937500000000e+03 -2.027558395639061928e-03
4.871048828125000000e+03 -2.051068004220724106e-03
4.869289550781250000e+03 -2.056944882497191429e-03
4.866650878906250000e+03 -2.065718639642000198e-03
4.864012207031250000e+03 -2.074471907690167427e-03
4.864012207031250000e+03 -2.074471907690167427e-03
4.862252929687500000e+03 -2.080296166241168976e-03
4.860493652343750000e+03 -2.086116932332515717e-03
4.857854980468750000e+03 -2.094827592372894287e-03
4.856865234375000000e+03 -2.098093274980783463e-03
4.855380859375000000e+03 -2.102980623021721840e-03
4.853154296875000000e+03 -2.110298257321119308e-03
4.849814941406250000e+03 -2.121245022863149643e-03
4.848562500000000000e+03 -2.125347498804330826e-03
4.846683593750000000e+03 -2.131484914571046829e-03
4.845979003906250000e+03 -2.133785281330347061e-03
4.844922363281250000e+03 -2.137230243533849716e-03
4.843337402343750000e+03 -2.142390003427863121e-03
4.842743164062500000e+03 -2.144324360415339470e-03
4.841851562500000000e+03 -2.147221704944968224e-03
4.840514160156250000e+03 -2.151562599465250969e-03
4.840012695312500000e+03 -2.153190551325678825e-03
4.839260253906250000e+03 -2.155628753826022148e-03
4.838131835937500000e+03 -2.159281866624951363e-03
4.836438964843750000e+03 -2.164752921089529991e-03
4.835864746093750000e+03 -2.166608814150094986e-03
4.835864746093750000e+03 -2.166608814150094986e-03
4.807717285156250000e+03 -2.256057923659682274e-03
4.807717285156250000e+03 -2.256057923659682274e-03
4.779569824218750000e+03 -2.342752413824200630e-03
4.779569824218750000e+03 -2.342752413824200630e-03
4.751422363281250000e+03 -2.426838735118508339e-03
4.751422363281250000e+03 -2.426838735118508339e-03
4.723274902343750000e+03 -2.508748322725296021e-03
4.723274902343750000e+03 -2.508748322725296021e-03
4.716238281250000000e+03 -2.528934506699442863e-03
4.709201171875000000e+03 -2.548999385908246040e-03
4.706562500000000000e+03 -2.556503517553210258e-03
4.702604492187500000e+03 -2.567700808867812157e-03
4.696666992187500000e+03 -2.584436675533652306e-03
4.695127441406250000e+03 -2.588765230029821396e-03
4.695127441406250000e+03 -2.588765230029821396e-03
4.693368652343750000e+03 -2.593699609860777855e-03
4.691609375000000000e+03 -2.598626306280493736e-03
4.689850097656250000e+03 -2.603544853627681732e-03
4.689190429687500000e+03 -2.605388872325420380e-03
4.688200683593750000e+03 -2.608149778097867966e-03
4.686716308593750000e+03 -2.612286247313022614e-03
4.686159667968750000e+03 -2.613837132230401039e-03
4.685324707031250000e+03 -2.616159850731492043e-03
4.684072265625000000e+03 -2.619640901684761047e-03
4.682193847656250000e+03 -2.624853979796171188e-03
4.681489257812500000e+03 -2.626807661727070808e-03
4.680432617187500000e+03 -2.629733644425868988e-03
4.680036132812500000e+03 -2.630830276757478714e-03
4.679441894531250000e+03 -2.632473828271031380e-03
4.678550292968750000e+03 -2.634936943650245667e-03
4.677212890625000000e+03 -2.638627309352159500e-03
4.676711425781250000e+03 -2.640010556206107140e-03
4.675958984375000000e+03 -2.642082748934626579e-03
4.674830566406250000e+03 -2.645187312737107277e-03
4.674407226562500000e+03 -2.646351233124732971e-03
4.673772949218750000e+03 -2.648094901815056801e-03
4.672820800781250000e+03 -2.650707494467496872e-03
4.672463378906250000e+03 -2.651687012985348701e-03
4.671927734375000000e+03 -2.653154544532299042e-03
4.671124511718750000e+03 -2.655353629961609840e-03
4.670823242187500000e+03 -2.656178316101431847e-03
4.670371582031250000e+03 -2.657413715496659279e-03
4.669693847656250000e+03 -2.659264951944351196e-03
4.668676757812500000e+03 -2.662037732079625130e-03
4.668422851562500000e+03 -2.662731334567070007e-03
4.668359375000000000e+03 -2.662904793396592140e-03
4.668121093750000000e+03 -2.663553925231099129e-03
4.667906250000000000e+03 -2.664137631654739380e-03
4.667705566406250000e+03 -2.664685016497969627e-03
4.667524414062500000e+03 -2.665177453309297562e-03
4.667354492187500000e+03 -2.665639156475663185e-03
4.667202148437500000e+03 -2.666055224835872650e-03
4.666979980468750000e+03 -2.666668267920613289e-03
4.666979980468750000e+03 -2.666668267920613289e-03
4.638832519531250000e+03 -2.742026932537555695e-03
4.638832519531250000e+03 -2.742026932537555695e-03
4.610685058593750000e+03 -2.813778119161725044e-03
4.610685058593750000e+03 -2.813778119161725044e-03
4.582537597656250000e+03 -2.879960928112268448e-03
4.582537597656250000e+03 -2.879960928112268448e-03
4.554390136718750000e+03 -2.938136225566267967e-03
4.554390136718750000e+03 -2.938136225566267967e-03
4.552630859375000000e+03 -2.941332291811704636e-03
4.550872070312500000e+03 -2.944576786831021309e-03
4.549112792968750000e+03 -2.947787754237651825e-03
4.546473632812500000e+03 -2.952520968392491341e-03
4.542515625000000000e+03 -2.959403442218899727e-03
4.538557128906250000e+03 -2.966007217764854431e-03
4.534599121093750000e+03 -2.972275950014591217e-03
4.530640625000000000e+03 -2.978109754621982574e-03
4.526242675781250000e+03 -2.983910730108618736e-03
4.526242675781250000e+03 -2.983910730108618736e-03
4.522724121093750000e+03 -2.988035557791590691e-03
4.519206054687500000e+03 -2.991748740896582603e-03
4.515687500000000000e+03 -2.994948998093605042e-03
4.512168945312500000e+03 -2.997188596054911613e-03
4.511289550781250000e+03 -2.997569506987929344e-03
4.510409667968750000e+03 -2.997875213623046875e-03
4.509530273437500000e+03 -2.998102223500609398e-03
4.509310058593750000e+03 -2.998144133016467094e-03
4.509090332031250000e+03 -2.998176729306578636e-03
4.508870605468750000e+03 -2.998235635459423065e-03
4.508760253906250000e+03 -2.998457290232181549e-03
4.508554199218750000e+03 -3.002327168360352516e-03
4.508430664062500000e+03 -3.010809188708662987e-03
4.508307128906250000e+03 -3.018029965460300446e-03
4.508183105468750000e+03 -3.018586663529276848e-03
4.508059570312500000e+03 -3.014490241184830666e-03
4.507936035156250000e+03 -3.009004984050989151e-03
4.507750488281250000e+03 -3.001732053235173225e-03
4.507564941406250000e+03 -2.996081486344337463e-03
4.507379394531250000e+03 -2.991795772686600685e-03
4.507101074218750000e+03 -2.987304935231804848e-03
4.506683593750000000e+03 -2.982714213430881500e-03
4.506057128906250000e+03 -2.977785654366016388e-03
4.505822265625000000e+03 -2.976027317345142365e-03
4.505470214843750000e+03 -2.973675262182950974e-03
4.504941894531250000e+03 -2.970475470647215843e-03
4.504743652343750000e+03 -2.969253342598676682e-03
4.504446289062500000e+03 -2.967506181448698044e-03
4.504148925781250000e+03 -2.965790918096899986e-03
4.503852050781250000e+03 -2.964104292914271355e-03
4.503554687500000000e+03 -2.962434431537985802e-03
4.503257324218750000e+03 -2.960792975500226021e-03
4.503034667968750000e+03 -2.959557808935642242e-03
4.502867187500000000e+03 -2.958618104457855225e-03
4.502700195312500000e+03 -2.957701450213789940e-03
4.502449707031250000e+03 -2.956352662295103073e-03
4.502073242187500000e+03 -2.954339142888784409e-03
4.501509277343750000e+03 -2.951372647657990456e-03
4.500944824218750000e+03 -2.948355628177523613e-03
4.500521484375000000e+03 -2.946028485894203186e-03
4.500204101562500000e+03 -2.944238483905792236e-03
4.499886718750000000e+03 -2.942426130175590515e-03
4.499410644531250000e+03 -2.939636353403329849e-03
4.498934570312500000e+03 -2.936659147962927818e-03
4.498458496093750000e+03 -2.933425595983862877e-03
4.498094726562500000e+03 -2.930718939751386642e-03
4.498094726562500000e+03 -2.930718939751386642e-03
