-1.162000000476837158e-03 0.000000000000000000e+00 0.000000000000000000e+00 6.216879653930664062e+01 6.994719696044921875e+01 1.344294281005859375e+02 1.510391693115234375e+02 1.568417358398437500e+02 1.633474273681640625e+02 1.707828063964843750e+02 1.730473480224609375e+02
-2.324000000953674316e-03 0.000000000000000000e+00 5.814389038085937500e+01 6.967509460449218750e+01 1.182552261352539062e+02 1.291120758056640625e+02 1.421439514160156250e+02 1.475626831054687500e+02 1.494973907470703125e+02 1.683297271728515625e+02 2.220378723144531250e+02
-3.486000001430511475e-03 0.000000000000000000e+00 5.578868865966796875e+01 6.954648590087890625e+01 1.269498367309570312e+02 1.427353210449218750e+02 1.440068511962890625e+02 1.502879486083984375e+02 1.545855712890625000e+02 1.685636444091796875e+02 2.221106262207031250e+02
-4.648000001907348633e-03 0.000000000000000000e+00 5.443901062011718750e+01 6.946734619140625000e+01 1.391776275634765625e+02 1.391826629638671875e+02 1.471329193115234375e+02 1.622385864257812500e+02 1.678514099121093750e+02 1.865025634765625000e+02 2.214099731445312500e+02
-5.810000002384185791e-03 1.603138160705566406e+01 5.341229248046875000e+01 6.940613555908203125e+01 1.361988983154296875e+02 1.408463592529296875e+02 1.498601226806640625e+02 1.682583618164062500e+02 1.861094665527343750e+02 2.152345275878906250e+02 2.205607147216796875e+02
-6.972000002861022949e-03 4.688518524169921875e+01 5.252739715576171875e+01 6.935462951660156250e+01 1.336573028564453125e+02 1.409205932617187500e+02 1.527442626953125000e+02 1.684293365478515625e+02 2.072531433105468750e+02 2.196415100097656250e+02 2.211511688232421875e+02
-8.134000003337860107e-03 5.168807220458984375e+01 6.276688003540039062e+01 6.930892181396484375e+01 1.315611419677734375e+02 1.407072448730468750e+02 1.559505157470703125e+02 1.685319061279296875e+02 2.186585845947265625e+02 2.208954925537109375e+02 2.229197692871093750e+02
-9.296000003814697266e-03 5.096735382080078125e+01 6.926635742187500000e+01 7.358576202392578125e+01 1.299519500732421875e+02 1.404304351806640625e+02 1.593359069824218750e+02 1.685947265625000000e+02 2.176133728027343750e+02 2.204744567871093750e+02 2.335990447998046875e+02
-1.045800000429153442e-02 5.031963729858398438e+01 6.922512817382812500e+01 8.139829254150390625e+01 1.288650360107421875e+02 1.401516113281250000e+02 1.627236175537109375e+02 1.686270294189453125e+02 2.164986572265625000e+02 2.200267181396484375e+02 2.335112762451171875e+02
-1.162000000476837158e-02 4.974174880981445312e+01 6.918412780761718750e+01 8.717446136474609375e+01 1.283148651123046875e+02 1.398882141113281250e+02 1.659456481933593750e+02 1.686311950683593750e+02 2.153118591308593750e+02 2.195722503662109375e+02 2.322221221923828125e+02
-1.278200000524520874e-02 4.922786712646484375e+01 6.914285278320312500e+01 9.151406860351562500e+01 1.282922210693359375e+02 1.396431121826171875e+02 1.686067504882812500e+02 1.688682556152343750e+02 2.140501861572265625e+02 2.191131286621093750e+02 2.308202056884765625e+02
-1.394400000572204590e-02 4.877232360839843750e+01 6.910108947753906250e+01 9.481912994384765625e+01 1.287666625976562500e+02 1.394142913818359375e+02 1.685522460937500000e+02 1.714049682617187500e+02 2.127112579345703125e+02 2.186462554931640625e+02 2.293056182861328125e+02
-1.510600000619888306e-02 4.837014007568359375e+01 6.905868530273437500e+01 9.736247253417968750e+01 1.296914215087890625e+02 1.391981811523437500e+02 1.684659576416015625e+02 1.735159149169921875e+02 2.112932434082031250e+02 2.181651000976562500e+02 2.276811065673828125e+02
-1.626800000667572021e-02 4.801705932617187500e+01 6.901543426513671875e+01 9.932438659667968750e+01 1.310085296630859375e+02 1.389907836914062500e+02 1.683461914062500000e+02 1.751981048583984375e+02 2.097949981689453125e+02 2.176580200195312500e+02 2.259552307128906250e+02
-1.743000000715255737e-02 4.770935821533203125e+01 6.897099304199218750e+01 1.008165435791015625e+02 1.326538543701171875e+02 1.387879943847656250e+02 1.681908111572265625e+02 1.764730072021484375e+02 2.082160644531250000e+02 2.171028442382812500e+02 2.241483612060546875e+02
-1.859200000762939453e-02 4.744351577758789062e+01 6.892498016357421875e+01 1.019001846313476562e+02 1.345614776611328125e+02 1.385856018066406250e+02 1.679966735839843750e+02 1.773748016357421875e+02 2.065565948486328125e+02 2.164535064697265625e+02 2.223061065673828125e+02
-1.975400000810623169e-02 4.721593093872070312e+01 6.887699890136718750e+01 1.026011734008789062e+02 1.366676177978515625e+02 1.383794555664062500e+02 1.677589569091796875e+02 1.779410858154296875e+02 2.048172302246093750e+02 2.156123352050781250e+02 2.205271301269531250e+02
-2.091600000858306885e-02 4.702262115478515625e+01 6.882672882080078125e+01 1.029224624633789062e+02 1.381657257080078125e+02 1.389136657714843750e+02 1.674709472656250000e+02 1.782060089111328125e+02 2.029989013671875000e+02 2.144069061279296875e+02 2.189860382080078125e+02
-2.207800000905990601e-02 4.685900878906250000e+01 6.877398681640625000e+01 1.028540344238281250e+02 1.379412689208984375e+02 1.412481384277343750e+02 1.671241760253906250e+02 1.781961975097656250e+02 2.011027526855468750e+02 2.126897125244140625e+02 2.178334045410156250e+02
-2.324000000953674316e-02 4.671979141235351562e+01 6.871869659423828125e+01 1.023794250488281250e+02 1.377038421630859375e+02 1.436267700195312500e+02 1.667091827392578125e+02 1.779285430908203125e+02 1.991301727294921875e+02 2.105064239501953125e+02 2.170269012451171875e+02
-2.440200001001358032e-02 4.659892272949218750e+01 6.866083526611328125e+01 1.014789886474609375e+02 1.374518127441406250e+02 1.460112304687500000e+02 1.662162780761718750e+02 1.774098968505859375e+02 1.970827331542968750e+02 2.079959106445312500e+02 2.164307708740234375e+02
-2.556400001049041748e-02 4.648974990844726562e+01 6.860042572021484375e+01 1.001307067871093750e+02 1.371836395263671875e+02 1.483673400878906250e+02 1.656361999511718750e+02 1.766376190185546875e+02 1.949620208740234375e+02 2.052543334960937500e+02 2.159510803222656250e+02
-2.672600001096725464e-02 4.638535690307617188e+01 6.853737640380859375e+01 9.830964660644531250e+01 1.368969268798828125e+02 1.506638641357421875e+02 1.649602203369140625e+02 1.756007537841796875e+02 1.927693939208984375e+02 2.023319396972656250e+02 2.155386047363281250e+02
-2.788800001144409180e-02 4.627903747558593750e+01 6.847147369384765625e+01 9.598690032958984375e+01 1.365875549316406250e+02 1.528727264404296875e+02 1.641799774169921875e+02 1.742817382812500000e+02 1.905052947998046875e+02 1.992558441162109375e+02 2.151659240722656250e+02
-2.905000001192092896e-02 4.616479873657226562e+01 6.840231323242187500e+01 9.312780761718750000e+01 1.362490997314453125e+02 1.549699554443359375e+02 1.632868652343750000e+02 1.726586303710937500e+02 1.881683197021484375e+02 1.960435028076171875e+02 2.148144836425781250e+02
-3.021200001239776611e-02 4.603773117065429688e+01 6.832933044433593750e+01 8.968882751464843750e+01 1.358722534179687500e+02 1.569360504150390625e+02 1.622719268798828125e+02 1.707076873779296875e+02 1.857543029785156250e+02 1.927096557617187500e+02 2.144691162109375000e+02
-3.137400001287460327e-02 4.589403915405273438e+01 6.825183868408203125e+01 8.561196136474609375e+01 1.354441986083984375e+02 1.587449340820312500e+02 1.611351776123046875e+02 1.684058380126953125e+02 1.832553253173828125e+02 1.892707824707031250e+02 2.141156311035156250e+02
-3.253600001335144043e-02 4.573060989379882812e+01 6.816909790039062500e+01 8.081537628173828125e+01 1.349472351074218750e+02 1.596209869384765625e+02 1.606243743896484375e+02 1.657324676513671875e+02 1.806592864990234375e+02 1.857495727539062500e+02 2.137399902343750000e+02
-3.369800001382827759e-02 4.554391098022460938e+01 6.808033752441406250e+01 7.517784118652343750e+01 1.343559417724609375e+02 1.581955718994140625e+02 1.620707244873046875e+02 1.626710357666015625e+02 1.779500427246093750e+02 1.821811828613281250e+02 2.107784729003906250e+02
-3.486000001430511475e-02 4.532666778564453125e+01 6.798479461669921875e+01 6.851040649414062500e+01 1.336311187744140625e+02 1.564276275634765625e+02 1.592109985351562500e+02 1.634558868408203125e+02 1.751081542968750000e+02 1.786235504150390625e+02 2.061077575683593750e+02
-3.602200001478195190e-02 4.505261611938476562e+01 6.050373077392578125e+01 6.788185882568359375e+01 1.327069549560546875e+02 1.543235473632812500e+02 1.553567047119140625e+02 1.646650848388671875e+02 1.721116790771484375e+02 1.751804504394531250e+02 2.013219299316406250e+02
-3.718400001525878906e-02 4.448646926879882812e+01 5.073697662353515625e+01 6.777073669433593750e+01 1.314625701904296875e+02 1.511471099853515625e+02 1.517892303466796875e+02 1.655547637939453125e+02 1.689366302490234375e+02 1.720809936523437500e+02 1.964613800048828125e+02
-3.834600001573562622e-02 3.601167678833007812e+01 4.516024780273437500e+01 6.765079498291015625e+01 1.296604766845703125e+02 1.467141265869140625e+02 1.487084655761718750e+02 1.655305328369140625e+02 1.655583038330078125e+02 1.700155029296875000e+02 1.915632781982421875e+02
-3.950800001621246338e-02 6.714238166809082031e+00 4.464831542968750000e+01 6.752136993408203125e+01 1.268456039428710938e+02 1.423700561523437500e+02 1.449772644042968750e+02 1.619457092285156250e+02 1.638755035400390625e+02 1.697805328369140625e+02 1.866632995605468750e+02
-4.067000001668930054e-02 0.000000000000000000e+00 4.428966903686523438e+01 6.738124847412109375e+01 1.222491760253906250e+02 1.385246429443359375e+02 1.405113983154296875e+02 1.580442199707031250e+02 1.615693817138671875e+02 1.703951416015625000e+02 1.817163848876953125e+02
-4.183200001716613770e-02 0.000000000000000000e+00 4.396054077148437500e+01 6.723051452636718750e+01 1.155379104614257812e+02 1.352971954345703125e+02 1.355481719970703125e+02 1.538771209716796875e+02 1.592799530029296875e+02 1.712061004638671875e+02 1.769132385253906250e+02
-4.299400001764297485e-02 0.000000000000000000e+00 4.364879226684570312e+01 6.703470611572265625e+01 1.080999298095703125e+02 1.290733184814453125e+02 1.337452239990234375e+02 1.494027404785156250e+02 1.573753662109375000e+02 1.720265502929687500e+02 1.724277954101562500e+02
-4.415600001811981201e-02 0.000000000000000000e+00 4.396051025390625000e+01 6.662570190429687500e+01 1.164690399169921875e+02 1.252562332153320312e+02 1.439182586669921875e+02 1.472611999511718750e+02 1.593029785156250000e+02 1.734725036621093750e+02 1.751479797363281250e+02
-4.531800001859664917e-02 2.353232955932617188e+01 4.401266098022460938e+01 6.653901672363281250e+01 1.074688644409179688e+02 1.253426208496093750e+02 1.449395751953125000e+02 1.485194702148437500e+02 1.581642456054687500e+02 1.743542022705078125e+02 1.784014892578125000e+02
-4.648000001907348633e-02 4.291340637207031250e+01 4.443630981445312500e+01 6.665338134765625000e+01 9.209921264648437500e+01 1.249158554077148438e+02 1.442017822265625000e+02 1.494527282714843750e+02 1.563700561523437500e+02 1.740281677246093750e+02 1.818938903808593750e+02
-4.764200001955032349e-02 4.328080368041992188e+01 6.119464111328125000e+01 6.831654357910156250e+01 8.949719238281250000e+01 1.233285751342773438e+02 1.422115631103515625e+02 1.565974731445312500e+02 1.637952728271484375e+02 1.712135772705078125e+02 1.859718780517578125e+02
-4.880400002002716064e-02 4.296046447753906250e+01 6.167776107788085938e+01 7.134712219238281250e+01 9.809963226318359375e+01 1.213310470581054688e+02 1.408836669921875000e+02 1.581303558349609375e+02 1.638935241699218750e+02 1.682408447265625000e+02 1.867794494628906250e+02
-4.996600002050399780e-02 4.262096405029296875e+01 6.122779083251953125e+01 7.390913391113281250e+01 1.024125518798828125e+02 1.193166503906250000e+02 1.397519226074218750e+02 1.589425811767578125e+02 1.630785827636718750e+02 1.660549926757812500e+02 1.874258422851562500e+02
-5.112800002098083496e-02 4.226899719238281250e+01 6.044295883178710938e+01 7.597039794921875000e+01 1.044444274902343750e+02 1.173646850585937500e+02 1.387533416748046875e+02 1.576644744873046875e+02 1.626578369140625000e+02 1.649938964843750000e+02 1.876535339355468750e+02
-5.229000002145767212e-02 4.189881896972656250e+01 5.941056442260742188e+01 7.763372802734375000e+01 1.045409317016601562e+02 1.156609573364257812e+02 1.378442687988281250e+02 1.545095367431640625e+02 1.628420257568359375e+02 1.645918579101562500e+02 1.873446197509765625e+02
-5.345200002193450928e-02 4.150432586669921875e+01 5.799121093750000000e+01 7.889856719970703125e+01 1.022211227416992188e+02 1.144330902099609375e+02 1.370200042724609375e+02 1.506754455566406250e+02 1.620865478515625000e+02 1.650987243652343750e+02 1.865185089111328125e+02
-5.461400002241134644e-02 4.105337905883789062e+01 5.556092834472656250e+01 7.962292480468750000e+01 9.591404724121093750e+01 1.135119552612304688e+02 1.362116699218750000e+02 1.460941009521484375e+02 1.604717559814453125e+02 1.658551177978515625e+02 1.852372436523437500e+02
-5.577600002288818359e-02 4.012370300292968750e+01 4.714667129516601562e+01 7.913586425781250000e+01 8.159606170654296875e+01 1.124003448486328125e+02 1.352085571289062500e+02 1.401963043212890625e+02 1.581019134521484375e+02 1.663741912841796875e+02 1.835388031005859375e+02
-5.693800002336502075e-02 3.607017135620117188e+01 4.187030410766601562e+01 7.126425933837890625e+01 7.555896759033203125e+01 1.057740554809570312e+02 1.280176086425781250e+02 1.349134521484375000e+02 1.571208190917968750e+02 1.667858886718750000e+02 1.799508209228515625e+02
-5.810000002384185791e-02 3.817465209960937500e+01 4.799263381958007812e+01 6.978350067138671875e+01 8.276915740966796875e+01 1.043051986694335938e+02 1.281381072998046875e+02 1.347258758544921875e+02 1.570468597412109375e+02 1.659353637695312500e+02 1.789578704833984375e+02
-5.926200002431869507e-02 3.784056472778320312e+01 4.905163192749023438e+01 6.667376708984375000e+01 8.806120300292968750e+01 1.028299560546875000e+02 1.286255340576171875e+02 1.341677856445312500e+02 1.568997497558593750e+02 1.648176422119140625e+02 1.777241363525390625e+02
-6.042400002479553223e-02 3.707613372802734375e+01 4.655378341674804688e+01 6.253905105590820312e+01 9.156011962890625000e+01 1.011911315917968750e+02 1.291828918457031250e+02 1.333140716552734375e+02 1.566427154541015625e+02 1.635107116699218750e+02 1.761319732666015625e+02
-6.158600002527236938e-02 3.218157577514648438e+01 4.003101348876953125e+01 5.905350875854492188e+01 9.363057708740234375e+01 9.954129028320312500e+01 1.295610351562500000e+02 1.322314758300781250e+02 1.560923309326171875e+02 1.620919342041015625e+02 1.728075561523437500e+02
-6.274800002574920654e-02 0.000000000000000000e+00 3.781954193115234375e+01 5.684727478027343750e+01 9.376895141601562500e+01 9.833233642578125000e+01 1.289697113037109375e+02 1.309859161376953125e+02 1.544212493896484375e+02 1.606208343505859375e+02 1.676932373046875000e+02
-6.391000002622604370e-02 3.657407379150390625e+01 5.607383346557617188e+01 7.023043823242187500e+01 1.055545120239257812e+02 1.190385131835937500e+02 1.240396499633789062e+02 1.454327239990234375e+02 1.614860534667968750e+02 1.793098754882812500e+02 1.895037231445312500e+02
-6.507200002670288086e-02 3.597734832763671875e+01 5.560835647583007812e+01 7.022849273681640625e+01 1.041989212036132812e+02 1.172436294555664062e+02 1.229902420043945312e+02 1.434821472167968750e+02 1.598303833007812500e+02 1.779956359863281250e+02 1.883543853759765625e+02
-6.623400002717971802e-02 3.533086395263671875e+01 5.514010238647460938e+01 7.006552886962890625e+01 1.026492767333984375e+02 1.151586303710937500e+02 1.218704833984375000e+02 1.414783325195312500e+02 1.582431488037109375e+02 1.764460906982421875e+02 1.874866943359375000e+02
-6.739600002765655518e-02 3.461036682128906250e+01 5.466560745239257812e+01 6.970889282226562500e+01 1.008060073852539062e+02 1.126978454589843750e+02 1.206763916015625000e+02 1.394250030517578125e+02 1.566919860839843750e+02 1.746091156005859375e+02 1.869020385742187500e+02
-6.855800002813339233e-02 3.377701568603515625e+01 5.417990493774414062e+01 6.910474395751953125e+01 9.849851989746093750e+01 1.098302001953125000e+02 1.194077148437500000e+02 1.373620910644531250e+02 1.551741790771484375e+02 1.724913635253906250e+02 1.865821838378906250e+02
-6.972000002861022949e-02 3.275632095336914062e+01 5.367315673828125000e+01 6.812683105468750000e+01 9.538930511474609375e+01 1.066503753662109375e+02 1.180672454833984375e+02 1.353414306640625000e+02 1.536867523193359375e+02 1.701195831298828125e+02 1.864929962158203125e+02
-7.088200002908706665e-02 3.137944984436035156e+01 5.312075805664062500e+01 6.646150207519531250e+01 9.098316192626953125e+01 1.034485244750976562e+02 1.166623458862304688e+02 1.334164733886718750e+02 1.522232818603515625e+02 1.675335845947265625e+02 1.866000518798828125e+02
-7.204400002956390381e-02 2.914127540588378906e+01 5.242936325073242188e+01 6.320331573486328125e+01 8.509508514404296875e+01 1.004706192016601562e+02 1.152020111083984375e+02 1.316115112304687500e+02 1.507615356445312500e+02 1.647425689697265625e+02 1.868739166259765625e+02
-7.320600003004074097e-02 2.408529281616210938e+01 5.090970611572265625e+01 5.708514022827148438e+01 7.915604400634765625e+01 9.792445373535156250e+01 1.137388916015625000e+02 1.300028533935546875e+02 1.493230895996093750e+02 1.619689178466796875e+02 1.873060913085937500e+02
-7.436800003051757812e-02 0.000000000000000000e+00 4.238385391235351562e+01 5.282829284667968750e+01 7.461518096923828125e+01 9.591754913330078125e+01 1.123914184570312500e+02 1.284497528076171875e+02 1.477352447509765625e+02 1.593543090820312500e+02 1.879156799316406250e+02
-7.553000003099441528e-02 0.000000000000000000e+00 3.486186599731445312e+01 5.192518997192382812e+01 7.182366180419921875e+01 9.506513977050781250e+01 1.116394577026367188e+02 1.267548065185546875e+02 1.458688354492187500e+02 1.578363647460937500e+02 1.888218688964843750e+02
-7.669200003147125244e-02 2.919852447509765625e+01 5.146658325195312500e+01 5.955574798583984375e+01 8.762617492675781250e+01 1.023443603515625000e+02 1.155571594238281250e+02 1.283529968261718750e+02 1.464948883056640625e+02 1.759091644287109375e+02 1.915078735351562500e+02
-7.785400003194808960e-02 2.782686042785644531e+01 5.103313446044921875e+01 5.715419769287109375e+01 8.597875213623046875e+01 1.000806732177734375e+02 1.145167846679687500e+02 1.273644485473632812e+02 1.455799407958984375e+02 1.749565734863281250e+02 1.921010284423828125e+02
-7.901600003242492676e-02 2.672930526733398438e+01 5.058717727661132812e+01 5.538393020629882812e+01 8.480268096923828125e+01 9.771109771728515625e+01 1.135885009765625000e+02 1.265127258300781250e+02 1.447356872558593750e+02 1.740102081298828125e+02 1.927530670166015625e+02
-8.017800003290176392e-02 2.585022163391113281e+01 5.009063339233398438e+01 5.388738250732421875e+01 8.390711212158203125e+01 9.510354614257812500e+01 1.127418136596679688e+02 1.257277908325195312e+02 1.439212799072265625e+02 1.730448913574218750e+02 1.934382934570312500e+02
-8.134000003337860107e-02 2.470939254760742188e+01 4.929972076416015625e+01 5.205704498291015625e+01 8.285846710205078125e+01 9.245928192138671875e+01 1.119041824340820312e+02 1.249529800415039062e+02 1.430896911621093750e+02 1.719946746826171875e+02 1.941446075439453125e+02
-8.250200003385543823e-02 2.295573806762695312e+01 4.717976379394531250e+01 5.057864761352539062e+01 8.167751312255859375e+01 8.964234924316406250e+01 1.110693893432617188e+02 1.241794738769531250e+02 1.422397460937500000e+02 1.708647613525390625e+02 1.948610382080078125e+02
-8.366400003433227539e-02 1.950174713134765625e+01 4.293268203735351562e+01 4.986295700073242188e+01 8.023163604736328125e+01 8.688972473144531250e+01 1.102020950317382812e+02 1.234211883544921875e+02 1.413838195800781250e+02 1.696159973144531250e+02 1.955823364257812500e+02
-8.482600003480911255e-02 8.995868682861328125e+00 3.739440917968750000e+01 4.940587234497070312e+01 7.858940887451171875e+01 8.425354003906250000e+01 1.093006286621093750e+02 1.226887741088867188e+02 1.405287780761718750e+02 1.682604064941406250e+02 1.963031768798828125e+02
-8.598800003528594971e-02 0.000000000000000000e+00 3.229520416259765625e+01 4.902033996582031250e+01 7.683206939697265625e+01 8.167972564697265625e+01 1.083542709350585938e+02 1.219844741821289062e+02 1.396754760742187500e+02 1.667633056640625000e+02 1.970180969238281250e+02
-8.715000003576278687e-02 0.000000000000000000e+00 2.885572052001953125e+01 4.866548538208007812e+01 7.511909484863281250e+01 7.912501525878906250e+01 1.073706665039062500e+02 1.213209152221679688e+02 1.388314819335937500e+02 1.651650695800781250e+02 1.977219390869140625e+02
-8.831200003623962402e-02 0.000000000000000000e+00 2.632374000549316406e+01 4.832577514648437500e+01 7.353195190429687500e+01 7.646247100830078125e+01 1.063557662963867188e+02 1.207031784057617188e+02 1.380028991699218750e+02 1.634754638671875000e+02 1.984078826904296875e+02
-8.947400003671646118e-02 0.000000000000000000e+00 2.402178001403808594e+01 4.799497985839843750e+01 7.208023071289062500e+01 7.364335632324218750e+01 1.053284072875976562e+02 1.201395645141601562e+02 1.372032470703125000e+02 1.617358093261718750e+02 1.990669860839843750e+02
nan nan nan nan nan nan nan nan nan nan nan
nan nan nan nan nan nan nan nan nan nan nan
nan nan nan nan nan nan nan nan nan nan nan
nan nan nan nan nan nan nan nan nan nan nan
nan nan nan nan nan nan nan nan nan nan nan
nan nan nan nan nan nan nan nan nan nan nan
nan nan nan nan nan nan nan nan nan nan nan
nan nan nan nan nan nan nan nan nan nan nan
nan nan nan nan nan nan nan nan nan nan nan
nan nan nan nan nan nan nan nan nan nan nan
nan nan nan nan nan nan nan nan nan nan nan
nan nan nan nan nan nan nan nan nan nan nan
nan nan nan nan nan nan nan nan nan nan nan
nan nan nan nan nan nan nan nan nan nan nan
nan nan nan nan nan nan nan nan nan nan nan
nan nan nan nan nan nan nan nan nan nan nan
nan nan nan nan nan nan nan nan nan nan nan
nan nan nan nan nan nan nan nan nan nan nan
nan nan nan nan nan nan nan nan nan nan nan
nan nan nan nan nan nan nan nan nan nan nan
nan nan nan nan nan nan nan nan nan nan nan
nan nan nan nan nan nan nan nan nan nan nan
nan nan nan nan nan nan nan nan nan nan nan
