1.645887049613486765e-07
8.829423007692592746e-05
2.923687733727496738e-04
5.004643442640536229e-04
7.543090405362604285e-04
1.033085253196719443e-03
1.343687214016699204e-03
1.688791671457039959e-03
2.069249689610096893e-03
2.485095877222686083e-03
2.935837880704896333e-03
3.420659933572173066e-03
3.938563538656925447e-03
4.488395433610166928e-03
5.068930640659854298e-03
5.678893744994682226e-03
6.317052621787276265e-03
6.982218944387547435e-03
7.673340675359798316e-03
8.389448651843045557e-03
9.129748266536929710e-03
9.893542726988391323e-03
1.068028792195412600e-02
1.148951926849924032e-02
1.232087298976224446e-02
1.317407254302626306e-02
1.404888897953243676e-02
1.494514659341679257e-02
1.586273408456015388e-02
1.680158846943130904e-02
1.776166982293072433e-02
1.874300163880678050e-02
1.974563971573614629e-02
2.076966646796594637e-02
2.181522464464789174e-02
2.288246969414075432e-02
2.397159904134018443e-02
2.508285559170016568e-02
2.621648883844784200e-02
2.737282080942764553e-02
2.855217710334521930e-02
2.975494362376391103e-02
3.098155670694517638e-02
3.223246371961779877e-02
3.350828455871991685e-02
3.480934913001634129e-02
3.613636289390008416e-02
3.774658542121486077e-02
3.883708469516333750e-02
4.023418809653733774e-02
4.166422923456120780e-02
4.312800176136386693e-02
4.468954311490564574e-02
4.664732029535969410e-02
4.852508433052474257e-02
5.037787930857145352e-02
5.221045568440186441e-02
5.396128261188654768e-02
5.589132663628847836e-02
5.793878315596596301e-02
5.981267121677523446e-02
6.172218556886319152e-02
6.565878253709252210e-02
6.769558559896769745e-02
6.978856020535713356e-02
7.195296531440098509e-02
7.422276794306904846e-02
7.541901425009310544e-02
7.848859276360967141e-02
8.479263008115404954e-02
8.746270199451877669e-02
9.007297672767719532e-02
9.266585167691465674e-02
9.526315765778257949e-02
9.788165199659785987e-02
1.006419529652456263e-01
1.035309107468420503e-01
1.117300020380952857e-01
1.150465111791588307e-01
1.174515697002092574e-01
1.198675586856645658e-01
1.222951510530529834e-01
1.247351108902479133e-01
1.271876904654662410e-01
1.296536081179525679e-01
1.321335081562017011e-01
1.346274183678461689e-01
1.371370267528300158e-01
1.383978556679187621e-01
1.406277602487347456e-01
1.429889690194608431e-01
1.455104123422149287e-01
1.483257457472663410e-01
1.518448267414228281e-01
1.543667916577320942e-01
1.569082397808374552e-01
1.594707562219117025e-01
1.620550154977591362e-01
1.646613738132408911e-01
1.663833129973131264e-01
1.688887743161383292e-01
1.718845585558917977e-01
1.744540412969214638e-01
1.772087756750910514e-01
1.799504818588465727e-01
1.827941395761812082e-01
1.856241976513501313e-01
1.884725566816589648e-01
1.913769287612002989e-01
1.942576879286981306e-01
1.968934590483678027e-01
1.999454725580449288e-01
2.028593879348612461e-01
2.059552439854447359e-01
2.089739690698379226e-01
2.120600535097199035e-01
2.151969338874269999e-01
2.183522341885047457e-01
2.215032221317174144e-01
2.246671596343960964e-01
2.278781817754219063e-01
2.311242534863981735e-01
2.343832019097421560e-01
2.376582382473385324e-01
2.409609671691591848e-01
2.442973929016558632e-01
2.476633003669551636e-01
2.510597538155621700e-01
2.544782320029930767e-01
2.579272851414779466e-01
2.591907977589998913e-01
