5.652143066406250000e+03 0.000000000000000000e+00
5.645106445312500000e+03 -4.874894148088060319e-05
5.638069335937500000e+03 -7.809144881321117282e-05
5.631032714843750000e+03 -7.510405703214928508e-05
5.623995605468750000e+03 -7.626352453371509910e-05
5.595848144531250000e+03 -9.636375762056559324e-05
5.567700683593750000e+03 -1.305718760704621673e-04
5.539552734375000000e+03 -1.746629277477040887e-04
5.511405273437500000e+03 -2.255335566587746143e-04
5.483257812500000000e+03 -2.801039663609117270e-04
5.455110351562500000e+03 -3.342166019137948751e-04
5.426962890625000000e+03 -3.767232992686331272e-04
5.419925781250000000e+03 -3.741803229786455631e-04
5.419486328125000000e+03 -3.728027804754674435e-04
5.419046386718750000e+03 -3.709088196046650410e-04
5.418606445312500000e+03 -3.677823697216808796e-04
5.418496582031250000e+03 -3.665288968477398157e-04
5.418331542968750000e+03 -3.633898741099983454e-04
5.418236816406250000e+03 -3.572630521375685930e-04
5.418083984375000000e+03 -2.717608294915407896e-04
5.417949707031250000e+03 -2.719446783885359764e-04
5.417647949218750000e+03 -2.723586221691220999e-04
5.417376464843750000e+03 -2.727315877564251423e-04
5.416969726562500000e+03 -2.732916909735649824e-04
5.416358886718750000e+03 -2.741334028542041779e-04
5.415442871093750000e+03 -2.753994194790720940e-04
5.414068359375000000e+03 -2.773061569314450026e-04
5.412007324218750000e+03 -2.801836526487022638e-04
5.408915527343750000e+03 -2.845387789420783520e-04
5.404277832031250000e+03 -2.911580377258360386e-04
5.398814941406250000e+03 -2.990881330333650112e-04
5.370667480468750000e+03 -3.421518194954842329e-04
5.342520019531250000e+03 -3.886718768626451492e-04
5.314372558593750000e+03 -4.383464111015200615e-04
5.286224609375000000e+03 -4.909027484245598316e-04
5.258077148437500000e+03 -5.460998509079217911e-04
5.229929687500000000e+03 -6.037267157807946205e-04
5.201782226562500000e+03 -6.635970785282552242e-04
5.173634765625000000e+03 -7.255424279719591141e-04
5.145487304687500000e+03 -7.894049049355089664e-04
5.117339843750000000e+03 -8.550501079298555851e-04
5.089192382812500000e+03 -9.222732624039053917e-04
5.061044921875000000e+03 -9.909167420119047165e-04
5.032897460937500000e+03 -1.060782931745052338e-03
5.004750000000000000e+03 -1.131649827584624290e-03
