0.000000000000000000e+00
2.107342425544701733e-08
7.884953353001448990e-08
2.346637211445518997e-07
5.666361254999577785e-07
1.074951219372290517e-06
1.802486243848739579e-06
2.907750757259173785e-06
4.261992603293042459e-06
6.139097569876506502e-06
8.305201994143072278e-06
1.117008774860614273e-05
1.436390011291631199e-05
1.849678924190766179e-05
2.298835321174633406e-05
2.870726397475721904e-05
3.490039642824362002e-05
4.212492118046597806e-05
5.142648718145660631e-05
6.205521623880320482e-05
7.802890866646140257e-05
1.008823690384429259e-04
1.378463479544840813e-04
1.849570505030906668e-04
2.499789456233043623e-04
3.243618453294043013e-04
4.136594229624782786e-04
5.280674147603939012e-04
6.634173600656493013e-04
1.289619468219686425e-03
1.370435031721894351e-03
1.433312258989319528e-03
1.691506130167338452e-03
1.903010863298018043e-03
2.094019270254707417e-03
2.398634597089378991e-03
2.642429149091363345e-03
2.922759540783836582e-03
3.272287035478401492e-03
3.590382726529455990e-03
3.979848123105759333e-03
4.364996190080358898e-03
4.801209171956804557e-03
5.241908746756812620e-03
5.746833313998811997e-03
6.242860204499708215e-03
6.774929118515822871e-03
7.386334007767670663e-03
7.988935056018315814e-03
8.685415719847870697e-03
9.365969596727067095e-03
1.014605090782440613e-02
1.090490662404526231e-02
1.176994853466127589e-02
1.261219140208333367e-02
1.357526367440057939e-02
1.451475648732041858e-02
1.550691015265557096e-02
1.664504840114642073e-02
1.775822696283709673e-02
1.903613180137572400e-02
2.028371661696825798e-02
2.170450595349216610e-02
2.306100703716121650e-02
2.453337156514689282e-02
2.602201481835932778e-02
2.996703116813966700e-02
3.429617590894895596e-02
3.651936504576472342e-02
3.924231103689029138e-02
4.095774497055864466e-02
4.324962093558032405e-02
4.439781845292106038e-02
4.511540884801015089e-02
4.606977007107050659e-02
4.707313345922227443e-02
4.761006928367741281e-02
4.757467286115007327e-02
4.759567095976819512e-02
4.849858348624921239e-02
5.017912800181716093e-02
5.174071664200986104e-02
5.323551164068393571e-02
5.482178114162712668e-02
5.698651118227005680e-02
5.916240054961436484e-02
6.133631027177088857e-02
6.382577396671919312e-02
6.642415099614470964e-02
6.954302686381327869e-02
7.260470660524973030e-02
7.615544075549990355e-02
7.979199411265715247e-02
8.425739919171099102e-02
8.896912731674505581e-02
9.498466249810312567e-02
1.019969055827162213e-01
1.122652432177097814e-01
1.314500542139951378e-01
1.749425572368832893e-01
1.860789024213392595e-01
1.945701221473063458e-01
1.957823186235763124e-01
