4.712160915387242321e-08
4.712160915387242321e-08
5.161913655903570101e-08
1.672651195574080477e-07
4.251403396632437047e-07
8.150812584863735455e-07
1.389728021462556975e-06
2.252886055569280662e-06
3.312887069044836071e-06
4.778001047593606535e-06
6.472938186873099250e-06
8.705084410324435512e-06
1.118506609617462061e-05
1.437039122369257788e-05
1.782964878785559432e-05
2.219417786582462946e-05
2.687750661418940526e-05
3.226571800510539384e-05
3.902024910451713373e-05
4.622201372947495331e-05
5.529371377082856876e-05
6.507132869978249487e-05
7.756408673579204250e-05
9.140955286439379735e-05
1.099459153742997071e-04
1.324122207035381194e-04
1.669040639887949212e-04
3.004225554949888793e-04
8.168898378544896775e-04
1.064202242714156268e-03
1.277539004719843285e-03
1.590191886690224196e-03
1.852964415086310939e-03
2.169687801127610002e-03
2.496673875176521132e-03
2.854551272096982843e-03
3.222806619952851576e-03
3.615092367388461105e-03
4.063098942291994663e-03
4.512574134214015001e-03
5.028104517020257590e-03
5.534490902511946669e-03
6.120807791181352014e-03
6.693015974121118913e-03
7.351471668498867421e-03
7.995741315455563367e-03
8.674953922719969013e-03
9.453917976680567201e-03
1.021372001805642346e-02
1.108298735512174005e-02
1.193084209031836443e-02
1.290042142954755770e-02
1.384487615099515116e-02
1.492328146491411073e-02
1.596867142864230593e-02
1.714808378330183458e-02
1.825826618958861780e-02
1.933003916356300367e-02
2.026140654779786526e-02
2.039767807631134855e-02
1.883943063371043905e-02
1.952308740057874872e-02
2.022270068913723309e-02
2.012595901365142950e-02
1.595261193707375041e-02
1.341415589877870997e-02
1.424176922070751611e-02
1.422882205513765520e-02
1.350989187060942266e-02
1.389171923336523888e-02
1.427199764753350059e-02
1.416429437559242610e-02
1.456349569917566276e-02
1.518543642467371467e-02
1.540872726646771475e-02
1.575914510168522145e-02
1.620023569218432755e-02
1.644715276134046250e-02
1.665173522490352373e-02
1.693982903415139699e-02
1.718732791127203230e-02
1.733153520878192438e-02
1.753082610939260891e-02
1.772579817707078259e-02
1.787309230923928016e-02
1.799629582264567623e-02
1.814077236552139386e-02
1.827804612974989057e-02
1.837343018089540939e-02
1.847565388082792609e-02
1.857227646099855745e-02
1.865689328801661134e-02
1.871300815768114911e-02
1.875540445409674614e-02
1.876719758428621598e-02
1.873485759046699881e-02
1.866450679712670924e-02
1.856766214044741625e-02
1.844084944840342077e-02
1.830221444239905557e-02
1.812728102264878766e-02
1.794606946636899403e-02
1.773117626917669956e-02
1.751921538467238193e-02
1.726274614705432600e-02
1.699930202145680594e-02
1.670046557444444801e-02
1.639555718015188457e-02
1.606715896212322983e-02
1.569068775511234942e-02
1.529450608999718790e-02
1.485424464103118208e-02
1.435245602481191075e-02
1.380528718650033543e-02
1.317737310922442208e-02
1.246410575818421643e-02
1.159693664270988051e-02
1.056444271525228129e-02
9.286467169425851459e-03
7.639304679174547738e-03
5.610434909773283699e-03
2.988931538966092469e-03
5.292788386974955645e-04
3.029051955509277656e-03
5.213468325270256658e-03
5.532772892161580761e-03
4.693852630736705146e-03
1.450921865375238290e-02
6.294084712153628913e-02
1.698460875122281277e-01
2.594162309635922870e-01
2.963599114398434153e-01
3.557433053797673383e-01
4.195188585951445948e-01
3.642087378841590284e-01
