5.575503985246929189e-08
5.575503985246929189e-08
4.712160915387242321e-08
1.228781230931777731e-07
3.244212427299817768e-07
6.364034564513856551e-07
1.096223244532969032e-06
1.785529735824762618e-06
2.628524286905344937e-06
3.788882130342707864e-06
5.119237487334332563e-06
6.898127197698147795e-06
8.845141512006755985e-06
1.135407859837025412e-05
1.407001065357830790e-05
1.748298065945614289e-05
2.112749252104650891e-05
2.529665118191337027e-05
3.048100179615371552e-05
3.598743650871330280e-05
4.284205901766532834e-05
5.016277558648246697e-05
5.938702583907264087e-05
6.941378668460133981e-05
8.244462509506979395e-05
9.721051151900599822e-05
1.159328211294402815e-04
1.436463879142089604e-04
1.832341857801967830e-04
2.726792097995497043e-04
5.881344345924045206e-04
1.153873380865348512e-03
1.549716669247601158e-03
1.964902564358837148e-03
2.389513387084896048e-03
2.830820993897021493e-03
3.276330591024025334e-03
3.747349143235934044e-03
4.273937360394361278e-03
4.800406918339641428e-03
5.399467215029885199e-03
5.982944305710055817e-03
6.656900618932467227e-03
7.310865994724366837e-03
8.060472107192198643e-03
8.791788093969413881e-03
9.559434922541838395e-03
1.043654203270570451e-02
1.128807308226912123e-02
1.225602542924627766e-02
1.319217966242774986e-02
1.424853123461620845e-02
1.525522373934200086e-02
1.636011420000053548e-02
1.735125663137530513e-02
1.829241958244871499e-02
1.886228436415445311e-02
1.890083854737318464e-02
1.842092714559536229e-02
1.892877047326731177e-02
1.975054368181121400e-02
2.023467953750078541e-02
1.892502794585051995e-02
1.343900327754944321e-02
1.300023257552200377e-02
1.367043713635190429e-02
1.313400960901435488e-02
1.262633141600997405e-02
1.286935053515128602e-02
1.276524942027930203e-02
1.249975440339756369e-02
1.266413550150707022e-02
1.272581562165865654e-02
1.263871035919441992e-02
1.274333124209203402e-02
1.289584236192136898e-02
1.292081858993531299e-02
1.299937715696868751e-02
1.315643074076430080e-02
1.324000794058578963e-02
1.331144091266598523e-02
1.341914825549146185e-02
1.351884819455690702e-02
1.357289430302865280e-02
1.364051848747700572e-02
1.370856155049578542e-02
1.375223604539802663e-02
1.378211115228290817e-02
1.381316685056934064e-02
1.383886822846143970e-02
1.384452897601073235e-02
1.384166770471621441e-02
1.383720834886430218e-02
1.382236738798910125e-02
1.379608577713027119e-02
1.376087119948148953e-02
1.372414975814648802e-02
1.367448177350097036e-02
1.361787851183737103e-02
1.355396159410052898e-02
1.347990754420724802e-02
1.340234116444418561e-02
1.331273288184464665e-02
1.320903993128358205e-02
1.310217718129906388e-02
1.298451697855543437e-02
1.286881594693779947e-02
1.273199794997427817e-02
1.258700115643338058e-02
1.243330845112383155e-02
1.226405590892279754e-02
1.208984437114917973e-02
1.190068085019246880e-02
1.170052974453126594e-02
1.149801152862371667e-02
1.127556597930877251e-02
1.107053694116660880e-02
1.087283722110731973e-02
1.071617329836512325e-02
1.066194604158769189e-02
1.084541860979195728e-02
1.163878603025956734e-02
1.408922243268225134e-02
2.230464579506327358e-02
5.579504151267260931e-02
1.625487736965930130e-01
2.336563485472601398e-01
2.463614374483134861e-01
3.113734082116532687e-01
3.513796006538583705e-01
3.366754421206464287e-01
3.467453077474783041e-01
3.653682597068962923e-01
3.649650634269218652e-01
3.373289227580017480e-01
3.545906842407758885e-01
3.822559240681029924e-01
3.817949695745249672e-01
3.830227674861425569e-01
3.865062962295567894e-01
3.850482746929004829e-01
3.942780915164386668e-01
4.152472262779606793e-01
4.494725166284046503e-01
4.432739014700879943e-01
4.317895323268846619e-01
4.468848462718622572e-01
4.575817018489202193e-01
4.572914183301320934e-01
4.618191934083561989e-01
4.694918733130050148e-01
4.731409159720404989e-01
4.777601606861265893e-01
5.104913964326585063e-01
5.268097555883427541e-01
5.103112269423251135e-01
5.133740202409505793e-01
5.269599950991491477e-01
5.277929416486744074e-01
5.239994644949181879e-01
5.126174126900837624e-01
5.118835078150598683e-01
