5.652148925781250000e+03 0.000000000000000000e+00
5.652145019531250000e+03 -4.574265233259211527e-08
5.652118164062500000e+03 -3.603216498504480114e-07
5.652053222656250000e+03 -1.115318013944488484e-06
5.651917968750000000e+03 -2.673697963473387063e-06
5.651715332031250000e+03 -5.002028046874329448e-06
5.651421386718750000e+03 -8.376261575904209167e-06
5.650981445312500000e+03 -1.342089217359898612e-05
5.650446289062500000e+03 -1.954601430043112487e-05
5.649709960937500000e+03 -2.797202796500641853e-05
5.648870117187500000e+03 -3.757507874979637563e-05
5.647770019531250000e+03 -5.013976624468341470e-05
5.646565429687500000e+03 -6.389139889506623149e-05
5.645040039062500000e+03 -8.128990884870290756e-05
5.643415039062500000e+03 -9.980196773540228605e-05
5.641406250000000000e+03 -1.226633903570473194e-04
5.639310546875000000e+03 -1.464834494981914759e-04
5.636971679687500000e+03 -1.730240910546854138e-04
5.634151855468750000e+03 -2.049602917395532131e-04
5.631274414062500000e+03 -2.374693285673856735e-04
5.627848632812500000e+03 -2.760477364063262939e-04
5.624392089843750000e+03 -3.148005635011941195e-04
5.620317871093750000e+03 -3.601748903747648001e-04
5.616245117187500000e+03 -4.050851275678724051e-04
5.611485839843750000e+03 -4.566800489556044340e-04
5.606764160156250000e+03 -5.062733544036746025e-04
5.601720214843750000e+03 -5.560460849665105343e-04
5.595885742187500000e+03 -6.057997816242277622e-04
5.590151367187500000e+03 -6.413127994164824486e-04
5.583555175781250000e+03 -6.644570967182517052e-04
5.577106933593750000e+03 -6.753629422746598721e-04
5.569725585937500000e+03 -6.816641543991863728e-04
5.562542968750000000e+03 -6.859952700324356556e-04
5.554356933593750000e+03 -6.911887321621179581e-04
5.546423339843750000e+03 -6.972915725782513618e-04
5.537416015625000000e+03 -7.056732429191470146e-04
5.528718261718750000e+03 -7.151269237510859966e-04
5.519649902343750000e+03 -7.262228755280375481e-04
5.509405273437500000e+03 -7.400611066259443760e-04
5.499559082031250000e+03 -7.544812979176640511e-04
5.488468261718750000e+03 -7.718636188656091690e-04
5.477838378906250000e+03 -7.895252201706171036e-04
5.465896972656250000e+03 -8.104133885353803635e-04
5.454480957031250000e+03 -8.313273428939282894e-04
5.441687988281250000e+03 -8.557749679312109947e-04
5.429486816406250000e+03 -8.800203795544803143e-04
5.416909179687500000e+03 -9.059042204171419144e-04
5.402859863281250000e+03 -9.358261013403534889e-04
5.389502441406250000e+03 -9.652123553678393364e-04
5.374612304687500000e+03 -9.989915415644645691e-04
5.360481933593750000e+03 -1.031991792842745781e-03
5.344759277343750000e+03 -1.069735037162899971e-03
5.329865722656250000e+03 -1.106428098864853382e-03
5.313322753906250000e+03 -1.148191746324300766e-03
5.297678222656250000e+03 -1.188594498671591282e-03
5.280329101562500000e+03 -1.234346418641507626e-03
5.263948242187500000e+03 -1.278368057683110237e-03
5.247219238281250000e+03 -1.324043376371264458e-03
5.228708984375000000e+03 -1.375279040075838566e-03
5.211269531250000000e+03 -1.424036803655326366e-03
5.191999023437500000e+03 -1.478179940022528172e-03
5.173868164062500000e+03 -1.529015018604695797e-03
5.153860839843750000e+03 -1.584371202625334263e-03
5.135061035156250000e+03 -1.634775544516742229e-03
5.114340820312500000e+03 -1.686775940470397472e-03
5.094895019531250000e+03 -1.729372306726872921e-03
5.075148437500000000e+03 -1.761950552463531494e-03
5.053423828125000000e+03 -1.780542894266545773e-03
5.033069824218750000e+03 -1.788016641512513161e-03
5.010702148437500000e+03 -1.801983336918056011e-03
4.989769042968750000e+03 -1.822223886847496033e-03
4.966790039062500000e+03 -1.849241554737091064e-03
4.945307617187500000e+03 -1.877927803434431553e-03
4.921749511718750000e+03 -1.912598963826894760e-03
4.899749023437500000e+03 -1.947415759786963463e-03
4.875646972656250000e+03 -1.987660070881247520e-03
4.853159667968750000e+03 -2.026961185038089752e-03
4.830451660156250000e+03 -2.068185480311512947e-03
4.805609863281250000e+03 -2.114853356033563614e-03
4.782465820312500000e+03 -2.159670926630496979e-03
4.757171386718750000e+03 -2.210014499723911285e-03
4.733626464843750000e+03 -2.258078660815954208e-03
4.707917480468750000e+03 -2.311813645064830780e-03
4.684008789062500000e+03 -2.362890867516398430e-03
4.657925781250000000e+03 -2.419772325083613396e-03
4.633689941406250000e+03 -2.473676577210426331e-03
4.609311035156250000e+03 -2.528886776417493820e-03
4.582749023437500000e+03 -2.590123796835541725e-03
4.558099609375000000e+03 -2.647934481501579285e-03
4.531266113281250000e+03 -2.711924724280834198e-03
4.506385742187500000e+03 -2.772214356809854507e-03
4.479322753906250000e+03 -2.838808810338377953e-03
4.454250976562500000e+03 -2.901428611949086189e-03
4.427002441406250000e+03 -2.970440546050667763e-03
4.401779296875000000e+03 -3.035008208826184273e-03
4.374388671875000000e+03 -3.104390110820531845e-03
4.349054687500000000e+03 -3.159801242873072624e-03
4.323682128906250000e+03 -3.192807314917445183e-03
4.296162109375000000e+03 -3.221914172172546387e-03
4.270738769531250000e+03 -3.257875097915530205e-03
4.243186523437500000e+03 -3.308154409751296043e-03
4.217753906250000000e+03 -3.351624356582760811e-03
4.190213378906250000e+03 -3.369351150467991829e-03
4.164812011718750000e+03 -3.332958789542317390e-03
4.138846191406250000e+03 -3.232925431802868843e-03
4.112076171875000000e+03 -3.057685913518071175e-03
4.086604736328125000e+03 -2.396053867414593697e-03
4.059675292968750000e+03 -2.492815023288130760e-03
4.034440673828125000e+03 -2.523572184145450592e-03
4.006802246093750000e+03 -2.772533334791660309e-03
3.982165527343750000e+03 -2.738224575296044350e-03
3.956666015625000000e+03 -2.652372932061553001e-03
3.930301025390625000e+03 -2.584260888397693634e-03
3.904772949218750000e+03 -2.632262650877237320e-03
3.879872314453125000e+03 -2.750143175944685936e-03
3.854664062500000000e+03 -2.799412468448281288e-03
3.828940429687500000e+03 -2.757044276222586632e-03
3.803859619140625000e+03 -2.693169983103871346e-03
3.779900390625000000e+03 -2.688903128728270531e-03
3.755042724609375000e+03 -2.762586576864123344e-03
3.730855712890625000e+03 -2.821560949087142944e-03
3.706510742187500000e+03 -2.820479450747370720e-03
3.682396728515625000e+03 -2.779961796477437019e-03
3.658729003906250000e+03 -2.742682583630084991e-03
3.634984619140625000e+03 -2.756262896582484245e-03
3.611959472656250000e+03 -2.806725446134805679e-03
3.588463867187500000e+03 -2.812177175655961037e-03
3.565785888671875000e+03 -2.766997786238789558e-03
3.543432128906250000e+03 -2.720721298828721046e-03
3.520955322265625000e+03 -2.718511503189802170e-03
3.499312500000000000e+03 -2.665194449946284294e-03
3.477578369140625000e+03 -2.720850054174661636e-03
3.474587402343750000e+03 -2.736102556809782982e-03
