5.652102050781250000e+03 0.000000000000000000e+00
5.652098144531250000e+03 -4.584459745160529565e-08
5.652071289062500000e+03 -3.608766689922049409e-07
5.652006347656250000e+03 -1.116881321649998426e-06
5.651871093750000000e+03 -2.677229986147722229e-06
5.651668457031250000e+03 -5.008290827390737832e-06
5.651374511718750000e+03 -8.386065019294619560e-06
5.650934082031250000e+03 -1.343507756246253848e-05
5.650399414062500000e+03 -1.956405139935668558e-05
5.649663085937500000e+03 -2.799270623654592782e-05
5.648823242187500000e+03 -3.759495666599832475e-05
5.647723144531250000e+03 -5.015235728933475912e-05
5.646518554687500000e+03 -6.388771726051345468e-05
5.644993164062500000e+03 -8.125291060423478484e-05
5.643368164062500000e+03 -9.971342660719528794e-05
5.641359375000000000e+03 -1.224875886691734195e-04
5.639263671875000000e+03 -1.461880601709708571e-04
5.636924804687500000e+03 -1.725598558550700545e-04
5.634105468750000000e+03 -2.042418054770678282e-04
5.631228027343750000e+03 -2.364337706239894032e-04
5.627802246093750000e+03 -2.745602687355130911e-04
5.624345214843750000e+03 -3.127815143670886755e-04
5.620271484375000000e+03 -3.574525180738419294e-04
5.616198730468750000e+03 -4.016228485852479935e-04
5.611438964843750000e+03 -4.524188989307731390e-04
5.606717285156250000e+03 -5.014182534068822861e-04
5.601673828125000000e+03 -5.498874234035611153e-04
5.595838867187500000e+03 -5.622862372547388077e-04
5.590104492187500000e+03 -4.826956428587436676e-04
5.583508300781250000e+03 -4.856353334616869688e-04
5.577060058593750000e+03 -4.931663279421627522e-04
5.569679199218750000e+03 -5.039245006628334522e-04
5.562496093750000000e+03 -5.170868826098740101e-04
5.554310546875000000e+03 -5.344225210137665272e-04
5.546376953125000000e+03 -5.531918141059577465e-04
5.537370117187500000e+03 -5.766874528490006924e-04
5.528672363281250000e+03 -6.011941004544496536e-04
5.519604003906250000e+03 -6.285321433097124100e-04
5.509359375000000000e+03 -6.614379235543310642e-04
5.499513183593750000e+03 -6.948431837372481823e-04
5.488422363281250000e+03 -7.344338227994740009e-04
5.477792968750000000e+03 -7.741467561572790146e-04
5.465851562500000000e+03 -8.206203929148614407e-04
5.454436035156250000e+03 -8.667528745718300343e-04
5.441643066406250000e+03 -9.202191140502691269e-04
5.429441894531250000e+03 -9.727847063913941383e-04
5.416864257812500000e+03 -1.028410159051418304e-03
5.402815429687500000e+03 -1.092045451514422894e-03
5.389458007812500000e+03 -1.153808436356484890e-03
5.374567871093750000e+03 -1.223830506205558777e-03
5.360437988281250000e+03 -1.291119027882814407e-03
5.344715820312500000e+03 -1.366543467156589031e-03
5.329822265625000000e+03 -1.438036793842911720e-03
5.313279785156250000e+03 -1.516742166131734848e-03
5.297635253906250000e+03 -1.589479506947100163e-03
5.280286621093750000e+03 -1.666425494477152824e-03
5.263905761718750000e+03 -1.732717384584248066e-03
5.247177246093750000e+03 -1.789090223610401154e-03
5.228666992187500000e+03 -1.827012165449559689e-03
5.211227050781250000e+03 -1.815672498196363449e-03
5.191957031250000000e+03 -1.765437657013535500e-03
5.173826171875000000e+03 -1.807028194889426231e-03
5.153818847656250000e+03 -1.840601093135774136e-03
5.135019042968750000e+03 -1.860750839114189148e-03
5.114298828125000000e+03 -1.780539285391569138e-03
5.094853027343750000e+03 -1.769340364262461662e-03
5.075106445312500000e+03 -1.794312498532235622e-03
5.053381835937500000e+03 -1.821544603444635868e-03
5.033028320312500000e+03 -1.848428742960095406e-03
5.010660644531250000e+03 -1.879407442174851894e-03
4.989728027343750000e+03 -1.908944454044103622e-03
4.966749023437500000e+03 -1.941892434842884541e-03
4.945266601562500000e+03 -1.973330276086926460e-03
4.921708984375000000e+03 -2.008760347962379456e-03
4.899708496093750000e+03 -2.043304732069373131e-03
4.875606445312500000e+03 -2.083028899505734444e-03
4.853119628906250000e+03 -2.121818950399756432e-03
4.830411621093750000e+03 -2.162442076951265335e-03
4.805570312500000000e+03 -2.208448480814695358e-03
4.782426269531250000e+03 -2.252668375149369240e-03
4.757131835937500000e+03 -2.302312757819890976e-03
4.733587402343750000e+03 -2.349673537537455559e-03
4.707878906250000000e+03 -2.402617130428552628e-03
4.683970214843750000e+03 -2.452929737046360970e-03
4.657887207031250000e+03 -2.508946694433689117e-03
4.633651855468750000e+03 -2.562039066106081009e-03
4.609272949218750000e+03 -2.616440644487738609e-03
4.582710937500000000e+03 -2.676834817975759506e-03
4.558062011718750000e+03 -2.733936998993158340e-03
4.531228515625000000e+03 -2.797289285808801651e-03
4.506348144531250000e+03 -2.857173094525933266e-03
4.479285644531250000e+03 -2.923614811152219772e-03
4.454214355468750000e+03 -2.986420644447207451e-03
4.426965820312500000e+03 -3.056039102375507355e-03
4.401743164062500000e+03 -3.121692221611738205e-03
4.374352539062500000e+03 -3.194223623722791672e-03
4.349019042968750000e+03 -3.262398065999150276e-03
4.323646484375000000e+03 -3.331706160679459572e-03
4.296126953125000000e+03 -3.408033866435289383e-03
4.270704101562500000e+03 -3.479616250842809677e-03
4.243151855468750000e+03 -3.558354452252388000e-03
4.217719238281250000e+03 -3.632118459790945053e-03
4.190179199218750000e+03 -3.713176585733890533e-03
4.165307617187500000e+03 -3.787447232753038406e-03
4.137823242187500000e+03 -3.870698856189846992e-03
4.111966796875000000e+03 -3.950158134102821350e-03
4.084912353515625000e+03 -4.034483339637517929e-03
4.059434326171875000e+03 -4.115013871341943741e-03
4.034165283203125000e+03 -4.195949994027614594e-03
4.007663818359375000e+03 -4.281976260244846344e-03
3.982233886718750000e+03 -4.365622531622648239e-03
3.956608154296875000e+03 -4.450995475053787231e-03
3.930397705078125000e+03 -4.539438989013433456e-03
3.905053710937500000e+03 -4.626015666872262955e-03
3.879619140625000000e+03 -4.713926929980516434e-03
3.854736572265625000e+03 -4.800890572369098663e-03
3.829261962890625000e+03 -4.890840034931898117e-03
3.804371337890625000e+03 -4.979501012712717056e-03
3.779643310546875000e+03 -5.068111699074506760e-03
3.754688476562500000e+03 -5.157579202204942703e-03
3.730686035156250000e+03 -5.242729559540748596e-03
3.705993408203125000e+03 -5.327399820089340210e-03
3.681999755859375000e+03 -5.403402261435985565e-03
3.658795654296875000e+03 -5.466185975819826126e-03
3.634048339843750000e+03 -5.516199395060539246e-03
3.611603515625000000e+03 -5.542097147554159164e-03
3.588838867187500000e+03 -5.540441256016492844e-03
3.565689697265625000e+03 -5.472442135214805603e-03
3.542802734375000000e+03 -5.219300277531147003e-03
3.520666015625000000e+03 -4.676203709095716476e-03
3.499253417968750000e+03 -4.019820131361484528e-03
3.477439697265625000e+03 -3.848217893391847610e-03
3.456170410156250000e+03 -4.010846838355064392e-03
3.434852050781250000e+03 -2.884752349928021431e-03
3.416155273437500000e+03 -3.497884841635823250e-03
