5.652101074218750000e+03 0.000000000000000000e+00
5.652097656250000000e+03 -3.529604697405375191e-08
5.652070800781250000e+03 -2.768701392596994992e-07
5.652005371093750000e+03 -8.562123525734932628e-07
5.651870117187500000e+03 -2.051317551376996562e-06
5.651667480468750000e+03 -3.835485586023423821e-06
5.651373535156250000e+03 -6.418271823349641636e-06
5.650933593750000000e+03 -1.027336384140653536e-05
5.650398437500000000e+03 -1.494380194344557822e-05
5.649662109375000000e+03 -2.134936585207469761e-05
5.648822265625000000e+03 -2.862088877009227872e-05
5.647722656250000000e+03 -3.808469409705139697e-05
5.646517578125000000e+03 -4.836935113416984677e-05
5.644992187500000000e+03 -6.125077925389632583e-05
5.643367187500000000e+03 -7.474369340343400836e-05
5.641358398437500000e+03 -9.087870421353727579e-05
5.639262695312500000e+03 -1.056651090038940310e-04
5.636923828125000000e+03 -9.746597788762301207e-05
5.634104003906250000e+03 -9.293785842601209879e-05
5.631226562500000000e+03 -9.329984459327533841e-05
5.627800781250000000e+03 -9.498269355390220881e-05
5.624343750000000000e+03 -9.749554737936705351e-05
5.620270019531250000e+03 -1.013246510410681367e-04
5.616196777343750000e+03 -1.059453425114043057e-04
5.611437500000000000e+03 -1.122048415709286928e-04
5.606715332031250000e+03 -1.192078852909617126e-04
5.601671875000000000e+03 -1.274510141229256988e-04
5.595836914062500000e+03 -1.378537999698892236e-04
5.590103027343750000e+03 -1.488827401772141457e-04
5.583506835937500000e+03 -1.624532305868342519e-04
5.577058593750000000e+03 -1.765477936714887619e-04
5.569677246093750000e+03 -1.935940817929804325e-04
5.562494628906250000e+03 -2.110425120918080211e-04
5.554308593750000000e+03 -2.318821061635389924e-04
5.546375488281250000e+03 -2.529802732169628143e-04
5.537368164062500000e+03 -2.779363421723246574e-04
5.528670410156250000e+03 -3.029847866855561733e-04
5.519602539062500000e+03 -3.300363023299723864e-04
5.509357910156250000e+03 -3.616827016230672598e-04
5.499511718750000000e+03 -3.931285173166543245e-04
5.488420898437500000e+03 -4.296954721212387085e-04
5.477791015625000000e+03 -4.658288671635091305e-04
5.465850097656250000e+03 -5.076277302578091621e-04
5.454434082031250000e+03 -5.487281014211475849e-04
5.441641601562500000e+03 -5.960499402135610580e-04
5.429439941406250000e+03 -6.423713057301938534e-04
5.416862792968750000e+03 -6.912769167684018612e-04
5.402813964843750000e+03 -7.472215802408754826e-04
5.389456542968750000e+03 -8.016312494874000549e-04
5.374566406250000000e+03 -8.635933627374470234e-04
5.360436035156250000e+03 -9.235713514499366283e-04
5.344713867187500000e+03 -9.915240807458758354e-04
5.329820800781250000e+03 -1.056920969858765602e-03
5.313277832031250000e+03 -1.130507909692823887e-03
5.297633789062500000e+03 -1.200732425786554813e-03
5.280284667968750000e+03 -1.278879586607217789e-03
5.263903808593750000e+03 -1.352317281998693943e-03
5.247175292968750000e+03 -1.426055096089839935e-03
5.228665527343750000e+03 -1.504490152001380920e-03
5.211226074218750000e+03 -1.572818495333194733e-03
5.191956054687500000e+03 -1.637517008930444717e-03
5.173825195312500000e+03 -1.682602567598223686e-03
5.153817871093750000e+03 -1.710227923467755318e-03
5.135017578125000000e+03 -1.717613660730421543e-03
5.114297851562500000e+03 -1.713697216473519802e-03
5.094852050781250000e+03 -1.706898910924792290e-03
5.075105468750000000e+03 -1.705480972304940224e-03
5.053380859375000000e+03 -1.714669982902705669e-03
5.033026855468750000e+03 -1.728542963974177837e-03
5.010659667968750000e+03 -1.746326335705816746e-03
4.989727050781250000e+03 -1.765402033925056458e-03
4.966748046875000000e+03 -1.788151334039866924e-03
4.945265625000000000e+03 -1.809702487662434578e-03
4.921708007812500000e+03 -1.833393471315503120e-03
4.899707031250000000e+03 -1.856122398748993874e-03
4.875605468750000000e+03 -1.882461365312337875e-03
4.853118652343750000e+03 -1.908790087327361107e-03
4.830410156250000000e+03 -1.936731510795652866e-03
4.805568847656250000e+03 -1.968461088836193085e-03
4.782424804687500000e+03 -1.999158645048737526e-03
4.757130371093750000e+03 -2.033965196460485458e-03
4.733585937500000000e+03 -2.067218767479062080e-03
4.707877441406250000e+03 -2.104099607095122337e-03
4.683968750000000000e+03 -2.138871233910322189e-03
4.657885742187500000e+03 -2.177370013669133186e-03
4.633650390625000000e+03 -2.213558647781610489e-03
4.609271484375000000e+03 -2.255573170259594917e-03
4.582709472656250000e+03 -2.303937217220664024e-03
4.558060546875000000e+03 -2.348545473068952560e-03
4.531226562500000000e+03 -2.396462019532918930e-03
4.506346679687500000e+03 -2.443877514451742172e-03
4.479284179687500000e+03 -2.502285875380039215e-03
4.454212402343750000e+03 -2.558745210990309715e-03
4.426963867187500000e+03 -2.619651379063725471e-03
4.401741210937500000e+03 -2.673473674803972244e-03
4.376427734375000000e+03 -2.694245893508195877e-03
4.349947265625000000e+03 -2.682558028027415276e-03
4.323252441406250000e+03 -2.652641851454973221e-03
4.296887695312500000e+03 -2.630504546687006950e-03
4.271044433593750000e+03 -2.667266409844160080e-03
4.244292968750000000e+03 -2.369824331253767014e-03
4.218126464843750000e+03 -2.523429226130247116e-03
4.190160156250000000e+03 -2.404309576377272606e-03
4.164362792968750000e+03 -2.500134985893964767e-03
4.137605468750000000e+03 -2.420182339847087860e-03
4.112408691406250000e+03 -2.507528290152549744e-03
4.086563476562500000e+03 -2.564002992585301399e-03
4.060125976562500000e+03 -2.607961185276508331e-03
4.033338623046875000e+03 -2.601233543828129768e-03
4.008292236328125000e+03 -2.631354145705699921e-03
3.982385253906250000e+03 -2.698904136195778847e-03
3.956406250000000000e+03 -2.744759432971477509e-03
3.930766601562500000e+03 -2.760154427960515022e-03
3.905127685546875000e+03 -2.773219952359795570e-03
3.879074707031250000e+03 -2.826129551976919174e-03
3.854726074218750000e+03 -2.880086423829197884e-03
3.828672851562500000e+03 -2.914025681093335152e-03
3.804573974609375000e+03 -2.935655182227492332e-03
3.779843505859375000e+03 -2.958837430924177170e-03
3.755243164062500000e+03 -2.923965221270918846e-03
3.730709228515625000e+03 -2.969433553516864777e-03
3.706107910156250000e+03 -3.015939379110932350e-03
3.682522216796875000e+03 -3.059751586988568306e-03
3.658858642578125000e+03 -3.137741237878799438e-03
3.635029296875000000e+03 -3.148419316858053207e-03
3.611902587890625000e+03 -3.177560400217771530e-03
3.588784667968750000e+03 -3.218251047655940056e-03
3.566044433593750000e+03 -3.241119207814335823e-03
3.553534423828125000e+03 -3.268733387812972069e-03
