5.652148925781250000e+03 0.000000000000000000e+00
5.652145019531250000e+03 -3.172478102442255476e-08
5.652118164062500000e+03 -2.493168267392320558e-07
5.652053222656250000e+03 -7.713067020631569903e-07
5.651917968750000000e+03 -1.848379838520486373e-06
5.651715332031250000e+03 -3.456918648225837387e-06
5.651421386718750000e+03 -5.786659130535554141e-06
5.650981445312500000e+03 -9.266706001653801650e-06
5.650446289062500000e+03 -1.348711975879268721e-05
5.649709960937500000e+03 -1.928343590407166630e-05
5.648870117187500000e+03 -2.587494418548885733e-05
5.647770019531250000e+03 -3.447316339588724077e-05
5.646565429687500000e+03 -4.384388012113049626e-05
5.645039550781250000e+03 -5.562483420362696052e-05
5.643415039062500000e+03 -6.803348514949902892e-05
5.641406250000000000e+03 -8.306938980240374804e-05
5.639310546875000000e+03 -9.809277980821207166e-05
5.636971679687500000e+03 -1.131160897784866393e-04
5.634151855468750000e+03 -1.261468132724985480e-04
5.631274414062500000e+03 -1.258630945812910795e-04
5.627848144531250000e+03 -8.763208461459726095e-05
5.624391113281250000e+03 -9.070924716070294380e-05
5.620317382812500000e+03 -9.300389501731842756e-05
5.616244140625000000e+03 -9.255806071450933814e-05
5.611484863281250000e+03 -9.453724487684667110e-05
5.606762695312500000e+03 -9.758604574017226696e-05
5.601718750000000000e+03 -1.011006897897459567e-04
5.595884277343750000e+03 -1.060116628650575876e-04
5.590149902343750000e+03 -1.117185238399542868e-04
5.583553710937500000e+03 -1.190370021504350007e-04
5.577105468750000000e+03 -1.269491767743602395e-04
5.569724121093750000e+03 -1.368715165881440043e-04
5.562541503906250000e+03 -1.472695148549973965e-04
5.554355468750000000e+03 -1.599447714397683740e-04
5.546421875000000000e+03 -1.730136136757209897e-04
5.537414550781250000e+03 -1.888426195364445448e-04
5.528716796875000000e+03 -2.052737982012331486e-04
5.519648437500000000e+03 -2.233886480098590255e-04
5.509403808593750000e+03 -2.446698781568557024e-04
5.499557617187500000e+03 -2.658193116076290607e-04
5.488466796875000000e+03 -2.902342821471393108e-04
5.477836914062500000e+03 -3.139792825095355511e-04
5.465895507812500000e+03 -3.405620227567851543e-04
5.454479980468750000e+03 -3.648892743512988091e-04
5.441686523437500000e+03 -3.883411409333348274e-04
5.429485351562500000e+03 -4.082239174749702215e-04
5.416907714843750000e+03 -4.322201421018689871e-04
5.402858886718750000e+03 -4.609331081155687571e-04
5.389500976562500000e+03 -4.884833469986915588e-04
5.374610839843750000e+03 -5.176440463401377201e-04
5.360480468750000000e+03 -5.426040734164416790e-04
5.344757812500000000e+03 -5.517986137419939041e-04
5.329864257812500000e+03 -5.512151983566582203e-04
5.313321289062500000e+03 -5.982563016004860401e-04
5.297676757812500000e+03 -6.347894668579101562e-04
5.280327636718750000e+03 -6.799980183131992817e-04
5.263946777343750000e+03 -7.232552161440253258e-04
5.247217773437500000e+03 -7.683807052671909332e-04
5.228707519531250000e+03 -8.200732991099357605e-04
5.211268066406250000e+03 -8.693868294358253479e-04
5.191997558593750000e+03 -9.253075113520026207e-04
5.173866699218750000e+03 -9.789937175810337067e-04
5.153859375000000000e+03 -1.038986607454717159e-03
5.135059082031250000e+03 -1.096357125788927078e-03
5.114339355468750000e+03 -1.160302897915244102e-03
5.094893554687500000e+03 -1.220718375407159328e-03
5.075146972656250000e+03 -1.282450160942971706e-03
5.053422363281250000e+03 -1.350335543975234032e-03
5.033068847656250000e+03 -1.413512742146849632e-03
5.010701171875000000e+03 -1.482059480622410774e-03
4.989768066406250000e+03 -1.544666476547718048e-03
4.966789062500000000e+03 -1.610751147381961346e-03
4.945307128906250000e+03 -1.668934826739132404e-03
4.921749023437500000e+03 -1.726833987049758434e-03
4.899748535156250000e+03 -1.772756339050829411e-03
4.875646484375000000e+03 -1.809559995308518410e-03
4.853159179687500000e+03 -1.827084459364414215e-03
4.830450683593750000e+03 -1.833747839555144310e-03
4.805609375000000000e+03 -1.846909173764288425e-03
4.782464843750000000e+03 -1.868668012320995331e-03
4.757170410156250000e+03 -1.898739952594041824e-03
4.733625488281250000e+03 -1.930982805788516998e-03
4.707916503906250000e+03 -1.969712553545832634e-03
4.684007812500000000e+03 -2.008265350013971329e-03
4.657924804687500000e+03 -2.052715281024575233e-03
4.633688964843750000e+03 -2.095999661833047867e-03
4.609310058593750000e+03 -2.140991855412721634e-03
4.582747558593750000e+03 -2.191344508901238441e-03
4.558098632812500000e+03 -2.239300403743982315e-03
4.531264648437500000e+03 -2.292652381584048271e-03
4.506384277343750000e+03 -2.342778956517577171e-03
4.479321289062500000e+03 -2.397646661847829819e-03
4.454249511718750000e+03 -2.448480343446135521e-03
4.427000976562500000e+03 -2.502983901649713516e-03
4.401777832031250000e+03 -2.551401266828179359e-03
4.374387207031250000e+03 -2.598892198875546455e-03
4.349053222656250000e+03 -2.630834700539708138e-03
4.323680175781250000e+03 -2.612100448459386826e-03
4.297218750000000000e+03 -2.478748559951782227e-03
4.270998535156250000e+03 -1.485799322836101055e-03
4.244639160156250000e+03 -1.882406533695757389e-03
4.217010742187500000e+03 -1.803523395210504532e-03
4.191588867187500000e+03 -1.984195085242390633e-03
4.164070312500000000e+03 -1.809871639125049114e-03
4.138699707031250000e+03 -1.836116542108356953e-03
4.111260253906250000e+03 -1.902964198961853981e-03
4.085982666015625000e+03 -1.986796036362648010e-03
4.058665039062500000e+03 -1.962566748261451721e-03
4.033520507812500000e+03 -1.933317515067756176e-03
4.008454345703125000e+03 -1.975229708477854729e-03
3.981398681640625000e+03 -2.045922446995973587e-03
3.956525390625000000e+03 -2.068527974188327789e-03
3.929699707031250000e+03 -2.051191171631217003e-03
3.905058837890625000e+03 -2.063029678538441658e-03
3.878506591796875000e+03 -2.115523209795355797e-03
3.854137451171875000e+03 -2.154933987185359001e-03
3.827900146484375000e+03 -2.162807621061801910e-03
3.803840820312500000e+03 -2.165239071473479271e-03
3.777959960937500000e+03 -2.194575499743223190e-03
3.754248046875000000e+03 -2.234691753983497620e-03
3.730716308593750000e+03 -2.260665176436305046e-03
3.706162353515625000e+03 -2.270700410008430481e-03
3.681586669921875000e+03 -2.284791320562362671e-03
3.657658935546875000e+03 -2.314912620931863785e-03
3.634376220703125000e+03 -2.347976202145218849e-03
3.611792724609375000e+03 -2.369316527619957924e-03
3.588754150390625000e+03 -2.382642822340130806e-03
3.566081054687500000e+03 -2.400455530732870102e-03
3.543270263671875000e+03 -2.428630366921424866e-03
3.520969238281250000e+03 -2.457533497363328934e-03
3.499026367187500000e+03 -2.478109672665596008e-03
3.476817138671875000e+03 -2.493657171726226807e-03
3.456045898437500000e+03 -2.512025879696011543e-03
3.434807128906250000e+03 -2.534045837819576263e-03
3.413969482421875000e+03 -2.561931032687425613e-03
3.392894775390625000e+03 -2.579046413302421570e-03
3.373461425781250000e+03 -2.592734061181545258e-03
3.353791259765625000e+03 -2.611007541418075562e-03
3.333792968750000000e+03 -2.631511539220809937e-03
3.314958496093750000e+03 -2.655350835993885994e-03
3.296141601562500000e+03 -2.674825489521026611e-03
3.277888916015625000e+03 -2.689652144908905029e-03
3.259787109375000000e+03 -2.712931949645280838e-03
3.242062255859375000e+03 -2.722081029787659645e-03
3.224726806640625000e+03 -2.753818640485405922e-03
3.207727783203125000e+03 -2.774104708805680275e-03
3.191244384765625000e+03 -2.786799101158976555e-03
3.175000732421875000e+03 -2.812822815030813217e-03
3.159195556640625000e+03 -2.829403849318623543e-03
3.143583984375000000e+03 -2.851346973329782486e-03
3.128654052734375000e+03 -2.881117630749940872e-03
3.114016357421875000e+03 -2.895342884585261345e-03
3.099589599609375000e+03 -2.910616341978311539e-03
3.085906494140625000e+03 -2.922061365097761154e-03
3.072330810546875000e+03 -2.945205196738243103e-03
3.059509277343750000e+03 -2.967926906421780586e-03
3.046551513671875000e+03 -2.987096086144447327e-03
3.034298339843750000e+03 -2.997366944327950478e-03
3.022793212890625000e+03 -3.009274136275053024e-03
3.011357910156250000e+03 -3.024695441126823425e-03
3.000349609375000000e+03 -3.037124872207641602e-03
2.989736083984375000e+03 -3.057637019082903862e-03
2.979487792968750000e+03 -3.066510660573840141e-03
2.969744384765625000e+03 -3.073866711929440498e-03
2.960412597656250000e+03 -3.079753601923584938e-03
2.951376220703125000e+03 -3.053711028769612312e-03
2.942696289062500000e+03 -3.068668534979224205e-03
2.934552978515625000e+03 -3.100994275882840157e-03
2.926781005859375000e+03 -3.095760941505432129e-03
2.919321044921875000e+03 -3.111382946372032166e-03
2.912167236328125000e+03 -3.136809915304183960e-03
2.905609130859375000e+03 -3.127441741526126862e-03
2.899247558593750000e+03 -3.130567027255892754e-03
2.893352050781250000e+03 -3.155895974487066269e-03
2.887752685546875000e+03 -3.160498570650815964e-03
2.882559326171875000e+03 -3.161798696964979172e-03
2.877681396484375000e+03 -3.176014637574553490e-03
2.873142333984375000e+03 -3.177284495905041695e-03
2.868920410156250000e+03 -3.176313359290361404e-03
2.865048339843750000e+03 -3.167066490277647972e-03
2.865004150390625000e+03 -3.159694606438279152e-03
