1.115100797049386235e-07
1.095007244996657682e-07
1.672651195574080477e-07
3.075565016351696210e-07
5.896794479313393302e-07
1.020702349516418596e-06
1.656376508664112210e-06
2.613614398857939960e-06
3.776261195615619424e-06
5.388083510451409087e-06
7.224066963681681650e-06
9.635510706174936008e-06
1.228680033023931388e-05
1.566910772569926678e-05
1.929112868767178461e-05
2.378086207674361837e-05
2.851175893765140045e-05
3.383943800413625558e-05
4.031566923164095912e-05
4.701084214411882956e-05
5.508903066780640939e-05
6.336080627227376168e-05
7.329808943566184056e-05
8.345074411106803290e-05
9.562964595427204798e-05
1.081290069339376576e-04
1.220597765344568180e-04
1.393358454762859942e-04
1.584705273163127318e-04
1.866003677022985230e-04
2.308985135837319635e-04
3.354975842380329286e-04
5.259629561294005239e-04
8.218083995786746622e-04
1.153087430980845318e-03
1.560025527850595738e-03
1.971707882618089786e-03
2.412785810863238723e-03
2.922985503223569058e-03
3.422874349465666270e-03
3.995542233875862617e-03
4.553123025026927645e-03
5.189164574215168052e-03
5.807979601281239648e-03
6.513913546686158663e-03
7.198925185138187015e-03
7.917030504021959833e-03
8.733461478085177004e-03
9.523475055725469374e-03
1.041964744805546662e-02
1.128464419244576931e-02
1.226283828764397274e-02
1.320355393003339213e-02
1.426247150694132278e-02
1.527458725007057282e-02
1.640432538392641929e-02
1.747103580813786153e-02
1.854940599368006329e-02
1.970826626162297535e-02
2.073183493977869690e-02
2.171125157534242733e-02
2.235543087433057574e-02
2.248579511101443662e-02
2.179670645602921689e-02
2.049676472990445003e-02
1.959839491127849179e-02
1.902719746691111311e-02
1.844772466893988480e-02
1.797835953018116217e-02
1.765824202554647920e-02
1.742145919956662736e-02
1.717817457392011721e-02
1.703810035856466107e-02
1.694927485055074123e-02
1.687986849934851319e-02
1.684915159008598326e-02
1.687086917214450019e-02
1.691370164825949443e-02
1.698477078013210448e-02
1.708785749109168264e-02
1.723092218346789981e-02
1.738317412640431880e-02
1.757755495895439030e-02
1.778644404597902809e-02
1.803771013935166409e-02
1.829209456594040398e-02
1.857169144042183223e-02
1.890218081439239486e-02
1.922994887282802184e-02
1.961040453604718722e-02
1.998667211121584950e-02
2.042066528045537177e-02
2.084460744916078953e-02
2.132989836915213239e-02
2.180276064032709779e-02
2.234198804322501744e-02
2.286510366262384589e-02
2.341643483294448061e-02
2.406949942779895019e-02
2.485795829370694363e-02
2.693569829229887358e-02
3.389924635651023199e-02
4.987622142945220133e-02
6.779617588269076789e-02
8.901241403055197565e-02
1.113347712850047272e-01
1.377001247936064932e-01
1.709755739712411349e-01
2.079618896323711386e-01
1.937913043036976479e-01
1.927484092958083872e-01
1.950818075778248395e-01
1.903879726149291240e-01
2.107920510565309824e-01
2.303836556786446610e-01
2.361029823890938018e-01
2.374155379815232336e-01
2.403498232559577175e-01
2.509456736204798699e-01
2.662304944339400348e-01
2.777982584891044993e-01
2.827396360540045950e-01
2.864257639570525482e-01
2.938537231527427740e-01
3.058911865063103086e-01
3.177031736995885036e-01
3.258598223194613674e-01
3.315561294259289915e-01
3.386741015644014752e-01
3.472929249710540178e-01
3.565635710863153673e-01
3.667714715597161779e-01
3.753011414861988082e-01
3.956472051557330394e-01
4.203750418578632297e-01
