5.652102050781250000e+03 0.000000000000000000e+00
5.652098144531250000e+03 -3.061519038283222471e-08
5.652071289062500000e+03 -2.403664041139563778e-07
5.652006347656250000e+03 -7.434673534589819610e-07
5.651871093750000000e+03 -1.781450237103854306e-06
5.651668457031250000e+03 -3.331396101202699356e-06
5.651374511718750000e+03 -5.575851901085115969e-06
5.650934082031250000e+03 -8.927600902097765356e-06
5.650399414062500000e+03 -1.299098403251264244e-05
5.649663085937500000e+03 -1.856907510955352336e-05
5.648823242187500000e+03 -2.490879342076368630e-05
5.647723144531250000e+03 -3.317248047096654773e-05
5.646518554687500000e+03 -4.216944944346323609e-05
5.644993164062500000e+03 -5.345960744307376444e-05
5.643368164062500000e+03 -6.529113306896761060e-05
5.641359375000000000e+03 -7.926344551378861070e-05
5.639263671875000000e+03 -8.851738675730302930e-05
5.636924804687500000e+03 -6.142762140370905399e-05
5.634104980468750000e+03 -5.473028795677237213e-05
5.631227539062500000e+03 -5.330339627107605338e-05
5.627801269531250000e+03 -5.104466617922298610e-05
5.624344726562500000e+03 -5.039444295107387006e-05
5.620270507812500000e+03 -5.124810923007316887e-05
5.616197753906250000e+03 -5.276115552987903357e-05
5.611437988281250000e+03 -5.522954961634241045e-05
5.606716308593750000e+03 -5.841501842951402068e-05
5.601672363281250000e+03 -6.250523438211530447e-05
5.595837890625000000e+03 -6.805419980082660913e-05
5.590103515625000000e+03 -7.428787648677825928e-05
5.583507324218750000e+03 -8.231142419390380383e-05
5.577059082031250000e+03 -9.096819849219173193e-05
5.569677734375000000e+03 -1.017728645820170641e-04
5.562495117187500000e+03 -1.131202952819876373e-04
5.554309082031250000e+03 -1.269716594833880663e-04
5.546375976562500000e+03 -1.412433484802022576e-04
5.537368652343750000e+03 -1.583586999913677573e-04
5.528670898437500000e+03 -1.757139398250728846e-04
5.519602539062500000e+03 -1.945654221344739199e-04
5.509358398437500000e+03 -2.166401536669582129e-04
5.499511718750000000e+03 -2.384371182415634394e-04
5.488421386718750000e+03 -2.632942923810333014e-04
5.477791503906250000e+03 -2.867575094569474459e-04
5.465850097656250000e+03 -3.117448068223893642e-04
5.454434570312500000e+03 -3.356449014972895384e-04
5.441641601562500000e+03 -3.630120190791785717e-04
5.429439941406250000e+03 -3.905317862518131733e-04
5.416862792968750000e+03 -4.209384496789425611e-04
5.402813964843750000e+03 -4.567031865008175373e-04
5.389456542968750000e+03 -4.921357613056898117e-04
5.374565917968750000e+03 -5.330892745405435562e-04
5.360436035156250000e+03 -5.732266581617295742e-04
5.344713378906250000e+03 -6.192464497871696949e-04
5.329820312500000000e+03 -6.640841020271182060e-04
5.313277343750000000e+03 -7.152105099521577358e-04
5.297632812500000000e+03 -7.647669990547001362e-04
5.280284179687500000e+03 -8.209965308196842670e-04
5.263903320312500000e+03 -8.752066059969365597e-04
5.247174804687500000e+03 -9.315666393376886845e-04
5.228664550781250000e+03 -9.949164232239127159e-04
5.211225097656250000e+03 -1.055313623510301113e-03
5.191955078125000000e+03 -1.122482586652040482e-03
5.173824707031250000e+03 -1.185597036965191364e-03
5.153817382812500000e+03 -1.254298840649425983e-03
5.135017089843750000e+03 -1.316726673394441605e-03
5.114297851562500000e+03 -1.380846952088177204e-03
5.094852050781250000e+03 -1.432987395673990250e-03
5.075105468750000000e+03 -1.472161617130041122e-03
5.053380859375000000e+03 -1.490185968577861786e-03
5.033026855468750000e+03 -1.482819789089262486e-03
5.010659667968750000e+03 -1.472045900300145149e-03
4.989726562500000000e+03 -1.472412259317934513e-03
4.966747558593750000e+03 -1.479621860198676586e-03
4.945265136718750000e+03 -1.490996917709708214e-03
4.921707519531250000e+03 -1.507352804765105247e-03
4.899707031250000000e+03 -1.525028259493410587e-03
4.875604980468750000e+03 -1.546029350720345974e-03
4.853118164062500000e+03 -1.566938241012394428e-03
4.830410156250000000e+03 -1.588831655681133270e-03
4.805568847656250000e+03 -1.613196684047579765e-03
4.782424804687500000e+03 -1.636144588701426983e-03
4.757130371093750000e+03 -1.661178423091769218e-03
4.733585449218750000e+03 -1.684093149378895760e-03
4.707876953125000000e+03 -1.708417548798024654e-03
4.683968261718750000e+03 -1.729987678118050098e-03
4.657885253906250000e+03 -1.751581206917762756e-03
4.633649414062500000e+03 -1.768591697327792645e-03
4.609270507812500000e+03 -1.780461752787232399e-03
4.582708496093750000e+03 -1.787664135918021202e-03
4.558059570312500000e+03 -1.801514998078346252e-03
4.531225585937500000e+03 -1.820953330025076866e-03
4.506345703125000000e+03 -1.837374409660696983e-03
4.479282714843750000e+03 -1.857514725998044014e-03
4.454210937500000000e+03 -1.880648429505527020e-03
4.426962890625000000e+03 -1.904771779663860798e-03
4.401739746093750000e+03 -1.924424199387431145e-03
4.374349121093750000e+03 -1.947081764228641987e-03
4.349015136718750000e+03 -1.970922574400901794e-03
4.323642578125000000e+03 -1.994333462789654732e-03
4.296123046875000000e+03 -2.017470775172114372e-03
4.270699707031250000e+03 -2.039025537669658661e-03
4.244490722656250000e+03 -2.039350569248199463e-03
4.218202636718750000e+03 -2.043730346485972404e-03
4.190662109375000000e+03 -2.073498442769050598e-03
4.165260742187500000e+03 -2.105281222611665726e-03
4.137776367187500000e+03 -2.135884249582886696e-03
4.112447265625000000e+03 -2.153542824089527130e-03
4.085062744140625000e+03 -2.177715767174959183e-03
4.059846435546875000e+03 -2.206748584285378456e-03
4.032606445312500000e+03 -2.237610053271055222e-03
4.007543457031250000e+03 -2.259790198877453804e-03
3.982568359375000000e+03 -2.281703287735581398e-03
3.955621826171875000e+03 -2.310550771653652191e-03
3.930859375000000000e+03 -2.339069265872240067e-03
3.904164550781250000e+03 -2.366238739341497421e-03
3.879581054687500000e+03 -2.374337054789066315e-03
3.853453613281250000e+03 -2.400896977633237839e-03
3.828918212890625000e+03 -2.429140498861670494e-03
3.804673339843750000e+03 -2.441202756017446518e-03
3.779812744140625000e+03 -2.465697703883051872e-03
3.754229003906250000e+03 -2.486211946234107018e-03
3.730832763671875000e+03 -2.521824557334184647e-03
3.706097900390625000e+03 -2.528699114918708801e-03
3.682332031250000000e+03 -2.559457905590534210e-03
3.657901611328125000e+03 -2.585565438494086266e-03
3.635226074218750000e+03 -2.618822036311030388e-03
3.611735107421875000e+03 -2.635001437738537788e-03
3.588764160156250000e+03 -2.650278853252530098e-03
3.565912109375000000e+03 -2.680274657905101776e-03
3.543174560546875000e+03 -2.714410889893770218e-03
3.521184082031250000e+03 -2.756729489192366600e-03
3.498894531250000000e+03 -2.788105746731162071e-03
3.477579101562500000e+03 -2.788353478536009789e-03
3.471145751953125000e+03 -2.745889592915773392e-03
