5.652148925781250000e+03 0.000000000000000000e+00
5.652145019531250000e+03 -4.889757221349100291e-08
5.652118164062500000e+03 -3.852663041925552534e-07
5.652053222656250000e+03 -1.192606191580125596e-06
5.651917968750000000e+03 -2.859095047824666835e-06
5.651715332031250000e+03 -5.349066668713930994e-06
5.651421386718750000e+03 -8.957779755291994661e-06
5.650981445312500000e+03 -1.435345257050357759e-05
5.650446289062500000e+03 -2.090558336931280792e-05
5.649709960937500000e+03 -2.992042573168873787e-05
5.648870117187500000e+03 -4.019660627818666399e-05
5.647770019531250000e+03 -5.364542812458239496e-05
5.646565429687500000e+03 -6.836933607701212168e-05
5.645040039062500000e+03 -8.700531179783865809e-05
5.643415039062500000e+03 -1.068436467903666198e-04
5.641406250000000000e+03 -1.313578686676919460e-04
5.639310546875000000e+03 -1.569194282637909055e-04
5.636971679687500000e+03 -1.854267902672290802e-04
5.634152343750000000e+03 -2.197722205892205238e-04
5.631274902343750000e+03 -2.547910844441503286e-04
5.627848632812500000e+03 -2.964421291835606098e-04
5.624392089843750000e+03 -3.384166047908365726e-04
5.620318359375000000e+03 -3.878056595567613840e-04
5.616245117187500000e+03 -4.370790265966206789e-04
5.611485839843750000e+03 -4.944952670484781265e-04
5.606764160156250000e+03 -5.512191564776003361e-04
5.601720214843750000e+03 -6.114394054748117924e-04
5.595885742187500000e+03 -6.803426658734679222e-04
5.590151855468750000e+03 -7.466415408998727798e-04
5.583555664062500000e+03 -8.192573441192507744e-04
5.577107421875000000e+03 -8.815731853246688843e-04
5.569726562500000000e+03 -9.300913079641759396e-04
5.562543945312500000e+03 -9.488777141086757183e-04
5.554357910156250000e+03 -9.543039486743509769e-04
5.546424316406250000e+03 -9.551395196467638016e-04
5.537416992187500000e+03 -9.567048982717096806e-04
5.528719238281250000e+03 -9.603666840121150017e-04
5.519650878906250000e+03 -9.666074765846133232e-04
5.509406250000000000e+03 -9.762937552295625210e-04
5.499559570312500000e+03 -9.878256823867559433e-04
5.488468750000000000e+03 -1.002970733679831028e-03
5.477838867187500000e+03 -1.019245479255914688e-03
5.465897460937500000e+03 -1.039252500049769878e-03
5.454481933593750000e+03 -1.059877569787204266e-03
5.441688476562500000e+03 -1.084485324099659920e-03
5.429487304687500000e+03 -1.109252450987696648e-03
5.416909667968750000e+03 -1.135968370363116264e-03
5.402860839843750000e+03 -1.167092355899512768e-03
5.389502929687500000e+03 -1.197824720293283463e-03
5.374612792968750000e+03 -1.233271439559757710e-03
5.360482421875000000e+03 -1.267960295081138611e-03
5.344759765625000000e+03 -1.307640573941171169e-03
5.329866210937500000e+03 -1.346161006949841976e-03
5.313323242187500000e+03 -1.389863202348351479e-03
5.297678710937500000e+03 -1.431915443390607834e-03
5.280329589843750000e+03 -1.479143742471933365e-03
5.263948730468750000e+03 -1.524030696600675583e-03
5.247220214843750000e+03 -1.569783547893166542e-03
5.228709960937500000e+03 -1.619643298909068108e-03
5.211270019531250000e+03 -1.664886716753244400e-03
5.192000000000000000e+03 -1.710981130599975586e-03
5.173869140625000000e+03 -1.747454400174319744e-03
5.153861328125000000e+03 -1.774460892193019390e-03
5.135061035156250000e+03 -1.784558873623609543e-03
5.114341308593750000e+03 -1.790626905858516693e-03
5.094895507812500000e+03 -1.804077532142400742e-03
5.075148437500000000e+03 -1.823798869736492634e-03
5.053423828125000000e+03 -1.849625376053154469e-03
5.033069824218750000e+03 -1.877025235444307327e-03
5.010702636718750000e+03 -1.910220948047935963e-03
4.989769531250000000e+03 -1.943493844009935856e-03
4.966790527343750000e+03 -1.981962705031037331e-03
4.945308105468750000e+03 -2.019635168835520744e-03
4.921750000000000000e+03 -2.062602434307336807e-03
4.899749023437500000e+03 -2.104089129716157913e-03
4.875647460937500000e+03 -2.150930929929018021e-03
4.853160156250000000e+03 -2.195863518863916397e-03
4.830452148437500000e+03 -2.242352347820997238e-03
4.805610351562500000e+03 -2.294411184266209602e-03
4.782466308593750000e+03 -2.343992004171013832e-03
4.757171875000000000e+03 -2.399316523224115372e-03
4.733626953125000000e+03 -2.451835433021187782e-03
4.707918457031250000e+03 -2.510261954739689827e-03
4.684009277343750000e+03 -2.565577859058976173e-03
4.657926269531250000e+03 -2.626969944685697556e-03
4.633690917968750000e+03 -2.684962237253785133e-03
4.609311523437500000e+03 -2.744194585829973221e-03
4.582749511718750000e+03 -2.809731755405664444e-03
4.558100097656250000e+03 -2.871463075280189514e-03
4.531266601562500000e+03 -2.939642407000064850e-03
4.506386230468750000e+03 -3.003749530762434006e-03
4.479323242187500000e+03 -3.074435750022530556e-03
4.454251464843750000e+03 -3.140795743092894554e-03
4.427002929687500000e+03 -3.213852876797318459e-03
4.401779785156250000e+03 -3.282333957031369209e-03
4.374389648437500000e+03 -3.357615321874618530e-03
4.349055664062500000e+03 -3.428077092394232750e-03
4.323682617187500000e+03 -3.499422455206513405e-03
4.296163085937500000e+03 -3.577560652047395706e-03
4.270739746093750000e+03 -3.649824764579534531e-03
4.243187500000000000e+03 -3.723530331626534462e-03
4.217754882812500000e+03 -3.768473630771040916e-03
4.190214355468750000e+03 -3.779303049668669701e-03
4.164812988281250000e+03 -3.776708617806434631e-03
4.137329101562500000e+03 -3.755263518542051315e-03
4.112000000000000000e+03 -3.707852913066744804e-03
4.086457519531250000e+03 -3.625739132985472679e-03
4.059148681640625000e+03 -3.505792003124952316e-03
4.033554687500000000e+03 -3.309411462396383286e-03
4.008364990234375000e+03 -3.023405559360980988e-03
3.982383544921875000e+03 -3.021592739969491959e-03
3.955152099609375000e+03 -3.078380832448601723e-03
3.930657470703125000e+03 -3.201686078682541847e-03
3.905413330078125000e+03 -3.135118866339325905e-03
3.879591552734375000e+03 -3.058308269828557968e-03
3.854615966796875000e+03 -3.085040720179677010e-03
3.829286621093750000e+03 -3.158816136419773102e-03
3.804656494140625000e+03 -3.221933264285326004e-03
3.779588623046875000e+03 -3.219316480681300163e-03
3.755074462890625000e+03 -3.168847179040312767e-03
3.730334472656250000e+03 -3.152023535221815109e-03
3.706596191406250000e+03 -3.194764722138643265e-03
3.682350341796875000e+03 -3.249308094382286072e-03
3.658739013671875000e+03 -3.265494015067815781e-03
3.634582275390625000e+03 -3.242651699110865593e-03
3.611509277343750000e+03 -3.219107398763298988e-03
3.588958496093750000e+03 -3.228661371394991875e-03
3.566013671875000000e+03 -3.262172918766736984e-03
3.543441162109375000e+03 -3.277146955952048302e-03
3.520916503906250000e+03 -3.274330170825123787e-03
3.498953613281250000e+03 -3.269294509664177895e-03
3.477623291015625000e+03 -3.254936076700687408e-03
3.456154541015625000e+03 -3.220938146114349365e-03
3.435022949218750000e+03 -3.088655183091759682e-03
3.419061767578125000e+03 -3.006836399435997009e-03
