0.000000000000000000e+00
0.000000000000000000e+00
7.598131170262077850e-08
3.046549603381894561e-07
7.932681831244536860e-07
1.515089807805270925e-06
2.579924238662141435e-06
4.177377825991274552e-06
6.101839014096059499e-06
8.703732409877452787e-06
1.171568677565203273e-05
2.364176177845830285e-05
4.486647337765220191e-05
6.194633695609542414e-05
9.416185839444773497e-05
1.174792466495623919e-04
1.498087832570297912e-04
1.812454682558032357e-04
2.225138560837603341e-04
2.636460040529206269e-04
3.157415873704493958e-04
3.696454511458467976e-04
4.334527644601112849e-04
4.971695614561041530e-04
5.661629787215768103e-04
6.195274193740328214e-04
6.393289057530552287e-04
5.844069302928609627e-04
5.166591032449082159e-04
5.641575900765136110e-04
6.745752449488185646e-04
7.940643088863648695e-04
8.632717316547793875e-04
9.669825845170917575e-04
1.103900884400661536e-03
1.263407862538838558e-03
1.422578711624280417e-03
1.605942614948484672e-03
1.825644295799419212e-03
2.048076670407347494e-03
2.313346891923005917e-03
2.583818857834153417e-03
2.902093796595628123e-03
3.221636136426063533e-03
3.597893967790857014e-03
3.972670033581671492e-03
4.374472062456252752e-03
4.842291212168647538e-03
5.304220592776315996e-03
5.837408944637317680e-03
6.360620038656717573e-03
6.960523912092093403e-03
7.543031377774006910e-03
8.202567312310955761e-03
8.837429861360246094e-03
9.559127348667774068e-03
1.027450634607733441e-02
1.104619594579786014e-02
1.193929519963134178e-02
1.281671144114885849e-02
1.382132464335377245e-02
1.479848231933329240e-02
1.591460849310024142e-02
1.699870303691226880e-02
1.823244428378577656e-02
1.942904261550085568e-02
2.068298567950657696e-02
2.210777708120380269e-02
2.348698886987910309e-02
2.505349882017457452e-02
2.656849035058254579e-02
2.828765073275651271e-02
2.994964151766785557e-02
3.183454950724260574e-02
3.365556832181398894e-02
3.572001975489905862e-02
3.771361631669602199e-02
3.979494586991215443e-02
4.215270943512931801e-02
4.442791379621600922e-02
4.700419360022133064e-02
4.948975403206838652e-02
5.230464816499477004e-02
5.502185750202238240e-02
5.810246068457528001e-02
6.108160532020510958e-02
6.420192357369204628e-02
6.775755037346013754e-02
7.121951672178294945e-02
7.518568562821709156e-02
7.905650444284843814e-02
8.346336846260915543e-02
8.768556586790599017e-02
9.231104622696663375e-02
9.505883423566059698e-02
9.951690221180070628e-02
1.041556938752015576e-01
1.097235194998431723e-01
1.142352005918409741e-01
1.191223741972002731e-01
1.254619441049818207e-01
1.307816279625437783e-01
1.359691594502734635e-01
1.405593979645669567e-01
1.459374954772900967e-01
1.518773306786550814e-01
1.571981512612395937e-01
1.623013182664223564e-01
1.679307993134556976e-01
1.737489935964772469e-01
1.792001953323073826e-01
1.847349431595133318e-01
1.904097586538437137e-01
1.963502918741376613e-01
2.020920756514044125e-01
2.077072516417816928e-01
2.143286854625228721e-01
2.206991002802436430e-01
2.272549877161219312e-01
2.326505745247474666e-01
2.384568774527109636e-01
2.451229518389771711e-01
2.516599485185519458e-01
2.578025612512904186e-01
2.629489927263522486e-01
2.691031855367884140e-01
2.757834479712881759e-01
2.824540758100253512e-01
2.880793357300573398e-01
2.934167615414701169e-01
3.002762997485201035e-01
3.068254463760372031e-01
3.131673865198572604e-01
3.185431765203242671e-01
3.242395439127939150e-01
3.308926220775493254e-01
3.359162430343736738e-01
