1.645887049613486765e-07
1.490116119384766948e-07
2.555016904992206994e-07
5.259919939852653266e-07
1.103088588912647057e-06
1.969998884487235334e-06
3.239212213044493357e-06
5.148173281186261763e-06
7.459307566389918502e-06
1.064894154801896270e-05
1.430295701951967858e-05
1.910751908930881097e-05
2.437921052564764334e-05
3.105701574755278870e-05
3.817248236766382407e-05
4.693680336157139140e-05
5.606405014734967601e-05
6.761510223159940215e-05
9.620394166872135245e-05
1.335121367726199411e-04
1.840879861291709033e-04
2.419013492883848775e-04
3.124154295176041784e-04
3.827911957366507932e-04
4.971363905162947761e-04
1.107650165800893368e-03
1.350815678825317574e-03
1.493459657295646880e-03
1.714268778767758091e-03
1.994157526904289605e-03
2.204263516962383634e-03
2.513600433791953696e-03
2.822062882687216036e-03
3.149504650300432879e-03
3.509958282155815727e-03
3.908836471214875881e-03
4.107881188729360991e-03
4.362093117356316552e-03
4.971109972466227801e-03
5.427170493416373122e-03
5.752825487976210260e-03
6.127709885043088577e-03
6.470358218584356183e-03
6.065535856477169939e-03
5.545860622292521011e-03
6.129705951561446008e-03
6.869493472979902593e-03
7.377833846000917198e-03
8.118867075719973792e-03
8.936218217370145434e-03
9.616333202136170127e-03
1.053399751483625850e-02
1.140012147660214581e-02
1.233541916212251878e-02
1.331072854817925109e-02
1.440026161963125703e-02
1.543715071652386299e-02
1.655682662628105151e-02
1.781784811613557062e-02
1.902954580227088008e-02
2.042391724280077578e-02
2.176527552767671889e-02
2.328279224833550154e-02
2.475735166213492364e-02
2.642412658337263062e-02
2.803139124893615566e-02
2.971282677102155684e-02
3.161458790346787645e-02
3.344849180581016546e-02
3.552712377626524032e-02
3.753117821006374949e-02
3.979994791959490241e-02
4.199010884961155293e-02
4.446970847355611461e-02
4.686189700607222564e-02
4.957078965553972372e-02
5.218397215614888757e-02
5.493656366547178954e-02
5.849698709642824762e-02
6.252651651487771411e-02
6.796573233900726763e-02
7.100575778876461186e-02
7.493581881850648607e-02
7.974898418386722199e-02
8.627114628199092361e-02
9.360463346451074196e-02
9.832835799029925050e-02
1.028135961506225771e-01
1.073015944370227237e-01
1.133817227252027077e-01
1.209512713064061218e-01
1.245264187363560177e-01
1.293676933110085303e-01
1.351822391547343738e-01
1.428109216934976000e-01
1.431310891750123548e-01
1.485445956591462946e-01
1.555815656122475632e-01
1.607384885910380923e-01
1.634685806947293873e-01
1.682273027705890600e-01
1.747654810871996367e-01
1.805608994796804312e-01
1.844075548710696899e-01
1.892907154608484133e-01
1.955041868582364228e-01
2.020858107263124037e-01
2.069637763108900241e-01
2.123322533575078552e-01
2.182983468032249075e-01
2.243871378118347526e-01
2.303807983481045984e-01
2.356742758110924041e-01
2.419361911833713685e-01
2.481373702679794402e-01
2.546804584932906290e-01
2.604223394929764401e-01
2.667319540567685832e-01
2.728843747797448094e-01
2.791530410637315107e-01
2.857773933585661674e-01
2.917841464337241897e-01
2.981693454804652532e-01
3.047499156388823738e-01
3.112544386549130349e-01
3.178238541390836502e-01
3.241474413854752989e-01
3.306782437880673720e-01
3.373666610675309929e-01
3.435924268093139000e-01
3.497209422250583954e-01
3.564443123265766955e-01
3.629620482547125659e-01
3.693082442423675782e-01
3.757932069140708653e-01
3.823819492909517059e-01
3.886433645817076177e-01
3.950438715466179640e-01
4.013761095641260601e-01
4.071422840639563057e-01
4.134987868465247463e-01
4.197429956532088835e-01
4.258612733443891685e-01
4.318674158415731767e-01
4.377999192974766363e-01
4.436411355323987005e-01
4.496394685770366273e-01
4.551125872074763823e-01
4.605951808048230900e-01
4.660298245114690152e-01
4.713617219343420595e-01
4.767138827943276369e-01
4.818865449142762380e-01
4.844762756005374094e-01
