4.214684851089403467e-08
3.650024149988857397e-08
0.000000000000000000e+00
9.884312124119404382e-08
3.202883192927356005e-07
6.467859272423709393e-07
1.129346807092274706e-06
1.847623813474594239e-06
2.721818546252361260e-06
3.932890435684373184e-06
5.318316074156086194e-06
7.147246862957813738e-06
9.158797233259115747e-06
1.172218576990528649e-05
1.448273285898724043e-05
1.792579344051227567e-05
2.155912237211302747e-05
2.566941170768899909e-05
3.070211328392393374e-05
3.593023161667251348e-05
4.229853076345223924e-05
4.888586142764382694e-05
5.686764177696536842e-05
6.512327428298366112e-05
7.515466794086866356e-05
8.555285734360787442e-05
9.722605400233307591e-05
1.115735646903296633e-04
1.266890389646918038e-04
1.455184439137666380e-04
1.656690757949330628e-04
1.915697232681331510e-04
2.300811974021902513e-04
9.454147958547006077e-04
2.250279325617290504e-03
3.025536143355757931e-03
3.600638267502115266e-03
4.326112900525462372e-03
4.939134449976357796e-03
5.617515007463803021e-03
6.392475759975193780e-03
7.073514101138387959e-03
7.913230623797529520e-03
8.700560976703113764e-03
9.581293972113958182e-03
1.045863299849540164e-02
1.135484153122356780e-02
1.237246273274853446e-02
1.335967367167014731e-02
1.445846691919952000e-02
1.550872678532718048e-02
1.666619125918154115e-02
1.772122654741935949e-02
1.879200672289491406e-02
1.951820866366671750e-02
1.922669804445787528e-02
1.939996519137328693e-02
2.044672067379333519e-02
2.149779605609484015e-02
2.255774876626494979e-02
2.377134146391803038e-02
2.479771589968469969e-02
2.587133870016743858e-02
2.667381088607197540e-02
2.617154737177645671e-02
2.264829652467956547e-02
2.286288310347998898e-02
2.304632763154181030e-02
2.097987929622496805e-02
1.668698747145700226e-02
1.677088759963503428e-02
1.772845495510513500e-02
1.701861568182417087e-02
1.664708247329987900e-02
1.716677396051207935e-02
1.720915995801218859e-02
1.694865019345029311e-02
1.716772808046499593e-02
1.747377064940133437e-02
1.742661339148475139e-02
1.747354395563833346e-02
1.771968658918595882e-02
1.785917645737148188e-02
1.788969569804669743e-02
1.804030331668702442e-02
1.822195069723041641e-02
1.832574855031352673e-02
1.842163046293606235e-02
1.856558545626975365e-02
1.872087896368104798e-02
1.882084748905257787e-02
1.892176666626406781e-02
1.902528690900134878e-02
1.911153842296742927e-02
1.915742088507794982e-02
1.927269542170892760e-02
1.996662844809090481e-02
2.424014177732526296e-02
3.578363027796522405e-02
5.217718269530813996e-02
7.695478398304578249e-02
1.062792205696980602e-01
1.287708386450505949e-01
1.317351932379944301e-01
1.271543842374283362e-01
1.299625519042446609e-01
1.472665510965674718e-01
1.638222774292138473e-01
1.678762090830767939e-01
1.654437586997747900e-01
1.692685852529304258e-01
1.828255014371571729e-01
1.978328323204483208e-01
2.051236950811704263e-01
2.072995819091974501e-01
2.118424037985319475e-01
2.226077782969188845e-01
2.356175090589630872e-01
2.455973021013191093e-01
2.510941071558846494e-01
2.562193192836461075e-01
2.647854818964540669e-01
2.764631447525655594e-01
2.867170773593079591e-01
2.946569562873862513e-01
3.008639806410869921e-01
3.086415043866650443e-01
3.182062454249816597e-01
3.287670938188354541e-01
3.514991643495085083e-01
3.657833620217819659e-01
