4.214684851089403467e-08
3.650024149988857397e-08
3.650024149988857397e-08
3.650024149988857397e-08
6.664001874625057725e-08
1.192092895507813294e-07
1.999200562387520097e-07
3.291774099226984648e-07
4.897021271334632069e-07
7.049367530652949495e-07
9.450203177755187624e-07
1.276986914016604788e-06
1.631524049421848306e-06
2.081047326338200779e-06
2.557362272628857808e-06
3.150882158287772722e-06
3.780786093747018821e-06
4.474568361990179194e-06
5.318608322587400943e-06
6.173218558012056047e-06
7.206864618365515639e-06
8.239924465985739462e-06
9.482174523522908638e-06
1.072388856120223615e-05
1.217834263462186301e-05
1.364860144134727218e-05
1.522586621654371176e-05
1.709462615007424665e-05
1.897214532413373601e-05
2.122760240825236256e-05
2.358069092839176496e-05
2.661404123239316063e-05
3.024252981382527115e-05
3.623248522492283788e-05
4.685964348933141342e-05
7.636676910450228728e-05
1.655922553461933232e-04
5.118126394434628591e-04
1.576358763614693322e-03
2.474775647713879298e-03
3.349854461333634688e-03
4.200382595473335472e-03
5.091066014459417165e-03
5.882991242475239281e-03
6.757126188207007722e-03
7.500695378561779945e-03
8.174918752567022356e-03
8.777621461817214019e-03
9.141910959207221951e-03
9.346425981939280106e-03
9.439824016743723900e-03
9.535035837207227888e-03
9.663356609409772327e-03
9.847597710108636423e-03
1.004245394760651042e-02
1.025304641452564301e-02
1.040258117597580786e-02
1.037218498524899654e-02
9.748220880548212619e-03
7.685832214727323676e-03
3.538798583871881950e-03
2.595740687055307638e-03
3.434423779131770202e-03
3.100850079836981257e-03
2.460990711262673897e-03
2.620430087584017277e-03
2.577722478493200096e-03
2.160216623270030598e-03
2.124676433319644744e-03
2.118042288389247046e-03
1.877432569767983070e-03
1.756450165837945918e-03
1.743968478382231652e-03
1.594397400587673928e-03
1.465031884927459754e-03
1.423053639553873047e-03
1.346326258350265129e-03
1.234170136386619808e-03
1.167361667750009590e-03
1.122730664358565942e-03
1.041445995773688984e-03
9.760354975930419542e-04
9.361025334491973214e-04
8.943938565560265739e-04
8.404201950929333790e-04
8.063689618314033841e-04
7.844162186942572760e-04
7.565051777563297107e-04
7.314291638414365318e-04
7.165306996237862580e-04
7.091766770499419907e-04
7.002674095536963721e-04
6.948447802728601212e-04
6.969232515143463595e-04
7.031847232407469495e-04
7.107545226883247701e-04
7.206646285407249846e-04
7.354464471820906790e-04
7.550320452641243619e-04
7.772580469307372548e-04
8.006695248413468703e-04
8.281503784690106250e-04
8.603008013326928416e-04
8.970448957555972455e-04
9.361849530842751912e-04
9.805969053219827734e-04
1.033181589751313743e-03
1.088840845476834801e-03
1.157504328035006231e-03
1.226745452801940696e-03
1.313336211255508113e-03
1.415600426860303979e-03
1.540662530664633047e-03
1.696770526474931148e-03
1.889058092705571835e-03
2.166694088429390371e-03
2.568804191615542930e-03
3.145796895508914601e-03
4.156040117764203505e-03
5.960944519478919221e-03
9.641958820497552665e-03
1.921397137740777500e-02
4.305171627204750634e-02
8.969199560928331483e-02
1.213233912278988691e-01
1.254823003374269941e-01
1.320024226733751138e-01
1.431407518312025617e-01
1.556974531336115242e-01
1.698702647381769570e-01
1.866755374759915542e-01
1.996158286048121400e-01
2.048377419670584232e-01
2.119227497086778600e-01
2.270031198497296232e-01
2.367993736989472409e-01
2.368157275182199983e-01
2.402962471141971701e-01
2.509628954814659418e-01
2.607929149368355404e-01
2.727123780418133636e-01
3.330051245134503790e-01
3.703958524891056148e-01
