1.800514157652048516e-07
1.775678290100842786e-07
2.874031889734562838e-07
5.767346167672841790e-07
1.178228700206991273e-06
2.098049629545363011e-06
3.427720558186534923e-06
5.433225749629388724e-06
7.872976023407072811e-06
1.124132381087767778e-05
1.507928306245979951e-05
2.013912746182716621e-05
2.568542681435474569e-05
3.271405964925007669e-05
4.019405312597452789e-05
4.938904851611467336e-05
5.884264223078714326e-05
6.986640759205935873e-05
9.405345470320885767e-05
1.286045414823667749e-04
1.760461289591945479e-04
2.310471413889100053e-04
2.989074809787802987e-04
3.674940880287514994e-04
5.126563584367804793e-04
1.143820420576072703e-03
1.324932452788590929e-03
1.457371629796310646e-03
1.710023209848852022e-03
1.956148685240715734e-03
2.172717651159569198e-03
2.491207545636074574e-03
2.776850378915402939e-03
3.110972291010782355e-03
3.471007611790898235e-03
3.873238885992347398e-03
4.205429493803586674e-03
4.379196274214634636e-03
4.926636085149955525e-03
5.474799049884374220e-03
5.875381313246525773e-03
6.297933702473842467e-03
6.853737742260238019e-03
7.267748713619679064e-03
7.560441357017234562e-03
6.442894176764512107e-03
6.614010996454254207e-03
7.397046189839147877e-03
8.052495088413852420e-03
8.692825964146453158e-03
9.573190534925581779e-03
1.039466308591579027e-02
1.119937555782210895e-02
1.223190355287345245e-02
1.313769061269588583e-02
1.420229100167049244e-02
1.527101957239684546e-02
1.634329848542634758e-02
1.758548294789349237e-02
1.879818882561939963e-02
2.015050131419590315e-02
2.147207005035827246e-02
2.297036067061648465e-02
2.440668366967663899e-02
2.604236308671935285e-02
2.761827775333348944e-02
2.925727820668101373e-02
3.111557865918966950e-02
3.290467297464213375e-02
3.492596715311394734e-02
3.687507367886513898e-02
3.907707100274446232e-02
4.119747851439345410e-02
4.359549157480928361e-02
4.590423652750764971e-02
4.851288903969827593e-02
5.102357551447184170e-02
5.363335453730469493e-02
5.657058083353573574e-02
5.937675119999457490e-02
6.255069941945927414e-02
6.691240052348372547e-02
7.231168300446502717e-02
7.581587673450888853e-02
7.994982309137159404e-02
8.431119881742216160e-02
8.864826890115122537e-02
9.344595530088022073e-02
9.899262161453828424e-02
1.077825270105110811e-01
1.138717539314804267e-01
1.186596624641027137e-01
1.240628352931462952e-01
1.328567109150903536e-01
1.369199330522055391e-01
1.415677343905884511e-01
1.486406136845404014e-01
1.547349469202084216e-01
1.560639629247255189e-01
1.626255635557569135e-01
1.693048861597890586e-01
1.740949442148233273e-01
1.769568860556104961e-01
1.836467706995625337e-01
1.898488567841517538e-01
1.943362510197886306e-01
1.983906797167424574e-01
2.045766061354522547e-01
2.111075854564064269e-01
2.164294980997039930e-01
2.218593294361858037e-01
2.277589276707761845e-01
2.344870196981072019e-01
2.401804585567013650e-01
2.460974840061943281e-01
2.519708153159757047e-01
2.581674096115859629e-01
2.646792526631689957e-01
2.704624015140206228e-01
2.766338681010253042e-01
2.831040542803139881e-01
2.895975325180936144e-01
2.957482879631224137e-01
3.019767377050701085e-01
3.085955571881238146e-01
3.150673488398301747e-01
3.216531511836016044e-01
3.279753798869121661e-01
3.342851896312699078e-01
3.407862530366043696e-01
3.472915200238495537e-01
3.539377749123351347e-01
3.602221104500552551e-01
3.666246016759238113e-01
3.717468670939805819e-01
3.788540356433682810e-01
3.849606697304758240e-01
3.910409141699863755e-01
3.971969514463773443e-01
4.030816417973097643e-01
4.086104695541140641e-01
4.147865746557094502e-01
4.210292669374179342e-01
4.271610583080351908e-01
4.329376502939066285e-01
4.383313048618630026e-01
4.438565204056636460e-01
4.497915931651846333e-01
4.553058951314829517e-01
4.605323149055122744e-01
4.656280304235577705e-01
4.705058366687568938e-01
4.757219048798455585e-01
4.813163185023286439e-01
4.864297699350484394e-01
4.908354270199203895e-01
4.950453345402048289e-01
4.998984239262861395e-01
5.044967087626316404e-01
5.090073594321097294e-01
5.127084685109792872e-01
5.141288336691480776e-01
5.196379912474021756e-01
5.242701339972276608e-01
5.267312356326065981e-01
5.308235910955538817e-01
5.339364991593268384e-01
5.367241005531205866e-01
5.408171996983749397e-01
5.438089854256856759e-01
5.457617696637157012e-01
5.486711467550995369e-01
5.513967120313099102e-01
5.536953323435435115e-01
5.563418030531265268e-01
5.582787801579323084e-01
5.597146149599470100e-01
5.617635170672212741e-01
5.638450584882360728e-01
5.653302322896606169e-01
5.667290913382588835e-01
5.679876169488985438e-01
5.690542630938388857e-01
5.703291544837386651e-01
5.715550494075344323e-01
5.722843648464085442e-01
5.729067784370857064e-01
5.736220630406906329e-01
5.742636908534343165e-01
5.748964946038203072e-01
5.753707703278945207e-01
5.755754884024917306e-01
5.757587622518165471e-01
5.760707688193767995e-01
5.763139679455528963e-01
5.764478449242661506e-01
5.764883294478823084e-01
