0.000000000000000000e+00
0.000000000000000000e+00
0.000000000000000000e+00
2.107342425544701733e-08
6.322027276634105531e-08
1.316034922946669618e-07
2.356080457693626521e-07
3.857069941027422168e-07
5.701519986900464036e-07
8.250992417280388434e-07
1.116294908543170427e-06
1.497844680920867705e-06
1.923808585824370391e-06
2.454669509169956541e-06
3.021006016484505147e-06
3.730055622188306261e-06
4.474965333921849527e-06
5.310168403045786624e-06
6.332975976593697531e-06
7.374012422767367378e-06
8.643367139368291226e-06
9.928580077598076145e-06
1.147116514059949914e-05
1.304673038319924222e-05
1.493524587074931109e-05
1.685163879943583188e-05
1.897848767820562577e-05
2.154821261688488073e-05
2.422463218711206763e-05
2.753842636135806016e-05
3.113939833149988618e-05
3.590412448861736563e-05
4.159923839599717654e-05
5.043918703354277670e-05
6.394461395227029916e-05
9.441082694024942985e-05
1.733949215371426839e-04
4.812582262056358529e-04
1.731598952075503496e-03
2.768766035304247135e-03
3.676208603544699714e-03
4.577683025559184035e-03
5.535674471920325711e-03
6.362007025202704759e-03
7.316274934785927699e-03
8.141037834747380866e-03
8.917014934683069674e-03
9.683179025267380294e-03
1.021851710733016373e-02
1.058408422735954667e-02
1.075556087899379176e-02
1.119374497930031818e-02
1.197860336116904345e-02
1.274840161170239482e-02
1.342227387508838216e-02
1.418244459949144325e-02
1.432723798762171145e-02
1.165362456942637369e-02
1.134187405817509327e-02
9.013281677331341779e-03
5.568254895093332699e-03
4.748186267750840323e-03
5.512851046828587051e-03
5.210579434884518926e-03
4.595439425728879874e-03
4.807845420757123414e-03
4.786243201776048915e-03
4.411996211837612182e-03
4.439139856115539504e-03
4.472653900619437579e-03
4.280274597185853430e-03
4.222717759390608519e-03
4.257659259510299110e-03
4.159938342002518497e-03
4.083730928966206736e-03
4.094684980645094119e-03
4.060547206480351334e-03
3.992480110302178489e-03
3.971302169890015589e-03
3.961419173904018667e-03
3.914323809326845059e-03
3.878788455533130081e-03
3.865112723380364698e-03
3.841615249151432172e-03
3.804377698030008640e-03
3.782319096260906063e-03
3.767065345814888441e-03
3.741758470605776980e-03
3.716628917227285476e-03
3.698235505195972966e-03
3.683737808472284207e-03
3.664166205424221421e-03
3.647267514854281214e-03
3.635134604572055114e-03
3.625229100351477773e-03
3.615008273603847327e-03
3.606240708114122600e-03
3.601888229955116285e-03
3.600621170399884770e-03
3.600843089522476944e-03
3.603442136226045305e-03
3.610604256433439050e-03
3.622357215297682554e-03
3.637965074521743759e-03
3.658676896164433055e-03
3.686326749527390426e-03
3.720828139509893898e-03
3.767502525323747006e-03
3.821659213597473296e-03
3.893506571462934836e-03
3.987878091677198207e-03
4.109893557909140641e-03
4.276068554723532790e-03
4.498516284305018043e-03
4.826073913922051921e-03
5.299746198592308541e-03
6.098340084626197380e-03
7.331886578822320935e-03
9.644039970500241019e-03
1.447425189940782127e-02
2.565924696382011760e-02
5.075191822140605324e-02
9.306885901519706961e-02
1.199038929114761010e-01
1.278077770897632637e-01
1.354187501929280946e-01
1.467919327194921741e-01
1.586199153343422763e-01
1.710788784665280282e-01
1.862317993557091322e-01
1.976168425748338342e-01
2.020999570708512383e-01
2.090087871208249626e-01
2.216927326562631306e-01
2.294497418307472614e-01
2.329144391113552592e-01
2.461457804722252396e-01
2.707166269330162356e-01
2.874296834901273190e-01
