5.652148925781250000e+03 0.000000000000000000e+00
5.652145019531250000e+03 -3.393589409483865893e-08
5.652118164062500000e+03 -2.668023171281674877e-07
5.652053222656250000e+03 -8.254738190771604422e-07
5.651917968750000000e+03 -1.978290583792841062e-06
5.651715332031250000e+03 -3.700046818266855553e-06
5.651421386718750000e+03 -6.193963599798735231e-06
5.650981445312500000e+03 -9.919690455717500299e-06
5.650446289062500000e+03 -1.443880228180205449e-05
5.649709960937500000e+03 -2.064683758362662047e-05
5.648870117187500000e+03 -2.770897663140203804e-05
5.647770019531250000e+03 -3.692594691528938711e-05
5.646565429687500000e+03 -4.697948679677210748e-05
5.645040039062500000e+03 -5.963837611488997936e-05
5.643415039062500000e+03 -7.301367440959438682e-05
5.641406250000000000e+03 -8.934794459491968155e-05
5.639310546875000000e+03 -1.060405775206163526e-04
5.636971679687500000e+03 -1.239727571373805404e-04
5.634151855468750000e+03 -1.437995524611324072e-04
5.631274414062500000e+03 -1.604975986992940307e-04
5.627848632812500000e+03 -1.742567983455955982e-04
5.624391601562500000e+03 -1.753130345605313778e-04
5.620317382812500000e+03 -1.219674668391235173e-04
5.616244628906250000e+03 -1.239168923348188400e-04
5.611484863281250000e+03 -1.274256792385131121e-04
5.606762695312500000e+03 -1.298839342780411243e-04
5.601719238281250000e+03 -1.315754052484408021e-04
5.595884277343750000e+03 -1.360378810204565525e-04
5.590149902343750000e+03 -1.415037695551291108e-04
5.583553710937500000e+03 -1.484620879637077451e-04
5.577105468750000000e+03 -1.561924873385578394e-04
5.569724121093750000e+03 -1.661994465393945575e-04
5.562541503906250000e+03 -1.772482646629214287e-04
5.554355468750000000e+03 -1.913057931233197451e-04
5.546421875000000000e+03 -2.059839316643774509e-04
5.537415039062500000e+03 -2.237509324913844466e-04
5.528717285156250000e+03 -2.419146476313471794e-04
5.519648925781250000e+03 -2.617768477648496628e-04
5.509404296875000000e+03 -2.852698671631515026e-04
5.499557617187500000e+03 -3.087777295149862766e-04
5.488466796875000000e+03 -3.361795679666101933e-04
5.477836914062500000e+03 -3.632176958490163088e-04
5.465895996093750000e+03 -3.942588227801024914e-04
5.454479980468750000e+03 -4.242929571773856878e-04
5.441687011718750000e+03 -4.578306106850504875e-04
5.429485351562500000e+03 -4.888090188615024090e-04
5.416907714843750000e+03 -5.184923647902905941e-04
5.402858886718750000e+03 -5.498139653354883194e-04
5.389501464843750000e+03 -5.809859139844775200e-04
5.374610839843750000e+03 -6.174217560328543186e-04
5.360480468750000000e+03 -6.527255172841250896e-04
5.344758300781250000e+03 -6.918142898939549923e-04
5.329864746093750000e+03 -7.280465215444564819e-04
5.313321777343750000e+03 -7.675638771615922451e-04
5.297677246093750000e+03 -8.030679891817271709e-04
5.280328125000000000e+03 -8.162897429428994656e-04
5.263946777343750000e+03 -7.841303595341742039e-04
5.247218261718750000e+03 -8.506565936841070652e-04
5.228707519531250000e+03 -8.947617025114595890e-04
5.211268066406250000e+03 -9.450489887967705727e-04
5.191998046875000000e+03 -1.000467222183942795e-03
5.173867187500000000e+03 -1.054062973707914352e-03
5.153859863281250000e+03 -1.112968893721699715e-03
5.135059570312500000e+03 -1.169226248748600483e-03
5.114339843750000000e+03 -1.231950009241700172e-03
5.094894042968750000e+03 -1.290351152420043945e-03
5.075147460937500000e+03 -1.349926111288368702e-03
5.053422363281250000e+03 -1.415121485479176044e-03
5.033068847656250000e+03 -1.475021825172007084e-03
5.010701171875000000e+03 -1.539419754408299923e-03
4.989768554687500000e+03 -1.597164082340896130e-03
4.966789550781250000e+03 -1.655856496654450893e-03
4.945307128906250000e+03 -1.703939400613307953e-03
4.921749023437500000e+03 -1.744237612001597881e-03
4.899748046875000000e+03 -1.765388529747724533e-03
4.875645996093750000e+03 -1.774659147486090660e-03
4.853159179687500000e+03 -1.786303473636507988e-03
4.830450683593750000e+03 -1.806462765671312809e-03
4.805609375000000000e+03 -1.834841445088386536e-03
4.782464843750000000e+03 -1.865525846369564533e-03
4.757170410156250000e+03 -1.902638236060738564e-03
4.733625488281250000e+03 -1.939833047799766064e-03
4.707916503906250000e+03 -1.982874469831585884e-03
4.684007812500000000e+03 -2.024861052632331848e-03
4.657924804687500000e+03 -2.072371775284409523e-03
4.633688964843750000e+03 -2.117902273312211037e-03
4.609310058593750000e+03 -2.165004145354032516e-03
4.582748046875000000e+03 -2.217607107013463974e-03
4.558098632812500000e+03 -2.267363481223583221e-03
4.531264648437500000e+03 -2.322426065802574158e-03
4.506384277343750000e+03 -2.374217147007584572e-03
4.479321777343750000e+03 -2.431073458865284920e-03
4.454249511718750000e+03 -2.483868738636374474e-03
4.427000976562500000e+03 -2.540891524404287338e-03
4.401777832031250000e+03 -2.592640696093440056e-03
4.374387207031250000e+03 -2.645837608724832535e-03
4.349053222656250000e+03 -2.681696321815252304e-03
4.323680664062500000e+03 -2.679947298020124435e-03
4.296160156250000000e+03 -2.596846781671047211e-03
4.270604003906250000e+03 -2.432042500004172325e-03
4.244299316406250000e+03 -1.665005926042795181e-03
4.217476562500000000e+03 -1.867823651991784573e-03
4.190868652343750000e+03 -1.904836390167474747e-03
4.165467285156250000e+03 -1.981993438675999641e-03
4.137981933593750000e+03 -1.864180318079888821e-03
4.112651855468750000e+03 -1.922755036503076553e-03
4.085267333984375000e+03 -1.999555854126811028e-03
4.060050292968750000e+03 -2.042779931798577309e-03
4.032809326171875000e+03 -2.017448190599679947e-03
4.008266845703125000e+03 -2.003743313252925873e-03
3.980692626953125000e+03 -2.071742201223969460e-03
3.955822265625000000e+03 -2.122289035469293594e-03
3.931058837890625000e+03 -2.128751715645194054e-03
3.905259033203125000e+03 -2.120734890922904015e-03
3.878906250000000000e+03 -2.145058708265423775e-03
3.854607910156250000e+03 -2.193537773564457893e-03
3.829688232421875000e+03 -2.228397876024246216e-03
3.804378417968750000e+03 -2.232536440715193748e-03
3.777969726562500000e+03 -2.238271059468388557e-03
3.755190429687500000e+03 -2.269921358674764633e-03
3.730753662109375000e+03 -2.312606200575828552e-03
3.706500732421875000e+03 -2.335544442757964134e-03
3.682408691406250000e+03 -2.342821564525365829e-03
3.658885253906250000e+03 -2.356620738282799721e-03
3.634858642578125000e+03 -2.389414235949516296e-03
3.611965820312500000e+03 -2.424552803859114647e-03
3.588886474609375000e+03 -2.445004181936383247e-03
3.565943115234375000e+03 -2.454654313623905182e-03
3.542936523437500000e+03 -2.472283085808157921e-03
3.521177490234375000e+03 -2.502208342775702477e-03
3.498986572265625000e+03 -2.533127786591649055e-03
3.477447021484375000e+03 -2.549919765442609787e-03
3.456183349609375000e+03 -2.559785265475511551e-03
3.435018798828125000e+03 -2.567776245996356010e-03
3.414014404296875000e+03 -2.597068902105093002e-03
3.393709716796875000e+03 -2.618468832224607468e-03
3.373445800781250000e+03 -2.642575651407241821e-03
3.353585937500000000e+03 -2.657651202753186226e-03
3.334007324218750000e+03 -2.672110684216022491e-03
3.314846191406250000e+03 -2.704061334952712059e-03
3.296198486328125000e+03 -2.730711130425333977e-03
3.277750244140625000e+03 -2.749647712334990501e-03
3.259539062500000000e+03 -2.771196421235799789e-03
3.241957763671875000e+03 -2.791218459606170654e-03
3.224693603515625000e+03 -2.815982559695839882e-03
3.207635009765625000e+03 -2.848524367436766624e-03
3.191237304687500000e+03 -2.871482167392969131e-03
3.174893798828125000e+03 -2.883258508518338203e-03
3.158890625000000000e+03 -2.906826091930270195e-03
3.143448974609375000e+03 -2.927140099927783012e-03
3.128453125000000000e+03 -2.946905791759490967e-03
3.114024414062500000e+03 -2.967372070997953415e-03
3.099813232421875000e+03 -2.982214558869600296e-03
3.085879150390625000e+03 -2.996667986735701561e-03
3.072545654296875000e+03 -3.020716831088066101e-03
3.059529541015625000e+03 -2.979789162054657936e-03
3.046855224609375000e+03 -2.997229108586907387e-03
3.034653808593750000e+03 -3.027979284524917603e-03
3.022813232421875000e+03 -3.034857334569096565e-03
3.011343750000000000e+03 -3.062464529648423195e-03
3.000387207031250000e+03 -3.085167380049824715e-03
2.989788574218750000e+03 -3.080935683101415634e-03
2.979572265625000000e+03 -3.095717169344425201e-03
2.969695800781250000e+03 -3.120295470580458641e-03
2.960363525390625000e+03 -3.127832198515534401e-03
2.951350097656250000e+03 -3.138408530503511429e-03
2.948961669921875000e+03 -3.129947930574417114e-03
