5.652140625000000000e+03 0.000000000000000000e+00
5.645104003906250000e+03 -6.375268276315182447e-05
5.638067382812500000e+03 -1.253493537660688162e-04
5.627512207031250000e+03 -1.662325812503695488e-04
5.623993652343750000e+03 -1.615741493878886104e-04
5.623993652343750000e+03 -1.615741493878886104e-04
5.595846191406250000e+03 -1.759993028827011585e-04
5.595846191406250000e+03 -1.759993028827011585e-04
5.567698242187500000e+03 -2.171955566154792905e-04
5.567698242187500000e+03 -2.171955566154792905e-04
5.539550781250000000e+03 -2.729177067521959543e-04
5.539550781250000000e+03 -2.729177067521959543e-04
5.539331054687500000e+03 -2.734041772782802582e-04
5.539166015625000000e+03 -2.737640752457082272e-04
5.538918457031250000e+03 -2.743005170486867428e-04
5.538671386718750000e+03 -2.748231054283678532e-04
5.538423828125000000e+03 -2.752988075371831656e-04
5.538176757812500000e+03 -2.756431349553167820e-04
5.537929199218750000e+03 -2.757534966804087162e-04
5.537681640625000000e+03 -2.756985486485064030e-04
5.537434570312500000e+03 -2.756980829872190952e-04
5.537187011718750000e+03 -2.758588816504925489e-04
5.536939453125000000e+03 -2.761661307886242867e-04
5.536692382812500000e+03 -2.765629324130713940e-04
5.536444824218750000e+03 -2.770102000795304775e-04
5.536073730468750000e+03 -2.777257177513092756e-04
5.535517089843750000e+03 -2.788327692542225122e-04
5.534682128906250000e+03 -2.805185213219374418e-04
5.533429687500000000e+03 -2.830807352438569069e-04
5.531551269531250000e+03 -2.869847230613231659e-04
5.528733398437500000e+03 -2.929641341324895620e-04
5.524506347656250000e+03 -3.021808806806802750e-04
5.518166015625000000e+03 -3.164867230225354433e-04
5.511403320312500000e+03 -3.322887932881712914e-04
5.511403320312500000e+03 -3.322887932881712914e-04
5.483255859375000000e+03 -4.023557703476399183e-04
5.483255859375000000e+03 -4.023557703476399183e-04
5.455108398437500000e+03 -4.754565889015793800e-04
5.455108398437500000e+03 -4.754565889015793800e-04
5.426960937500000000e+03 -5.417098291218280792e-04
5.426960937500000000e+03 -5.417098291218280792e-04
5.398813476562500000e+03 -5.938567337580025196e-04
5.398813476562500000e+03 -5.938567337580025196e-04
5.391776855468750000e+03 -6.056931451894342899e-04
5.384739746093750000e+03 -6.158855394460260868e-04
5.382980468750000000e+03 -6.168604013510048389e-04
5.382650878906250000e+03 -6.165720405988395214e-04
5.382403320312500000e+03 -6.154929287731647491e-04
5.382310546875000000e+03 -6.147766252979636192e-04
5.382206054687500000e+03 -6.122309132479131222e-04
5.382064941406250000e+03 -5.192580865696072578e-04
5.381895507812500000e+03 -5.180368316359817982e-04
5.381697265625000000e+03 -5.184363690204918385e-04
5.381518554687500000e+03 -5.187909700907766819e-04
5.381250976562500000e+03 -5.193229881115257740e-04
5.380849121093750000e+03 -5.201217718422412872e-04
5.380246582031250000e+03 -5.213217809796333313e-04
5.379342773437500000e+03 -5.231260438449680805e-04
5.377987304687500000e+03 -5.258417804725468159e-04
5.375953613281250000e+03 -5.299365730024874210e-04
5.372903808593750000e+03 -5.361260846257209778e-04
5.370665527343750000e+03 -5.407063290476799011e-04
5.370665527343750000e+03 -5.407063290476799011e-04
5.342518066406250000e+03 -6.008701748214662075e-04
5.342518066406250000e+03 -6.008701748214662075e-04
5.314370605468750000e+03 -6.656186305917799473e-04
5.314370605468750000e+03 -6.656186305917799473e-04
5.286223144531250000e+03 -7.346352213062345982e-04
5.286223144531250000e+03 -7.346352213062345982e-04
5.258075683593750000e+03 -8.076044032350182533e-04
5.258075683593750000e+03 -8.076044032350182533e-04
5.229928222656250000e+03 -8.842156385071575642e-04
5.229928222656250000e+03 -8.842156385071575642e-04
5.201780761718750000e+03 -9.641702054068446159e-04
5.201780761718750000e+03 -9.641702054068446159e-04
5.173633300781250000e+03 -1.047180499881505966e-03
5.173633300781250000e+03 -1.047180499881505966e-03
5.145486328125000000e+03 -1.132966834120452404e-03
5.145486328125000000e+03 -1.132966834120452404e-03
5.117338867187500000e+03 -1.221250277012586594e-03
5.117338867187500000e+03 -1.221250277012586594e-03
5.089191406250000000e+03 -1.311745611019432545e-03
5.089191406250000000e+03 -1.311745611019432545e-03
5.061043945312500000e+03 -1.404153415933251381e-03
5.061043945312500000e+03 -1.404153415933251381e-03
5.032896484375000000e+03 -1.498150289990007877e-03
5.032896484375000000e+03 -1.498150289990007877e-03
5.004749023437500000e+03 -1.593378838151693344e-03
5.004749023437500000e+03 -1.593378838151693344e-03
4.976601562500000000e+03 -1.689435332082211971e-03
4.976601562500000000e+03 -1.689435332082211971e-03
4.948454101562500000e+03 -1.785857370123267174e-03
4.948454101562500000e+03 -1.785857370123267174e-03
4.920307128906250000e+03 -1.882110955193638802e-03
4.920307128906250000e+03 -1.882110955193638802e-03
4.913270019531250000e+03 -1.906081568449735641e-03
4.906233398437500000e+03 -1.929994905367493629e-03
4.903594238281250000e+03 -1.938953297212719917e-03
4.902604980468750000e+03 -1.942307804711163044e-03
4.901120605468750000e+03 -1.947334036231040955e-03
4.899636230468750000e+03 -1.952357008121907711e-03
4.898151855468750000e+03 -1.957376487553119659e-03
4.898059082031250000e+03 -1.957690808922052383e-03
4.897873535156250000e+03 -1.958317821845412254e-03
4.897734375000000000e+03 -1.958788139745593071e-03
4.897525878906250000e+03 -1.959493616595864296e-03
4.897212402343750000e+03 -1.960551599040627480e-03
4.896899414062500000e+03 -1.961609348654747009e-03
4.896586425781250000e+03 -1.962667098268866539e-03
4.896273437500000000e+03 -1.963724615052342415e-03
4.895959960937500000e+03 -1.964781899005174637e-03
4.895646972656250000e+03 -1.965839182958006859e-03
4.895177246093750000e+03 -1.967424526810646057e-03
4.894472656250000000e+03 -1.969801727682352066e-03
4.894296875000000000e+03 -1.970396377146244049e-03
4.894120605468750000e+03 -1.970990328118205070e-03
4.893944335937500000e+03 -1.971584511920809746e-03
4.893768554687500000e+03 -1.972178695723414421e-03
4.893592285156250000e+03 -1.972772646695375443e-03
4.893416015625000000e+03 -1.973366597667336464e-03
4.893240234375000000e+03 -1.973960548639297485e-03
4.893063964843750000e+03 -1.974554266780614853e-03
4.892887695312500000e+03 -1.975147984921932220e-03
4.892623535156250000e+03 -1.976038562133908272e-03
4.892557617187500000e+03 -1.976261381059885025e-03
4.892392578125000000e+03 -1.976817846298217773e-03
4.892243652343750000e+03 -1.977318665012717247e-03
4.892159667968750000e+03 -1.977602951228618622e-03
4.892159667968750000e+03 -1.977602951228618622e-03
4.891939453125000000e+03 -1.978343818336725235e-03
4.891774902343750000e+03 -1.978899585083127022e-03
4.891609863281250000e+03 -1.979455351829528809e-03
4.891444824218750000e+03 -1.980010885745286942e-03
4.891279785156250000e+03 -1.980566419661045074e-03
4.891115234375000000e+03 -1.981121953576803207e-03
4.890950195312500000e+03 -1.981677487492561340e-03
4.890785156250000000e+03 -1.982232788577675819e-03
4.890620117187500000e+03 -1.982788089662790298e-03
4.890579101562500000e+03 -1.982927089557051659e-03
4.890383300781250000e+03 -1.983586465939879417e-03
4.890244140625000000e+03 -1.984054921194911003e-03
4.890104980468750000e+03 -1.984523376449942589e-03
4.889965820312500000e+03 -1.984991598874330521e-03
4.889826660156250000e+03 -1.985460054129362106e-03
4.889687500000000000e+03 -1.985928276553750038e-03
4.889548339843750000e+03 -1.986396731808781624e-03
4.889409179687500000e+03 -1.986864954233169556e-03
4.889270019531250000e+03 -1.987333176657557487e-03
4.889130859375000000e+03 -1.987801399081945419e-03
4.889061035156250000e+03 -1.988035393878817558e-03
4.888813476562500000e+03 -1.988869160413742065e-03
4.888637207031250000e+03 -1.989461481571197510e-03
4.888482910156250000e+03 -1.989979995414614677e-03
4.888235351562500000e+03 -1.990812597796320915e-03
4.888086914062500000e+03 -1.991312252357602119e-03
4.887937988281250000e+03 -1.991811906918883324e-03
4.887789550781250000e+03 -1.992311561480164528e-03
4.887576171875000000e+03 -1.993029611185193062e-03
4.887450683593750000e+03 -1.993451034650206566e-03
4.887325195312500000e+03 -1.993872458115220070e-03
4.887199707031250000e+03 -1.994293881580233574e-03
4.887074218750000000e+03 -1.994715072214603424e-03
4.886949218750000000e+03 -1.995136495679616928e-03
4.886769042968750000e+03 -1.995742088183760643e-03
4.886663085937500000e+03 -1.996097387745976448e-03
4.886451660156250000e+03 -1.996808219701051712e-03
4.886345703125000000e+03 -1.997163519263267517e-03
4.886239746093750000e+03 -1.997518818825483322e-03
4.886028320312500000e+03 -1.998229417949914932e-03
4.885922363281250000e+03 -1.998584717512130737e-03
4.885816894531250000e+03 -1.998939784243702888e-03
4.885604980468750000e+03 -1.999650150537490845e-03
4.885499511718750000e+03 -2.000005450099706650e-03
4.885347167968750000e+03 -2.000515814870595932e-03
4.885257812500000000e+03 -2.000815467908978462e-03
4.885099121093750000e+03 -2.001349115744233131e-03
4.884943847656250000e+03 -2.001870423555374146e-03
4.884784667968750000e+03 -2.002403605729341507e-03
4.884689453125000000e+03 -2.002723515033721924e-03
4.884499023437500000e+03 -2.003363100811839104e-03
4.884403320312500000e+03 -2.003682777285575867e-03
4.884212890625000000e+03 -2.004322363063693047e-03
4.884117675781250000e+03 -2.004642039537429810e-03
4.883974609375000000e+03 -2.005121670663356781e-03
4.883804687500000000e+03 -2.005691174417734146e-03
4.883684082031250000e+03 -2.006095601245760918e-03
4.883571289062500000e+03 -2.006474882364273071e-03
4.883367675781250000e+03 -2.007157541811466217e-03
4.883265625000000000e+03 -2.007498638704419136e-03
4.883062011718750000e+03 -2.008181065320968628e-03
4.882998535156250000e+03 -2.008394338190555573e-03
4.882855468750000000e+03 -2.008874202147126198e-03
4.882702148437500000e+03 -2.009386895224452019e-03
4.882557617187500000e+03 -2.009872579947113991e-03
4.882412597656250000e+03 -2.010358264669775963e-03
4.882267578125000000e+03 -2.010843716561794281e-03
4.882138671875000000e+03 -2.011276083067059517e-03
4.881909179687500000e+03 -2.012044191360473633e-03
4.881702636718750000e+03 -2.012735232710838318e-03
4.881547851562500000e+03 -2.013253746554255486e-03
4.881393554687500000e+03 -2.013771794736385345e-03
4.881315917968750000e+03 -2.014030935242772102e-03
4.881139648437500000e+03 -2.014622092247009277e-03
4.881022949218750000e+03 -2.015011385083198547e-03
4.880857910156250000e+03 -2.015564590692520142e-03
4.880692382812500000e+03 -2.016117796301841736e-03
4.880609863281250000e+03 -2.016394399106502533e-03
4.880444824218750000e+03 -2.016947371885180473e-03
4.880320800781250000e+03 -2.017362276092171669e-03
4.880173339843750000e+03 -2.017854712903499603e-03
4.880029785156250000e+03 -2.018335741013288498e-03
4.879882812500000000e+03 -2.018827712163329124e-03
4.879725585937500000e+03 -2.019353676587343216e-03
4.879576660156250000e+03 -2.019851701334118843e-03
4.879427734375000000e+03 -2.020349726080894470e-03
4.879278808593750000e+03 -2.020847517997026443e-03
4.879171875000000000e+03 -2.021205378696322441e-03
4.879014648437500000e+03 -2.021730411797761917e-03
4.878926269531250000e+03 -2.022025873884558678e-03
4.878764648437500000e+03 -2.022565808147192001e-03
4.878630371093750000e+03 -2.023014239966869354e-03
4.878496582031250000e+03 -2.023462671786546707e-03
4.878362304687500000e+03 -2.023911103606224060e-03
4.878211425781250000e+03 -2.024415414780378342e-03
4.878075195312500000e+03 -2.024870598688721657e-03
4.877876953125000000e+03 -2.025532536208629608e-03
4.877797363281250000e+03 -2.025798428803682327e-03
4.877663085937500000e+03 -2.026247093454003334e-03
4.877471679687500000e+03 -2.026886446401476860e-03
4.877367675781250000e+03 -2.027234062552452087e-03
4.877231445312500000e+03 -2.027689246460795403e-03
4.877098144531250000e+03 -2.028133720159530640e-03
4.876946777343750000e+03 -2.028639428317546844e-03
4.876812988281250000e+03 -2.029085299000144005e-03
4.876638671875000000e+03 -2.029667608439922333e-03
4.876522460937500000e+03 -2.030055737122893333e-03
4.876347656250000000e+03 -2.030638046562671661e-03
4.876231445312500000e+03 -2.031026175245642662e-03
4.876115234375000000e+03 -2.031414303928613663e-03
4.875940429687500000e+03 -2.031996380537748337e-03
4.875824218750000000e+03 -2.032384509220719337e-03
4.875649902343750000e+03 -2.032966585829854012e-03
4.875533691406250000e+03 -2.033354481682181358e-03
4.875358886718750000e+03 -2.033936325460672379e-03
4.875226562500000000e+03 -2.034378703683614731e-03
4.875125000000000000e+03 -2.034716308116912842e-03
4.874963378906250000e+03 -2.035255311056971550e-03
4.874832519531250000e+03 -2.035692101344466209e-03
4.874692382812500000e+03 -2.036158926784992218e-03
4.874518554687500000e+03 -2.036739140748977661e-03
4.874406250000000000e+03 -2.037112135440111160e-03
4.874238769531250000e+03 -2.037671394646167755e-03
4.874126464843750000e+03 -2.038044389337301254e-03
4.873999023437500000e+03 -2.038469770923256874e-03
4.873861816406250000e+03 -2.038926817476749420e-03
4.873664550781250000e+03 -2.039582934230566025e-03
4.873530273437500000e+03 -2.040031598880887032e-03
4.873426269531250000e+03 -2.040377119556069374e-03
4.873282714843750000e+03 -2.040855120867490768e-03
4.873147949218750000e+03 -2.041303319856524467e-03
4.873009765625000000e+03 -2.041764324530959129e-03
4.872854492187500000e+03 -2.042280742898583412e-03
4.872706542968750000e+03 -2.042772714048624039e-03
4.872545410156250000e+03 -2.043309155851602554e-03
4.872441894531250000e+03 -2.043653978034853935e-03
4.872312500000000000e+03 -2.044084947556257248e-03
4.872154785156250000e+03 -2.044609980657696724e-03
4.872017089843750000e+03 -2.045067725703120232e-03
4.871855957031250000e+03 -2.045603003352880478e-03
4.871736328125000000e+03 -2.046002075076103210e-03
4.871586425781250000e+03 -2.046499401330947876e-03
4.871437011718750000e+03 -2.046996727585792542e-03
4.871287597656250000e+03 -2.047494053840637207e-03
4.871183105468750000e+03 -2.047841669991612434e-03
4.871015625000000000e+03 -2.048397669568657875e-03
4.870878906250000000e+03 -2.048852387815713882e-03
4.870729492187500000e+03 -2.049348317086696625e-03
4.870585937500000000e+03 -2.049826551228761673e-03
4.870441894531250000e+03 -2.050304552540183067e-03
4.870297851562500000e+03 -2.050782786682248116e-03
4.870202148437500000e+03 -2.051101299002766609e-03
4.870058105468750000e+03 -2.051579300314188004e-03
4.869914550781250000e+03 -2.052057301625609398e-03
4.869770507812500000e+03 -2.052535070106387138e-03
4.869626464843750000e+03 -2.053012838587164879e-03
4.869482910156250000e+03 -2.053490607067942619e-03
4.869338867187500000e+03 -2.053968375548720360e-03
4.869214355468750000e+03 -2.054381882771849632e-03
4.869053222656250000e+03 -2.054916229099035263e-03
4.868923828125000000e+03 -2.055346500128507614e-03
4.868793945312500000e+03 -2.055776538327336311e-03
4.868621093750000000e+03 -2.056350233033299446e-03
4.868491699218750000e+03 -2.056780271232128143e-03
4.868361816406250000e+03 -2.057210542261600494e-03
4.868232421875000000e+03 -2.057640580460429192e-03
4.868059570312500000e+03 -2.058213809505105019e-03
4.867929687500000000e+03 -2.058643847703933716e-03
4.867798339843750000e+03 -2.059080405160784721e-03
4.867653320312500000e+03 -2.059561200439929962e-03
4.867505859375000000e+03 -2.060049213469028473e-03
4.867366699218750000e+03 -2.060510218143463135e-03
4.867225097656250000e+03 -2.060981001704931259e-03
4.867097167968750000e+03 -2.061404054984450340e-03
4.866920898437500000e+03 -2.061989158391952515e-03
4.866822753906250000e+03 -2.062313258647918701e-03
4.866663085937500000e+03 -2.062843414023518562e-03
4.866542968750000000e+03 -2.063241088762879372e-03
4.866382812500000000e+03 -2.063771011307835579e-03
4.866259765625000000e+03 -2.064178232103586197e-03
4.866103515625000000e+03 -2.064696978777647018e-03
4.865972167968750000e+03 -2.065131440758705139e-03
4.865814941406250000e+03 -2.065652282908558846e-03
4.865697265625000000e+03 -2.066040644422173500e-03
4.865528320312500000e+03 -2.066599903628230095e-03
4.865405273437500000e+03 -2.067008055746555328e-03
4.865259277343750000e+03 -2.067490480840206146e-03
4.865121582031250000e+03 -2.067947061732411385e-03
4.864960449218750000e+03 -2.068480243906378746e-03
4.864830566406250000e+03 -2.068910049274563789e-03
4.864712890625000000e+03 -2.069298643618822098e-03
4.864557617187500000e+03 -2.069811569526791573e-03
4.864433105468750000e+03 -2.070224611088633537e-03
4.864291503906250000e+03 -2.070692600682377815e-03
4.864127441406250000e+03 -2.071234630420804024e-03
4.864012207031250000e+03 -2.071616239845752716e-03
4.864012207031250000e+03 -2.071616239845752716e-03
