1.548574096771072552e-07
1.645887049613486765e-07
2.747638361839328854e-07
5.446573162823108001e-07
1.120067863045163030e-06
1.973377379311028620e-06
3.229463592198832324e-06
5.113291721580082638e-06
7.412724883781226890e-06
1.059517619699496498e-05
1.422858816810338703e-05
1.899697606443240944e-05
2.423689328201334412e-05
3.091064064413908427e-05
3.803832467694592302e-05
4.691562863895155016e-05
5.625932176102520416e-05
6.699144457273818395e-05
8.186322305437214474e-05
1.060554156346328852e-04
1.500281241786099616e-04
2.028295521899188092e-04
2.737845423475215000e-04
3.504558745010866757e-04
4.425230769469696884e-04
6.081552081189556432e-04
1.394764343611091346e-03
1.652466471694184801e-03
1.800861204836559128e-03
2.127526140739120254e-03
2.405478627773992035e-03
2.634429326889777597e-03
2.875220931322328664e-03
3.210957725265677770e-03
3.596866498577656369e-03
4.017457631507135099e-03
4.368714665980380323e-03
4.764374297317332252e-03
5.236667281158582932e-03
5.650984546327585123e-03
6.087843767268738028e-03
6.473072612417986836e-03
6.832953339303183757e-03
7.096883049408087007e-03
7.104116049661339007e-03
6.289807933338720236e-03
6.904247792962460092e-03
7.795244576104851109e-03
8.375832802366138530e-03
9.143627716224057150e-03
1.002811814955061401e-02
1.087770591964107650e-02
1.175714466893516136e-02
1.282241812480187058e-02
1.378384169612024979e-02
1.491894725537381249e-02
1.604294883629505189e-02
1.718542780687938934e-02
1.850695554105568144e-02
1.979779816389882346e-02
2.124483257566350120e-02
2.265658949233473329e-02
2.426395299060912780e-02
2.580973168920812355e-02
2.757079671754762706e-02
2.927501474933155018e-02
3.105249859104911025e-02
3.307346784034347065e-02
3.502938170013224911e-02
3.724868269632429507e-02
3.940009938373285892e-02
4.184910152302189629e-02
4.422579251108295362e-02
4.693882770369164209e-02
4.958167314334015197e-02
5.283108246458995821e-02
5.767032758840608120e-02
6.136104242367659833e-02
6.501501584752156226e-02
6.853309809942442765e-02
7.267176677566844489e-02
7.595599755020419896e-02
7.915644154956873180e-02
8.198931434659752215e-02
8.448604022541045255e-02
8.594781268823674381e-02
8.685522938826761852e-02
8.788521384375083678e-02
8.940749980143780640e-02
9.200733037662604807e-02
9.542907227549068949e-02
1.007200146489611453e-01
1.086600866409407340e-01
1.261496411648358740e-01
1.560768264502584157e-01
1.593854577857504173e-01
1.590951770230705498e-01
