5.652101074218750000e+03 0.000000000000000000e+00
5.652097656250000000e+03 -5.353308196731632052e-08
5.652070800781250000e+03 -4.218319418214377947e-07
5.652005371093750000e+03 -1.305846126342657954e-06
5.651870117187500000e+03 -3.130647655780194327e-06
5.651667480468750000e+03 -5.857220457983203232e-06
5.651373535156250000e+03 -9.808934009924996644e-06
5.650933593750000000e+03 -1.571763277752324939e-05
5.650398925781250000e+03 -2.289302210556343198e-05
5.649662109375000000e+03 -3.276585630374029279e-05
5.648822265625000000e+03 -4.402074046083725989e-05
5.647722656250000000e+03 -5.875149872736074030e-05
5.646517578125000000e+03 -7.488029950764030218e-05
5.644992187500000000e+03 -9.529658564133569598e-05
5.643367675781250000e+03 -1.170328032458201051e-04
5.641358886718750000e+03 -1.438962208339944482e-04
5.639263183593750000e+03 -1.719122374197468162e-04
5.636924316406250000e+03 -2.031631156569346786e-04
5.634104492187500000e+03 -2.408231812296435237e-04
5.631227050781250000e+03 -2.792330051306635141e-04
5.627801269531250000e+03 -3.249339060857892036e-04
5.624344726562500000e+03 -3.710107412189245224e-04
5.620270996093750000e+03 -4.252595535945147276e-04
5.616198242187500000e+03 -4.794260603375732899e-04
5.611438476562500000e+03 -5.426219431683421135e-04
5.606716796875000000e+03 -6.051785894669592381e-04
5.601673339843750000e+03 -6.718112854287028313e-04
5.595838867187500000e+03 -7.485718815587460995e-04
5.590104492187500000e+03 -8.235534187406301498e-04
5.583508789062500000e+03 -9.089920204132795334e-04
5.577060546875000000e+03 -9.912430541589856148e-04
5.569679687500000000e+03 -1.082813949324190617e-03
5.562497558593750000e+03 -1.167146954685449600e-03
5.554311523437500000e+03 -1.251320121809840202e-03
5.546378417968750000e+03 -1.305760815739631653e-03
5.537371093750000000e+03 -1.309162471443414688e-03
5.528673339843750000e+03 -1.294279820285737514e-03
5.519604980468750000e+03 -1.295424182899296284e-03
5.509360351562500000e+03 -1.308467821218073368e-03
5.499514160156250000e+03 -1.328650629147887230e-03
5.488423339843750000e+03 -1.357659115456044674e-03
5.477793945312500000e+03 -1.389630255289375782e-03
5.465852539062500000e+03 -1.429013907909393311e-03
5.454437011718750000e+03 -1.469149603508412838e-03
5.441644042968750000e+03 -1.515907119028270245e-03
5.429442871093750000e+03 -1.561355777084827423e-03
5.416865234375000000e+03 -1.607972895726561546e-03
5.402816406250000000e+03 -1.658022287301719189e-03
5.389458984375000000e+03 -1.701324479654431343e-03
5.374568847656250000e+03 -1.740915584377944469e-03
5.360438476562500000e+03 -1.766310306265950203e-03
5.344715820312500000e+03 -1.779937651008367538e-03
5.329822753906250000e+03 -1.784729189239442348e-03
5.313279785156250000e+03 -1.789529924280941486e-03
5.297635253906250000e+03 -1.796860131435096264e-03
5.280286132812500000e+03 -1.808356726542115211e-03
5.263905273437500000e+03 -1.820795703679323196e-03
5.247176757812500000e+03 -1.832862151786684990e-03
5.228666503906250000e+03 -1.840472454205155373e-03
5.211226562500000000e+03 -1.833487418480217457e-03
5.191956542968750000e+03 -1.816760632209479809e-03
5.173825683593750000e+03 -1.837926916778087616e-03
5.153818359375000000e+03 -1.868997234851121902e-03
5.135018066406250000e+03 -1.898597925901412964e-03
5.114298339843750000e+03 -1.931527629494667053e-03
5.094853027343750000e+03 -1.964197028428316116e-03
5.075106445312500000e+03 -1.998336287215352058e-03
5.053381835937500000e+03 -2.036432735621929169e-03
5.033027832031250000e+03 -2.073009498417377472e-03
5.010660644531250000e+03 -2.114045666530728340e-03
4.989728027343750000e+03 -2.152936765924096107e-03
4.966749023437500000e+03 -2.196276094764471054e-03
4.945266601562500000e+03 -2.237408189103007317e-03
4.921709472656250000e+03 -2.283037407323718071e-03
4.899708496093750000e+03 -2.326154615730047226e-03
4.875606933593750000e+03 -2.373991301283240318e-03
4.853120117187500000e+03 -2.419148571789264679e-03
4.830411621093750000e+03 -2.465262077748775482e-03
4.805570312500000000e+03 -2.516343025490641594e-03
4.782426757812500000e+03 -2.564549446105957031e-03
4.757132324218750000e+03 -2.617929130792617798e-03
4.733587890625000000e+03 -2.668302506208419800e-03
4.707878906250000000e+03 -2.724108751863241196e-03
4.683970703125000000e+03 -2.776788081973791122e-03
4.657887695312500000e+03 -2.835154067724943161e-03
4.633652343750000000e+03 -2.890261588618159294e-03
4.609273437500000000e+03 -2.946579828858375549e-03
4.582711425781250000e+03 -3.008982166647911072e-03
4.558062500000000000e+03 -3.067896235734224319e-03
4.531229003906250000e+03 -3.133163554593920708e-03
4.506348632812500000e+03 -3.194756805896759033e-03
4.479286132812500000e+03 -3.262955695390701294e-03
4.454214355468750000e+03 -3.327275160700082779e-03
4.426966308593750000e+03 -3.398442408069968224e-03
4.401743164062500000e+03 -3.465504851192235947e-03
4.374353027343750000e+03 -3.539632307365536690e-03
4.349019042968750000e+03 -3.609413979575037956e-03
4.323117675781250000e+03 -3.681977279484272003e-03
4.296126953125000000e+03 -3.758909413591027260e-03
4.270704101562500000e+03 -3.832604270428419113e-03
4.243824707031250000e+03 -3.911823499947786331e-03
4.218127441406250000e+03 -3.988813143223524094e-03
4.191977050781250000e+03 -4.068416077643632889e-03
4.165318359375000000e+03 -4.150867462158203125e-03
4.138834472656250000e+03 -4.234076943248510361e-03
4.112851074218750000e+03 -4.316963721066713333e-03
4.086298339843750000e+03 -4.402943886816501617e-03
4.060228515625000000e+03 -4.488617647439241409e-03
4.033768798828125000e+03 -4.576822742819786072e-03
4.008322021484375000e+03 -4.662842024117708206e-03
3.980985107421875000e+03 -4.756537266075611115e-03
3.955923339843750000e+03 -4.843598231673240662e-03
3.931019775390625000e+03 -4.931199830025434494e-03
3.905092285156250000e+03 -5.023549310863018036e-03
3.879782714843750000e+03 -5.114804953336715698e-03
3.854329589843750000e+03 -5.207686685025691986e-03
3.829380615234375000e+03 -5.299788434058427811e-03
3.804309082031250000e+03 -5.393362604081630707e-03
3.779914550781250000e+03 -5.485368426889181137e-03
3.753787841796875000e+03 -5.584860686212778091e-03
3.730042480468750000e+03 -5.675860214978456497e-03
3.705169433593750000e+03 -5.770508665591478348e-03
3.682177001953125000e+03 -5.851562134921550751e-03
3.658415771484375000e+03 -5.890431348234415054e-03
3.635079345703125000e+03 -5.670529790222644806e-03
3.611869140625000000e+03 -4.976513329893350601e-03
3.588828613281250000e+03 -4.781024996191263199e-03
3.565897705078125000e+03 -5.031976848840713501e-03
3.543209472656250000e+03 -5.067746154963970184e-03
3.521270019531250000e+03 -4.845581948757171631e-03
3.498230224609375000e+03 -4.805102944374084473e-03
3.477391601562500000e+03 -4.931109491735696793e-03
3.456122070312500000e+03 -4.877421539276838303e-03
3.434838378906250000e+03 -4.777215886861085892e-03
3.414093750000000000e+03 -4.845914896577596664e-03
3.393472900390625000e+03 -4.891503602266311646e-03
3.373609619140625000e+03 -4.837026819586753845e-03
3.353701171875000000e+03 -4.826709162443876266e-03
3.334308105468750000e+03 -4.870031960308551788e-03
3.314789794921875000e+03 -4.853685386478900909e-03
3.296346435546875000e+03 -4.485440906137228012e-03
3.295867919921875000e+03 -4.409101326018571854e-03
