5.652140625000000000e+03 0.000000000000000000e+00
5.645104003906250000e+03 -6.848626799182966352e-05
5.638067382812500000e+03 -1.311144296778365970e-04
5.627512207031250000e+03 -2.082348655676469207e-04
5.623993652343750000e+03 -2.227613294962793589e-04
5.623993652343750000e+03 -2.227613294962793589e-04
5.616957031250000000e+03 -2.173603570554405451e-04
5.609919921875000000e+03 -2.046505105681717396e-04
5.599364257812500000e+03 -1.997361105168238282e-04
5.595846191406250000e+03 -1.997951912926509976e-04
5.595846191406250000e+03 -1.997951912926509976e-04
5.567698242187500000e+03 -2.332316798856481910e-04
5.567698242187500000e+03 -2.332316798856481910e-04
5.539550781250000000e+03 -2.861343964468687773e-04
5.539550781250000000e+03 -2.861343964468687773e-04
5.511403320312500000e+03 -3.515439166221767664e-04
5.511403320312500000e+03 -3.515439166221767664e-04
5.483255859375000000e+03 -4.251158679835498333e-04
5.483255859375000000e+03 -4.251158679835498333e-04
5.455108398437500000e+03 -5.029856692999601364e-04
5.455108398437500000e+03 -5.029856692999601364e-04
5.426960937500000000e+03 -5.795888137072324753e-04
5.426960937500000000e+03 -5.795888137072324753e-04
5.398813476562500000e+03 -6.449884385801851749e-04
5.398813476562500000e+03 -6.449884385801851749e-04
5.370666015625000000e+03 -6.907385541126132011e-04
5.370666015625000000e+03 -6.907385541126132011e-04
5.342518554687500000e+03 -7.347688660956919193e-04
5.342518554687500000e+03 -7.347688660956919193e-04
5.314371093750000000e+03 -7.936140173114836216e-04
5.314371093750000000e+03 -7.936140173114836216e-04
5.307333984375000000e+03 -8.094582008197903633e-04
5.300297363281250000e+03 -8.256215951405465603e-04
5.289742187500000000e+03 -8.483405690640211105e-04
5.286223632812500000e+03 -8.549704798497259617e-04
5.286223632812500000e+03 -8.549704798497259617e-04
5.284464355468750000e+03 -8.578966953791677952e-04
5.282705078125000000e+03 -8.602802990935742855e-04
5.280066406250000000e+03 -8.616165141575038433e-04
5.276107910156250000e+03 -8.488590246997773647e-04
5.275118652343750000e+03 -8.448348962701857090e-04
5.274128906250000000e+03 -8.408463327214121819e-04
5.272644531250000000e+03 -8.346294052898883820e-04
5.270417968750000000e+03 -8.261094335466623306e-04
5.267078125000000000e+03 -8.179338765330612659e-04
5.262068359375000000e+03 -8.166597690433263779e-04
5.258075683593750000e+03 -8.214564877562224865e-04
5.258075683593750000e+03 -8.214564877562224865e-04
5.229928222656250000e+03 -8.951002382673323154e-04
5.229928222656250000e+03 -8.951002382673323154e-04
5.201780761718750000e+03 -9.755305945873260498e-04
5.201780761718750000e+03 -9.755305945873260498e-04
5.173633789062500000e+03 -1.059220754541456699e-03
5.173633789062500000e+03 -1.059220754541456699e-03
5.145486328125000000e+03 -1.145779271610081196e-03
5.145486328125000000e+03 -1.145779271610081196e-03
5.117338867187500000e+03 -1.234905794262886047e-03
5.117338867187500000e+03 -1.234905794262886047e-03
5.089191406250000000e+03 -1.326313358731567860e-03
5.089191406250000000e+03 -1.326313358731567860e-03
5.061043945312500000e+03 -1.419714302755892277e-03
5.061043945312500000e+03 -1.419714302755892277e-03
5.032896484375000000e+03 -1.514802337624132633e-03
5.032896484375000000e+03 -1.514802337624132633e-03
5.004749023437500000e+03 -1.611239626072347164e-03
5.004749023437500000e+03 -1.611239626072347164e-03
4.976601562500000000e+03 -1.708646072074770927e-03
4.976601562500000000e+03 -1.708646072074770927e-03
4.948454589843750000e+03 -1.806586282327771187e-03
4.948454589843750000e+03 -1.806586282327771187e-03
4.920307128906250000e+03 -1.904557575471699238e-03
4.920307128906250000e+03 -1.904557575471699238e-03
4.892159667968750000e+03 -2.001979388296604156e-03
4.892159667968750000e+03 -2.001979388296604156e-03
4.864012207031250000e+03 -2.098196418955922127e-03
4.864012207031250000e+03 -2.098196418955922127e-03
4.856975585937500000e+03 -2.122170990332961082e-03
4.849938476562500000e+03 -2.145938342437148094e-03
4.839383300781250000e+03 -2.181185875087976456e-03
4.835864746093750000e+03 -2.192900981754064560e-03
4.835864746093750000e+03 -2.192900981754064560e-03
4.828828125000000000e+03 -2.216122113168239594e-03
4.821791015625000000e+03 -2.239188645035028458e-03
4.811235839843750000e+03 -2.273383084684610367e-03
4.807717285156250000e+03 -2.284735441207885742e-03
4.807717285156250000e+03 -2.284735441207885742e-03
4.779569824218750000e+03 -2.373237861320376396e-03
4.779569824218750000e+03 -2.373237861320376396e-03
4.751422363281250000e+03 -2.459021285176277161e-03
4.751422363281250000e+03 -2.459021285176277161e-03
4.723275390625000000e+03 -2.542169066146016121e-03
4.723275390625000000e+03 -2.542169066146016121e-03
4.695127929687500000e+03 -2.622895874083042145e-03
4.695127929687500000e+03 -2.622895874083042145e-03
4.666980468750000000e+03 -2.701051998883485794e-03
4.666980468750000000e+03 -2.701051998883485794e-03
4.659943359375000000e+03 -2.720151795074343681e-03
4.652906738281250000e+03 -2.739009447395801544e-03
4.642351074218750000e+03 -2.766779623925685883e-03
4.638833007812500000e+03 -2.775914501398801804e-03
4.638833007812500000e+03 -2.775914501398801804e-03
4.610685546875000000e+03 -2.846073824912309647e-03
4.610685546875000000e+03 -2.846073824912309647e-03
4.582538085937500000e+03 -2.909655682742595673e-03
4.582538085937500000e+03 -2.909655682742595673e-03
4.554390136718750000e+03 -2.964641666039824486e-03
4.554390136718750000e+03 -2.964641666039824486e-03
4.526242675781250000e+03 -3.010677406564354897e-03
4.526242675781250000e+03 -3.010677406564354897e-03
4.498095214843750000e+03 -3.052427666261792183e-03
4.498095214843750000e+03 -3.052427666261792183e-03
4.469947753906250000e+03 -3.095801221206784248e-03
4.469947753906250000e+03 -3.095801221206784248e-03
4.441800292968750000e+03 -3.144867252558469772e-03
4.441800292968750000e+03 -3.144867252558469772e-03
4.413652832031250000e+03 -3.200214356184005737e-03
4.413652832031250000e+03 -3.200214356184005737e-03
4.385505371093750000e+03 -3.260886762291193008e-03
4.385505371093750000e+03 -3.260886762291193008e-03
4.357357910156250000e+03 -3.325697965919971466e-03
4.357357910156250000e+03 -3.325697965919971466e-03
4.329210449218750000e+03 -3.393660299479961395e-03
4.329210449218750000e+03 -3.393660299479961395e-03
4.301062988281250000e+03 -3.464033361524343491e-03
4.301062988281250000e+03 -3.464033361524343491e-03
4.272915527343750000e+03 -3.536179661750793457e-03
4.272915527343750000e+03 -3.536179661750793457e-03
4.244768066406250000e+03 -3.609568579122424126e-03
4.244768066406250000e+03 -3.609568579122424126e-03
4.216620605468750000e+03 -3.683632006868720055e-03
4.216620605468750000e+03 -3.683632006868720055e-03
4.209583496093750000e+03 -3.702329471707344055e-03
4.202546875000000000e+03 -3.720994107425212860e-03
4.195509765625000000e+03 -3.739632666110992432e-03
4.188473144531250000e+03 -3.758234204724431038e-03
4.188473144531250000e+03 -3.758234204724431038e-03
4.160325683593750000e+03 -3.831145120784640312e-03
4.160325683593750000e+03 -3.831145120784640312e-03
4.153288574218750000e+03 -3.849353874102234840e-03
4.146251953125000000e+03 -3.867368912324309349e-03
4.139214843750000000e+03 -3.885190002620220184e-03
4.132178222656250000e+03 -3.902767319232225418e-03
4.132178222656250000e+03 -3.902767319232225418e-03
4.125141113281250000e+03 -3.920080605894327164e-03
4.118104492187500000e+03 -3.937061876058578491e-03
4.111067382812500000e+03 -3.953661303967237473e-03
4.109308105468750000e+03 -3.957779612392187119e-03
4.107549316406250000e+03 -3.961868118494749069e-03
4.104910156250000000e+03 -3.967955708503723145e-03
4.104030761718750000e+03 -3.969975281506776810e-03
4.104030761718750000e+03 -3.969975281506776810e-03
4.102271484375000000e+03 -3.973979037255048752e-03
4.100512207031250000e+03 -3.977951593697071075e-03
4.098752929687500000e+03 -3.981872461736202240e-03
4.096114257812500000e+03 -3.987722098827362061e-03
4.092156005859375000e+03 -3.996261395514011383e-03
4.090671630859375000e+03 -3.999442793428897858e-03
4.088445068359375000e+03 -4.004145041108131409e-03
4.085105224609375000e+03 -4.011033568531274796e-03
4.083852783203125000e+03 -4.013598896563053131e-03
4.081974365234375000e+03 -4.017395433038473129e-03
4.081269775390625000e+03 -4.018789622932672501e-03
4.080741455078125000e+03 -4.019866697490215302e-03
4.080345214843750000e+03 -4.020669963210821152e-03
4.079750732421875000e+03 -4.021872300654649734e-03
4.079156250000000000e+03 -4.023205954581499100e-03
4.078562011718750000e+03 -4.025363828986883163e-03
4.077967529296875000e+03 -4.031450487673282623e-03
4.077373291015625000e+03 -4.045836161822080612e-03
4.076778808593750000e+03 -4.062452353537082672e-03
4.076704589843750000e+03 -4.065611399710178375e-03
4.076574462890625000e+03 -4.069706425070762634e-03
4.076412597656250000e+03 -4.072761163115501404e-03
4.076290771484375000e+03 -4.074004013091325760e-03
4.076141601562500000e+03 -4.074469208717346191e-03
4.076006591796875000e+03 -4.073994699865579605e-03
4.075883300781250000e+03 -4.073018673807382584e-03
4.075883300781250000e+03 -4.073018673807382584e-03
