5.652148925781250000e+03 0.000000000000000000e+00
5.652145019531250000e+03 -5.342392839224885392e-08
5.652118164062500000e+03 -4.210234010315616615e-07
5.652053222656250000e+03 -1.303376166106318124e-06
5.651917968750000000e+03 -3.124773229501442984e-06
5.651715332031250000e+03 -5.846309250046033412e-06
5.651421386718750000e+03 -9.790823241928592324e-06
5.650981445312500000e+03 -1.568897641845978796e-05
5.650446289062500000e+03 -2.285191294504329562e-05
5.649709960937500000e+03 -3.270826709922403097e-05
5.648870117187500000e+03 -4.394530333229340613e-05
5.647770019531250000e+03 -5.865425191586837173e-05
5.646565429687500000e+03 -7.476126484107226133e-05
5.645040039062500000e+03 -9.515322017250582576e-05
5.643415039062500000e+03 -1.168677481473423541e-04
5.641406250000000000e+03 -1.437106839148327708e-04
5.639310546875000000e+03 -1.717132836347445846e-04
5.636971679687500000e+03 -2.029595198109745979e-04
5.634152343750000000e+03 -2.406297280685976148e-04
5.631274902343750000e+03 -2.790694124996662140e-04
5.627849121093750000e+03 -3.248346038162708282e-04
5.624392089843750000e+03 -3.710120799951255322e-04
5.620318359375000000e+03 -4.254327795933932066e-04
5.616245605468750000e+03 -4.798386944457888603e-04
5.611485839843750000e+03 -5.434172926470637321e-04
5.606764160156250000e+03 -6.064882618375122547e-04
5.601720703125000000e+03 -6.738572847098112106e-04
5.595886230468750000e+03 -7.517847116105258465e-04
5.590151855468750000e+03 -8.283609640784561634e-04
5.583556152343750000e+03 -9.164272341877222061e-04
5.577107910156250000e+03 -1.002495409920811653e-03
5.569727050781250000e+03 -1.100962865166366100e-03
5.562544433593750000e+03 -1.196710160002112389e-03
5.554358886718750000e+03 -1.305694226175546646e-03
5.546425292968750000e+03 -1.411086763255298138e-03
5.537418457031250000e+03 -1.530195120722055435e-03
5.528721191406250000e+03 -1.643620664253830910e-03
5.519652832031250000e+03 -1.750201219692826271e-03
5.509408203125000000e+03 -1.678811502642929554e-03
5.499561523437500000e+03 -1.626233803108334541e-03
5.488470703125000000e+03 -1.606195350177586079e-03
5.477840332031250000e+03 -1.592659507878124714e-03
5.465898925781250000e+03 -1.590185216628015041e-03
5.454482910156250000e+03 -1.563141588121652603e-03
5.441689941406250000e+03 -1.594341825693845749e-03
5.429488769531250000e+03 -1.623218413442373276e-03
5.416911132812500000e+03 -1.654336927458643913e-03
5.402862304687500000e+03 -1.688299700617790222e-03
5.389504394531250000e+03 -1.714444253593683243e-03
5.374614257812500000e+03 -1.731203286908566952e-03
5.360483886718750000e+03 -1.731797703541815281e-03
5.344761230468750000e+03 -1.733638811856508255e-03
5.329867675781250000e+03 -1.754442928358912468e-03
5.313324218750000000e+03 -1.782247563824057579e-03
5.297680175781250000e+03 -1.808878034353256226e-03
5.280330566406250000e+03 -1.840639510191977024e-03
5.263949707031250000e+03 -1.872265245765447617e-03
5.247221191406250000e+03 -1.900250092148780823e-03
5.228710449218750000e+03 -1.890334067866206169e-03
5.211270507812500000e+03 -1.873140456154942513e-03
5.192000488281250000e+03 -1.878964714705944061e-03
5.173869140625000000e+03 -1.868190825916826725e-03
5.153861816406250000e+03 -1.862332108430564404e-03
5.135061523437500000e+03 -1.886806567199528217e-03
5.114341796875000000e+03 -1.918640802614390850e-03
5.094895996093750000e+03 -1.947930431924760342e-03
5.075148925781250000e+03 -1.978459302335977554e-03
5.053424316406250000e+03 -2.013060264289379120e-03
5.033070312500000000e+03 -2.046163659542798996e-03
5.010702636718750000e+03 -2.083535073325037956e-03
4.989770019531250000e+03 -2.119020791724324226e-03
4.966791015625000000e+03 -2.158526564016938210e-03
4.945308593750000000e+03 -2.196256304159760475e-03
4.921750488281250000e+03 -2.238311339169740677e-03
4.899749511718750000e+03 -2.278072759509086609e-03
4.875647949218750000e+03 -2.322384854778647423e-03
4.853160644531250000e+03 -2.364478306844830513e-03
4.830452148437500000e+03 -2.407580148428678513e-03
4.805610839843750000e+03 -2.455467591062188148e-03
4.782466796875000000e+03 -2.500894013792276382e-03
4.757172363281250000e+03 -2.551400335505604744e-03
4.733627441406250000e+03 -2.599185565486550331e-03
4.707918457031250000e+03 -2.652290510013699532e-03
4.684009765625000000e+03 -2.702592173591256142e-03
4.657926757812500000e+03 -2.758450573310256004e-03
4.633690917968750000e+03 -2.811276121065020561e-03
4.609312011718750000e+03 -2.865358721464872360e-03
4.582750000000000000e+03 -2.925381064414978027e-03
4.558100585937500000e+03 -2.982095349580049515e-03
4.531266601562500000e+03 -3.044959157705307007e-03
4.506386230468750000e+03 -3.104314208030700684e-03
4.479323730468750000e+03 -3.170053474605083466e-03
4.454251953125000000e+03 -3.232047427445650101e-03
4.428577636718750000e+03 -3.296623006463050842e-03
4.401780273437500000e+03 -3.365210257470607758e-03
4.375971679687500000e+03 -3.432415891438722610e-03
4.349055664062500000e+03 -3.503701416775584221e-03
4.323435058593750000e+03 -3.572685178369283676e-03
4.296643066406250000e+03 -3.645995864644646645e-03
4.269829589843750000e+03 -3.720554988831281662e-03
4.243461425781250000e+03 -3.795018885284662247e-03
4.217738281250000000e+03 -3.868723753839731216e-03
4.191562500000000000e+03 -3.944750409573316574e-03
4.165085937500000000e+03 -4.022669978439807892e-03
4.138399902343750000e+03 -4.102095961570739746e-03
4.111809082031250000e+03 -4.181936848908662796e-03
4.086485351562500000e+03 -4.258274566382169724e-03
4.060278320312500000e+03 -4.336948972195386887e-03
4.033907958984375000e+03 -4.414285067468881607e-03
4.008361083984375000e+03 -4.484361037611961365e-03
3.982214111328125000e+03 -4.543591756373643875e-03
3.956360351562500000e+03 -4.573046695441007614e-03
3.930959228515625000e+03 -4.547036718577146530e-03
3.905466796875000000e+03 -4.465040750801563263e-03
3.880083251953125000e+03 -4.393042065203189850e-03
3.854616455078125000e+03 -4.385078791528940201e-03
3.829376220703125000e+03 -4.418068099766969681e-03
3.804598876953125000e+03 -4.447942599654197693e-03
3.779437011718750000e+03 -4.446369130164384842e-03
3.755011962890625000e+03 -4.418098367750644684e-03
3.730866943359375000e+03 -4.394489806145429611e-03
3.706538330078125000e+03 -4.391782917082309723e-03
3.682621093750000000e+03 -4.412448499351739883e-03
3.658269531250000000e+03 -4.443181678652763367e-03
3.634987060546875000e+03 -4.464873578399419785e-03
3.611299560546875000e+03 -4.471982363611459732e-03
3.588732666015625000e+03 -4.468103870749473572e-03
3.565623779296875000e+03 -4.466345068067312241e-03
3.542958984375000000e+03 -4.475229885429143906e-03
3.521073730468750000e+03 -4.488318692892789841e-03
3.499107910156250000e+03 -4.493970889598131180e-03
3.477573974609375000e+03 -4.427922423928976059e-03
3.461057373046875000e+03 -3.868847852572798729e-03
