4.214684851089403467e-08
2.107342425544701733e-08
8.161702118890975363e-08
3.053829302179705748e-07
7.378708364451067520e-07
1.417569636586460583e-06
2.405233904783390305e-06
3.887175756917534425e-06
5.687951047265086148e-06
8.197209901202330201e-06
1.105023336043341023e-05
1.481131947831228887e-05
1.893558279472867245e-05
2.412993578022237302e-05
2.956889047128463587e-05
3.715103646462209727e-05
5.707652833325846359e-05
1.636462132155453559e-04
2.241406468969665280e-04
2.619046288680754305e-04
3.290523872650274258e-04
4.023217212312076496e-04
4.718728522762339326e-04
5.525854902524176236e-04
6.531801248766471672e-04
7.510624940839038220e-04
8.643888836269421295e-04
1.002061010340875562e-03
1.141316453097723695e-03
1.310985158108460107e-03
1.483749232396885508e-03
1.689118197376249329e-03
1.898196263148973096e-03
2.145652629043405535e-03
2.394815360601824667e-03
2.689281629548971510e-03
2.984766115038205766e-03
3.305318357913613041e-03
3.684687676933240657e-03
4.070663528327657203e-03
4.545822974407287206e-03
5.090377648422120781e-03
5.820774865303040939e-03
6.113540617336161997e-03
5.939043860255404858e-03
4.925801179119091572e-03
5.673234917749109436e-03
6.401087098753780943e-03
6.799274393750279026e-03
7.535025653299100463e-03
8.250623708459681876e-03
8.938910800685966745e-03
9.731013678481047549e-03
1.061367345112969145e-02
1.143279784028413196e-02
1.243902746633631512e-02
1.339876378019906784e-02
1.439990260245723776e-02
1.557935514632256130e-02
1.671527122170226101e-02
1.801406746804423697e-02
1.929398325799360978e-02
2.074826223681710061e-02
2.216703910238208147e-02
2.379551908959032583e-02
2.537720253695888509e-02
2.704488670859327148e-02
2.895522339577368334e-02
3.081601063884331290e-02
3.295119438185922789e-02
3.504667057062302998e-02
3.748280967717389223e-02
3.996304618045132956e-02
4.307037398015751278e-02
4.618538785288255760e-02
4.944828808994867347e-02
5.239760551664857102e-02
5.547263038883470249e-02
5.894181444624593119e-02
6.221469442497990637e-02
6.587601645942095518e-02
6.934243209472519542e-02
7.318018820869306995e-02
7.681442018715153863e-02
8.084960434352846115e-02
8.465192872573271132e-02
8.853412647887826115e-02
9.284023524222645429e-02
9.691406719681401605e-02
1.014766081171838280e-01
1.059890180547291977e-01
1.126463101576550691e-01
1.273276195913545239e-01
1.327458779574885173e-01
1.356817427353917693e-01
1.375082213703640310e-01
1.444122350207641126e-01
1.505849515899660707e-01
1.538968074613359938e-01
1.572043224652085736e-01
1.635485728128159566e-01
1.696517713105846481e-01
1.742861641684795293e-01
1.783951478719693340e-01
1.844362293984214973e-01
1.905823257422607497e-01
1.958508057173370676e-01
2.010425075970567743e-01
2.065383326001660469e-01
2.132217808694291394e-01
2.191368689224898747e-01
2.250489889999602033e-01
2.307039496360976105e-01
2.374075006542665789e-01
2.437137411422325151e-01
2.502590322423294267e-01
2.562220325148525379e-01
2.624146911229748302e-01
2.686614987922815723e-01
2.753319563836354456e-01
2.814942066406815324e-01
2.880483183443587891e-01
2.947989902127125528e-01
3.018368740159691477e-01
3.080492879817460228e-01
3.137462659057919656e-01
3.209215597958997579e-01
3.276566717273939888e-01
3.349366624063339071e-01
3.415694666274063929e-01
3.480244150201919906e-01
3.548327476140716863e-01
3.619430755102743258e-01
3.684646189046366094e-01
3.749652272364584205e-01
3.817735095997376593e-01
3.884440771140945659e-01
3.952200480372451419e-01
4.015788456389239314e-01
4.082909475375898212e-01
4.147037301301595424e-01
4.212380924510764624e-01
4.276796576485200063e-01
4.341087828615691757e-01
4.404448671152812467e-01
4.465792847851043912e-01
4.526854698632144514e-01
4.586740696592199185e-01
4.645966424880450529e-01
4.704047500169503682e-01
4.761255332593496425e-01
4.817555750479655119e-01
4.874746156185922885e-01
4.931468320336780953e-01
4.979880938466398899e-01
5.031656307252245774e-01
5.084184871160362107e-01
5.129778299184244439e-01
5.173649868595571188e-01
5.218675486860606672e-01
5.258501426828536829e-01
5.301222964841387775e-01
5.345204221812984713e-01
5.385167440042150089e-01
5.416595026820331116e-01
5.449656872682836495e-01
5.487306760108275894e-01
5.520335228091349800e-01
5.554694587457302823e-01
5.586160523702298208e-01
5.611287152886238472e-01
5.639855428594865439e-01
5.669838099235186002e-01
5.695150721419085516e-01
5.717495720253125135e-01
5.741195906682251549e-01
5.759551997060365913e-01
5.775449233437617291e-01
5.796411042198130747e-01
5.818006134470994350e-01
