5.652101074218750000e+03 0.000000000000000000e+00
5.652097656250000000e+03 -5.442193540261541784e-08
5.652070312500000000e+03 -4.288875743441167288e-07
5.652005371093750000e+03 -1.327725385635858402e-06
5.651870117187500000e+03 -3.183155740771326236e-06
5.651667480468750000e+03 -5.955545930191874504e-06
5.651373535156250000e+03 -9.973762644222006202e-06
5.650933593750000000e+03 -1.598211019882000983e-05
5.650398437500000000e+03 -2.327884976693894714e-05
5.649662109375000000e+03 -3.331926927785389125e-05
5.648822265625000000e+03 -4.476607500691898167e-05
5.647722656250000000e+03 -5.974949090159498155e-05
5.646517578125000000e+03 -7.615688082296401262e-05
5.644992187500000000e+03 -9.692884486867114902e-05
5.643367675781250000e+03 -1.190476687042973936e-04
5.641358886718750000e+03 -1.463898224756121635e-04
5.639263183593750000e+03 -1.749125076457858086e-04
5.636924316406250000e+03 -2.067381283268332481e-04
5.634104492187500000e+03 -2.451053878758102655e-04
5.631227050781250000e+03 -2.842544927261769772e-04
5.627801269531250000e+03 -3.308615414425730705e-04
5.624344726562500000e+03 -3.778849786613136530e-04
5.620270996093750000e+03 -4.332973330747336149e-04
5.616198242187500000e+03 -4.886878305114805698e-04
5.611438476562500000e+03 -5.534064839594066143e-04
5.606716796875000000e+03 -6.175945163704454899e-04
5.601673339843750000e+03 -6.861374131403863430e-04
5.595838867187500000e+03 -7.653902866877615452e-04
5.590104980468750000e+03 -8.432234171777963638e-04
5.583508789062500000e+03 -9.326564613729715347e-04
5.577060546875000000e+03 -1.019941060803830624e-03
5.569679687500000000e+03 -1.119572902098298073e-03
5.562497558593750000e+03 -1.216062810271978378e-03
5.554312011718750000e+03 -1.325013465248048306e-03
5.546378417968750000e+03 -1.428497605957090855e-03
5.537372070312500000e+03 -1.539678894914686680e-03
5.528674316406250000e+03 -1.627515186555683613e-03
5.519605957031250000e+03 -1.651096506975591183e-03
5.509361328125000000e+03 -1.580977346748113632e-03
5.499514648437500000e+03 -1.568445703014731407e-03
5.488424316406250000e+03 -1.571345608681440353e-03
5.477794433593750000e+03 -1.586448750458657742e-03
5.465853027343750000e+03 -1.611045678146183491e-03
5.454437500000000000e+03 -1.639052061364054680e-03
5.441644531250000000e+03 -1.672068727202713490e-03
5.429442871093750000e+03 -1.703293528407812119e-03
5.416865722656250000e+03 -1.732356729917228222e-03
5.402816894531250000e+03 -1.757975667715072632e-03
5.389459472656250000e+03 -1.773695577867329121e-03
5.374568847656250000e+03 -1.782493200153112411e-03
5.360438476562500000e+03 -1.787169720046222210e-03
5.344715820312500000e+03 -1.793169183656573296e-03
5.329822753906250000e+03 -1.801549224182963371e-03
5.313279785156250000e+03 -1.814165385439991951e-03
5.297635253906250000e+03 -1.828532316721975803e-03
5.280286132812500000e+03 -1.846075174398720264e-03
5.263905273437500000e+03 -1.862759119831025600e-03
5.247176757812500000e+03 -1.876849797554314137e-03
5.228666503906250000e+03 -1.882030046544969082e-03
5.211226562500000000e+03 -1.865854836069047451e-03
5.191956542968750000e+03 -1.855126582086086273e-03
5.173825683593750000e+03 -1.883564866147935390e-03
5.153818359375000000e+03 -1.915343338623642921e-03
5.135018554687500000e+03 -1.944550080224871635e-03
5.114298828125000000e+03 -1.977856503799557686e-03
5.094853027343750000e+03 -2.010511234402656555e-03
5.075106445312500000e+03 -2.044249325990676880e-03
5.053381835937500000e+03 -2.081915503367781639e-03
5.033028320312500000e+03 -2.118042670190334320e-03
5.010660644531250000e+03 -2.158403396606445312e-03
4.989728027343750000e+03 -2.196650020778179169e-03
4.966749023437500000e+03 -2.239288995042443275e-03
4.945267089843750000e+03 -2.279723528772592545e-03
4.921709472656250000e+03 -2.324601635336875916e-03
4.899708496093750000e+03 -2.367062028497457504e-03
4.875606933593750000e+03 -2.414210001006722450e-03
4.853120117187500000e+03 -2.458770759403705597e-03
4.830412109375000000e+03 -2.504350384697318077e-03
4.805570800781250000e+03 -2.554922364652156830e-03
4.782426757812500000e+03 -2.602727385237812996e-03
4.757132324218750000e+03 -2.655757358297705650e-03
4.733587890625000000e+03 -2.705893013626337051e-03
4.707879394531250000e+03 -2.761528827250003815e-03
4.683970703125000000e+03 -2.814133651554584503e-03
4.657887695312500000e+03 -2.872508484870195389e-03
4.633652343750000000e+03 -2.927702153101563454e-03
4.609273437500000000e+03 -2.984175691381096840e-03
4.582711425781250000e+03 -3.046825528144836426e-03
4.558062500000000000e+03 -3.106030635535717010e-03
4.531229003906250000e+03 -3.171674441546201706e-03
4.506348632812500000e+03 -3.233668394386768341e-03
4.479286132812500000e+03 -3.302350407466292381e-03
4.454214843750000000e+03 -3.367155557498335838e-03
4.426966308593750000e+03 -3.438881365582346916e-03
4.401743652343750000e+03 -3.506489796563982964e-03
4.374880371093750000e+03 -3.579781856387853622e-03
4.349019531250000000e+03 -3.651602193713188171e-03
4.323382324218750000e+03 -3.724023234099149704e-03
4.296590332031250000e+03 -3.801012411713600159e-03
4.269181152343750000e+03 -3.881155047565698624e-03
4.243417480468750000e+03 -3.957760985940694809e-03
4.217653808593750000e+03 -4.035595338791608810e-03
4.191569824218750000e+03 -4.115652292966842651e-03
4.164789550781250000e+03 -4.199149552732706070e-03
4.138906250000000000e+03 -4.281105007976293564e-03
4.112733886718750000e+03 -4.365219734609127045e-03
4.085577148437500000e+03 -4.453818313777446747e-03
4.060226562500000000e+03 -4.537726752460002899e-03
4.032734130859375000e+03 -4.630029201507568359e-03
4.008518798828125000e+03 -4.712447989732027054e-03
3.982509277343750000e+03 -4.802127834409475327e-03
3.956682128906250000e+03 -4.892350174486637115e-03
3.930670410156250000e+03 -4.984380677342414856e-03
3.904718505859375000e+03 -5.077360197901725769e-03
3.879963867187500000e+03 -5.167094990611076355e-03
3.853747314453125000e+03 -5.263211671262979507e-03
3.827721191406250000e+03 -5.359660834074020386e-03
3.803556396484375000e+03 -5.449989344924688339e-03
3.778481689453125000e+03 -5.544113460928201675e-03
3.754420166015625000e+03 -5.633598193526268005e-03
3.730883300781250000e+03 -5.715919658541679382e-03
3.705906494140625000e+03 -5.775356665253639221e-03
3.682337158203125000e+03 -5.707426927983760834e-03
3.658747802734375000e+03 -5.307397339493036270e-03
3.635023437500000000e+03 -4.970838315784931183e-03
3.611781250000000000e+03 -5.133332218974828720e-03
3.588641845703125000e+03 -5.304205697029829025e-03
3.565230712890625000e+03 -5.213400814682245255e-03
3.543486816406250000e+03 -5.019016098231077194e-03
3.521169433593750000e+03 -5.015885457396507263e-03
3.499007324218750000e+03 -5.083612166345119476e-03
3.477441650390625000e+03 -5.007748026400804520e-03
3.455902587890625000e+03 -4.922917578369379044e-03
3.434757568359375000e+03 -4.971216432750225067e-03
3.413695068359375000e+03 -4.990115296095609665e-03
3.393349365234375000e+03 -4.936971236020326614e-03
3.373326416015625000e+03 -4.939304199069738388e-03
3.353447753906250000e+03 -4.977412056177854538e-03
3.334132080078125000e+03 -4.961548373103141785e-03
3.315025634765625000e+03 -4.918549675494432449e-03
3.296316406250000000e+03 -4.876018501818180084e-03
3.277951660156250000e+03 -4.452900029718875885e-03
3.268677246093750000e+03 -4.188963677734136581e-03
