5.652102050781250000e+03 0.000000000000000000e+00
5.652098144531250000e+03 -5.281017578795399459e-08
5.652071289062500000e+03 -4.161325648510683095e-07
5.652006347656250000e+03 -1.288198404836293776e-06
5.651871093750000000e+03 -3.088334324274910614e-06
5.651668457031250000e+03 -5.778056220151484013e-06
5.651374511718750000e+03 -9.676373338152188808e-06
5.650934082031250000e+03 -1.550526576465927064e-05
5.650399414062500000e+03 -2.258379390696063638e-05
5.649663085937500000e+03 -3.232346352888271213e-05
5.648823242187500000e+03 -4.342670217738486826e-05
5.647723144531250000e+03 -5.795925608254037797e-05
5.646518554687500000e+03 -7.387140794890001416e-05
5.644993164062500000e+03 -9.401404531672596931e-05
5.643368164062500000e+03 -1.154597048298455775e-04
5.641359375000000000e+03 -1.419652253389358521e-04
5.639263671875000000e+03 -1.696095423540100455e-04
5.636924804687500000e+03 -2.004478592425584793e-04
5.634105468750000000e+03 -2.376140037085860968e-04
5.631228027343750000e+03 -2.755242167040705681e-04
5.627802246093750000e+03 -3.206369874533265829e-04
5.624345214843750000e+03 -3.661290102172642946e-04
5.620271484375000000e+03 -4.197018279228359461e-04
5.616198730468750000e+03 -4.732099769171327353e-04
5.611439453125000000e+03 -5.356639740057289600e-04
5.606717773437500000e+03 -5.975218955427408218e-04
5.601673828125000000e+03 -6.634618621319532394e-04
5.595839355468750000e+03 -7.395145948976278305e-04
5.590105468750000000e+03 -8.139379788190126419e-04
5.583509765625000000e+03 -8.989860652945935726e-04
5.577061523437500000e+03 -9.812610223889350891e-04
5.569680664062500000e+03 -1.073692226782441139e-03
5.562498046875000000e+03 -1.160386018455028534e-03
5.554312500000000000e+03 -1.250639092177152634e-03
5.546378906250000000e+03 -1.314721652306616306e-03
5.537372070312500000e+03 -1.299588591791689396e-03
5.528673828125000000e+03 -1.242869417183101177e-03
5.519605468750000000e+03 -1.240138080902397633e-03
5.509361328125000000e+03 -1.250667730346322060e-03
5.499514648437500000e+03 -1.269306638278067112e-03
5.488424316406250000e+03 -1.297347713261842728e-03
5.477794433593750000e+03 -1.328193931840360165e-03
5.465853027343750000e+03 -1.366145326755940914e-03
5.454437500000000000e+03 -1.405055867508053780e-03
5.441644531250000000e+03 -1.450404990464448929e-03
5.429443359375000000e+03 -1.494770869612693787e-03
5.416865722656250000e+03 -1.540870172902941704e-03
5.402816894531250000e+03 -1.591575914062559605e-03
5.389459472656250000e+03 -1.637744135223329067e-03
5.374569335937500000e+03 -1.684541930444538593e-03
5.360439453125000000e+03 -1.721363747492432594e-03
5.344716796875000000e+03 -1.749728922732174397e-03
5.329823242187500000e+03 -1.762675470672547817e-03
5.313280273437500000e+03 -1.765537657774984837e-03
5.297635742187500000e+03 -1.772321877069771290e-03
5.280286621093750000e+03 -1.800033845938742161e-03
5.263905761718750000e+03 -1.835339004173874855e-03
5.247177246093750000e+03 -1.866182195954024792e-03
5.228666992187500000e+03 -1.864452264271676540e-03
5.211227050781250000e+03 -1.808661152608692646e-03
5.191957031250000000e+03 -1.795541378669440746e-03
5.173826171875000000e+03 -1.799999270588159561e-03
5.153818847656250000e+03 -1.827608328312635422e-03
5.135019042968750000e+03 -1.855795737355947495e-03
5.114298828125000000e+03 -1.886329380795359612e-03
5.094853515625000000e+03 -1.916587119922041893e-03
5.075106933593750000e+03 -1.948637072928249836e-03
5.053382324218750000e+03 -1.984780654311180115e-03
5.033028320312500000e+03 -2.019437495619058609e-03
5.010661132812500000e+03 -2.058460609987378120e-03
4.989728515625000000e+03 -2.095684409141540527e-03
4.966749511718750000e+03 -2.137258648872375488e-03
4.945267089843750000e+03 -2.176799345761537552e-03
4.921709960937500000e+03 -2.220865106210112572e-03
4.899708984375000000e+03 -2.262640744447708130e-03
4.875607421875000000e+03 -2.309105359017848969e-03
4.853120605468750000e+03 -2.353122690692543983e-03
4.830412109375000000e+03 -2.398214302957057953e-03
4.805570800781250000e+03 -2.448298269882798195e-03
4.782426757812500000e+03 -2.495693275704979897e-03
4.757132812500000000e+03 -2.548318821936845779e-03
4.733588378906250000e+03 -2.598094288259744644e-03
4.707879394531250000e+03 -2.653349889442324638e-03
4.683971191406250000e+03 -2.705607563257217407e-03
4.657888183593750000e+03 -2.763596829026937485e-03
4.633652343750000000e+03 -2.818416105583310127e-03
4.609273925781250000e+03 -2.874498255550861359e-03
4.582711914062500000e+03 -2.936692908406257629e-03
4.558062988281250000e+03 -2.995440736413002014e-03
4.531229003906250000e+03 -3.060549730435013771e-03
4.506349121093750000e+03 -3.122011665254831314e-03
4.479286621093750000e+03 -3.190068528056144714e-03
4.454214843750000000e+03 -3.254253417253494263e-03
4.427491699218750000e+03 -3.323880955576896667e-03
4.402204101562500000e+03 -3.390927333384752274e-03
4.374617187500000000e+03 -3.465368645265698433e-03
4.349877929687500000e+03 -3.533283015713095665e-03
4.323052246093750000e+03 -3.608168102800846100e-03
4.297120117187500000e+03 -3.681789617985486984e-03
4.269456542968750000e+03 -3.761665895581245422e-03
4.244462890625000000e+03 -3.835023846477270126e-03
4.216597656250000000e+03 -3.918138332664966583e-03
4.191771972656250000e+03 -3.993372898548841476e-03
4.164790527343750000e+03 -4.076396580785512924e-03
4.138967773437500000e+03 -4.157087299972772598e-03
4.111330078125000000e+03 -4.244773183017969131e-03
4.086447021484375000e+03 -4.324884153902530670e-03
4.059981201171875000e+03 -4.411308094859123230e-03
4.034353027343750000e+03 -4.496166948229074478e-03
4.008241699218750000e+03 -4.583814647048711777e-03
3.982547607421875000e+03 -4.671209957450628281e-03
3.955092285156250000e+03 -4.765837453305721283e-03
3.930760742187500000e+03 -4.850742407143115997e-03
3.905136230468750000e+03 -4.941181745380163193e-03
3.879942382812500000e+03 -5.031039472669363022e-03
3.854552978515625000e+03 -5.122385453432798386e-03
3.829291015625000000e+03 -5.213714670389890671e-03
3.804650878906250000e+03 -5.302350968122482300e-03
3.778669189453125000e+03 -5.392515566200017929e-03
3.754292968750000000e+03 -5.464360117912292480e-03
3.730674560546875000e+03 -5.487428046762943268e-03
3.706545410156250000e+03 -5.342070944607257843e-03
3.682167236328125000e+03 -4.912406671792268753e-03
3.658326171875000000e+03 -4.662851337343454361e-03
3.635085449218750000e+03 -4.803377669304609299e-03
3.611960693359375000e+03 -4.858436062932014465e-03
3.588657470703125000e+03 -4.716030787676572800e-03
3.566123291015625000e+03 -4.670083522796630859e-03
3.543566162109375000e+03 -4.751402419060468674e-03
3.521081542968750000e+03 -4.719899501651525497e-03
3.499276367187500000e+03 -4.635645542293787003e-03
3.477262695312500000e+03 -4.661644343286752701e-03
3.456128417968750000e+03 -4.692905582487583160e-03
3.434259765625000000e+03 -4.653437528759241104e-03
3.414207275390625000e+03 -4.633349832147359848e-03
3.393536621093750000e+03 -4.650874063372612000e-03
3.372619140625000000e+03 -4.651278257369995117e-03
3.353812744140625000e+03 -4.639571066945791245e-03
3.334286621093750000e+03 -4.637185484170913696e-03
3.315126953125000000e+03 -4.639897495508193970e-03
3.296347412109375000e+03 -4.640103317797183990e-03
3.277720703125000000e+03 -4.639439284801483154e-03
3.259780273437500000e+03 -4.640080966055393219e-03
3.241923095703125000e+03 -4.642581567168235779e-03
3.224399414062500000e+03 -4.646853078156709671e-03
3.207724365234375000e+03 -4.644908942282199860e-03
3.191227783203125000e+03 -4.089873749762773514e-03
3.186871826171875000e+03 -3.844985039904713631e-03
