5.652148925781250000e+03 0.000000000000000000e+00
5.652145019531250000e+03 -4.998278768653108273e-08
5.652118164062500000e+03 -3.937992687497171573e-07
5.652053222656250000e+03 -1.219015416609181557e-06
5.651917968750000000e+03 -2.922405428762431256e-06
5.651715332031250000e+03 -5.467512892209924757e-06
5.651421386718750000e+03 -9.156132364296354353e-06
5.650981445312500000e+03 -1.467127003706991673e-05
5.650446289062500000e+03 -2.136845432687550783e-05
5.649709960937500000e+03 -3.058283982682041824e-05
5.648870117187500000e+03 -4.108644134248606861e-05
5.647770019531250000e+03 -5.483283894136548042e-05
5.646565429687500000e+03 -6.988246605033054948e-05
5.645040039062500000e+03 -8.893063204595819116e-05
5.643415039062500000e+03 -1.092077145585790277e-04
5.641406250000000000e+03 -1.342641335213556886e-04
5.639310546875000000e+03 -1.603912678547203541e-04
5.636971679687500000e+03 -1.895299210445955396e-04
5.634152343750000000e+03 -2.246372459921985865e-04
5.631274902343750000e+03 -2.604353066999465227e-04
5.627848632812500000e+03 -3.030181105714291334e-04
5.624392089843750000e+03 -3.459400613792240620e-04
5.620318359375000000e+03 -3.964613133575767279e-04
5.616245117187500000e+03 -4.468937695492058992e-04
5.611485839843750000e+03 -5.057223024778068066e-04
5.606764160156250000e+03 -5.639520823024213314e-04
5.601720703125000000e+03 -6.259863148443400860e-04
5.595885742187500000e+03 -6.974944262765347958e-04
5.590151855468750000e+03 -7.674490916542708874e-04
5.583555664062500000e+03 -8.474143105559051037e-04
5.577107421875000000e+03 -9.248826536349952221e-04
5.569726562500000000e+03 -1.012044842354953289e-03
5.562543945312500000e+03 -1.090131350792944431e-03
5.554357910156250000e+03 -9.945844067260622978e-04
5.546423828125000000e+03 -9.183731744997203350e-04
5.537416992187500000e+03 -8.997715776786208153e-04
5.528718750000000000e+03 -9.110326063819229603e-04
5.519650390625000000e+03 -9.300555684603750706e-04
5.509406250000000000e+03 -9.584306972101330757e-04
5.499559570312500000e+03 -9.881184669211506844e-04
5.488468750000000000e+03 -1.024420023895800114e-03
5.477838867187500000e+03 -1.062083174474537373e-03
5.465897949218750000e+03 -1.106145442463457584e-03
5.454481933593750000e+03 -1.150348456576466560e-03
5.441688964843750000e+03 -1.201769337058067322e-03
5.429487792968750000e+03 -1.252032699994742870e-03
5.416910156250000000e+03 -1.305097248405218124e-03
5.402861328125000000e+03 -1.365196309052407742e-03
5.389503906250000000e+03 -1.422598608769476414e-03
5.374613281250000000e+03 -1.486277556978166103e-03
5.360483398437500000e+03 -1.545256702229380608e-03
5.344760742187500000e+03 -1.607367768883705139e-03
5.329867187500000000e+03 -1.659585628658533096e-03
5.313324218750000000e+03 -1.702907611615955830e-03
5.297679687500000000e+03 -1.717937295325100422e-03
5.280330078125000000e+03 -1.667037373408675194e-03
5.263949218750000000e+03 -1.655017375014722347e-03
5.247220703125000000e+03 -1.696297316811978817e-03
5.228709960937500000e+03 -1.733560580760240555e-03
5.211270507812500000e+03 -1.769848982803523540e-03
5.192000000000000000e+03 -1.811263617128133774e-03
5.173869140625000000e+03 -1.853367313742637634e-03
5.153861816406250000e+03 -1.896772067993879318e-03
5.135061523437500000e+03 -1.932018669322133064e-03
5.114341796875000000e+03 -1.941785681992769241e-03
5.094895507812500000e+03 -1.929433201439678669e-03
5.075148925781250000e+03 -1.955847255885601044e-03
5.053424316406250000e+03 -1.962854759767651558e-03
5.033070312500000000e+03 -1.948473742231726646e-03
5.010702636718750000e+03 -1.950802048668265343e-03
4.989769531250000000e+03 -1.985614420846104622e-03
4.966790527343750000e+03 -2.023843582719564438e-03
4.945308105468750000e+03 -2.059566555544734001e-03
4.921750488281250000e+03 -2.100955927744507790e-03
4.899749511718750000e+03 -2.139988122507929802e-03
4.875647460937500000e+03 -2.183955861255526543e-03
4.853160156250000000e+03 -2.226057695224881172e-03
4.830452148437500000e+03 -2.269146498292684555e-03
4.805610351562500000e+03 -2.316955244168639183e-03
4.782466308593750000e+03 -2.362454542890191078e-03
4.757171875000000000e+03 -2.413175767287611961e-03
4.733626953125000000e+03 -2.461102325469255447e-03
4.707918457031250000e+03 -2.514273393899202347e-03
4.684009277343750000e+03 -2.564685652032494545e-03
4.657926269531250000e+03 -2.620718907564878464e-03
4.633690429687500000e+03 -2.673621755093336105e-03
4.609311523437500000e+03 -2.727678511291742325e-03
4.582749511718750000e+03 -2.787664998322725296e-03
4.558100097656250000e+03 -2.844340866431593895e-03
4.531266601562500000e+03 -2.907011425122618675e-03
4.506386230468750000e+03 -2.965997671708464622e-03
4.479323242187500000e+03 -3.031128784641623497e-03
4.454251464843750000e+03 -3.092210041359066963e-03
4.427002929687500000e+03 -3.158887382596731186e-03
4.401779785156250000e+03 -3.219830570742487907e-03
4.374389160156250000e+03 -3.281612647697329521e-03
4.349055175781250000e+03 -3.322613891214132309e-03
4.323682128906250000e+03 -3.310604486614465714e-03
4.296162109375000000e+03 -3.283766098320484161e-03
4.270606445312500000e+03 -3.263475140556693077e-03
4.244444335937500000e+03 -3.151797456666827202e-03
4.218292968750000000e+03 -3.014512592926621437e-03
4.191148925781250000e+03 -2.955216914415359497e-03
4.165112792968750000e+03 -3.027794649824500084e-03
4.138552734375000000e+03 -3.124589333310723305e-03
4.112902832031250000e+03 -3.156383056193590164e-03
4.085800537109375000e+03 -3.109202953055500984e-03
4.060028564453125000e+03 -3.067451296374201775e-03
4.034339599609375000e+03 -3.112542675808072090e-03
4.007546142578125000e+03 -3.204826498404145241e-03
3.982578857421875000e+03 -3.249896923080086708e-03
3.956411621093750000e+03 -3.230885602533817291e-03
3.930140380859375000e+03 -3.195597790181636810e-03
3.905306640625000000e+03 -3.214968601241707802e-03
3.879501953125000000e+03 -3.281188663095235825e-03
3.854774169921875000e+03 -3.327046055346727371e-03
3.829258300781250000e+03 -3.325495636090636253e-03
3.804472412109375000e+03 -3.300519427284598351e-03
3.779554199218750000e+03 -3.300978336483240128e-03
3.754623779296875000e+03 -3.341353964060544968e-03
3.730488037109375000e+03 -3.382360562682151794e-03
3.706401611328125000e+03 -3.393538296222686768e-03
3.681717529296875000e+03 -3.379648784175515175e-03
3.658851806640625000e+03 -3.371614729985594749e-03
3.634864257812500000e+03 -3.388804150745272636e-03
3.611833496093750000e+03 -3.417844418436288834e-03
3.588280517578125000e+03 -3.433241043239831924e-03
3.565436279296875000e+03 -3.428900381550192833e-03
3.543428222656250000e+03 -3.429076634347438812e-03
3.521315917968750000e+03 -3.206611843779683113e-03
3.505767822265625000e+03 -3.190328599885106087e-03
