1.095007244996657682e-07
1.173318605722757513e-07
9.884312124119404382e-08
6.322027276634105531e-08
5.960464477539063823e-08
1.618680431127582182e-07
3.411031705814496462e-07
6.038188811944459757e-07
9.414892792065083005e-07
1.404192327188338464e-06
1.918376209722326102e-06
2.622096326777986495e-06
3.398444950353278112e-06
4.390965398961975344e-06
5.460863899669690618e-06
6.814442920544667785e-06
8.267553134009577274e-06
9.930749166635596055e-06
1.201458736224759347e-05
1.423914918991195738e-05
1.704186073689029275e-05
2.006834041911788070e-05
2.395286459748792405e-05
2.826115906506432177e-05
3.399560072199894810e-05
4.069226931558982439e-05
4.937597741810859515e-05
6.229352331710409586e-05
7.961275008573132951e-05
1.090185288421273218e-04
1.553142357105700511e-04
2.506929325307260376e-04
4.311756516149135073e-04
7.999937638808528144e-04
1.252838838348531696e-03
1.779234704810489032e-03
2.289427799208693711e-03
2.824793146040400615e-03
3.428701900142144560e-03
4.014709005851763504e-03
4.680886343368111276e-03
5.325009017435175171e-03
6.057716810014483755e-03
6.765437735353432673e-03
7.566565773143840538e-03
8.337509918497574765e-03
9.135922925366905811e-03
1.002745465549518405e-02
1.086605019217697435e-02
1.177181792359670992e-02
1.257160851630780007e-02
1.332688937081577367e-02
1.381698098819061395e-02
1.402438749631654269e-02
1.398840180907564776e-02
1.390888974784347011e-02
1.384183061137416945e-02
1.372026984355587641e-02
1.335593984205441648e-02
1.246907851838033668e-02
1.015807800086254015e-02
7.695355483112466775e-03
7.218315035702845515e-03
7.317836473208967976e-03
6.672313232312201622e-03
6.237005756262730717e-03
6.119587968197854472e-03
5.749414702373765486e-03
5.380848998767337639e-03
5.188714403195945901e-03
4.934868337900597500e-03
4.601767861360911080e-03
4.397307491832916880e-03
4.166785793740265462e-03
3.903154775210336720e-03
3.666365600461567609e-03
3.470408750337001212e-03
3.244074828549544948e-03
3.007199939133023848e-03
2.816493951859866743e-03
2.602617788853364353e-03
2.399164323400292727e-03
2.198394737528600040e-03
2.022907148829018557e-03
1.829252438438743389e-03
1.657723413485619277e-03
1.499912803874789598e-03
1.335392910118111433e-03
1.186659629757639547e-03
1.036260939003492369e-03
9.084102214792079237e-04
7.765179479498453621e-04
6.606247899106364218e-04
5.449817396393076378e-04
4.471430570525697520e-04
3.481024824981709021e-04
2.634330130489690607e-04
1.853788439996208561e-04
1.244044582691894115e-04
9.524018166830298959e-05
1.173812583092504337e-04
1.691270086608339404e-04
2.290332708089684718e-04
2.898877829735843625e-04
3.550116940279609895e-04
4.215355967385482866e-04
4.931429663942231249e-04
5.688226239482152211e-04
6.503615639121238272e-04
7.404803036259265505e-04
8.464742409375413485e-04
9.665122910015437087e-04
1.116616270128725557e-03
1.309836834189814217e-03
1.556493799388927821e-03
1.892513736175577494e-03
2.358470015666134286e-03
3.041753174383461135e-03
4.093650651855846104e-03
5.773009644883734040e-03
8.297152748734132333e-03
1.178640122833102093e-02
1.504942589827374007e-02
1.473863734744425454e-02
1.071586609441187860e-02
2.072484052751867589e-02
6.752195277522060612e-02
1.469431620080149103e-01
1.881348001543124426e-01
2.202833063955412229e-01
