6.322027276634105531e-08
1.281846354461108447e-07
4.214684851089403467e-08
5.161913655903570101e-08
2.546311540996299227e-07
5.462855929083700982e-07
9.757700886574715894e-07
1.629617585479477589e-06
2.413528157201837600e-06
3.515979427500810667e-06
4.764458421556298759e-06
6.415707022107068033e-06
8.230703292877222373e-06
1.052813175046410992e-05
1.296464395079459728e-05
1.585895240204016380e-05
1.852696793087302770e-05
2.889582985314002232e-05
4.753468085679154206e-05
5.320788407288804450e-05
7.353614801466964860e-05
9.485257115476483333e-05
1.239014995113344136e-04
1.607934683188356193e-04
2.067904921053759432e-04
2.587431878629926039e-04
3.204508229890244328e-04
3.975281634053667314e-04
4.809458985573483031e-04
5.849149635369462657e-04
6.945114907767046273e-04
8.301434375082143192e-04
9.716887440538150454e-04
1.144620543152725326e-03
1.323892201802785761e-03
1.540870585422744960e-03
1.763971272907178221e-03
2.010502864116058604e-03
2.305812446668087032e-03
2.606309898048291343e-03
2.963992196962262401e-03
3.325659910240366061e-03
3.753693345724185611e-03
4.184095011789848266e-03
4.690751013377552486e-03
5.197675741096072222e-03
5.744198543051483828e-03
6.383203647321807755e-03
7.018514803693472887e-03
7.758567927500768097e-03
8.491938679824270753e-03
9.343797071379224620e-03
1.018603673954156241e-02
1.116276393419658557e-02
1.212756999212306376e-02
1.324630241204356566e-02
1.435214495905915398e-02
1.553402543582681899e-02
1.690708887534288565e-02
1.826520161832692959e-02
1.983545348226683006e-02
2.137108192589676908e-02
2.314159296662484169e-02
2.498343980714501367e-02
2.748105396877115192e-02
3.038915251546501703e-02
3.348393439343839983e-02
3.643828809614372416e-02
3.892519046462304677e-02
4.168382743983971295e-02
4.412019586160908363e-02
4.643401782721832266e-02
4.827599736573830874e-02
4.992428352473330527e-02
5.109437808827040767e-02
5.216173728366940016e-02
5.331488180601062776e-02
5.488221405956984766e-02
5.700272670405193837e-02
5.914614679370105293e-02
6.155770876868035812e-02
6.393706887394430549e-02
6.676617442259964730e-02
6.958700407643092500e-02
7.281385808637300117e-02
7.595421684346882751e-02
7.864689625370485659e-02
8.081554159746948129e-02
8.319812468216131185e-02
8.638655964492142347e-02
8.928809933215822725e-02
9.145939574698017105e-02
9.325105981120673793e-02
9.564498022343234651e-02
9.828184135166402602e-02
1.043200341587337127e-01
1.162533040779171051e-01
1.339906338698767241e-01
1.508493776855741320e-01
1.633116350949738727e-01
1.841184610982459502e-01
1.532384390169339305e-01
1.651464290573998461e-01
1.603780687496094426e-01
1.836892799984890801e-01
1.804165431092325522e-01
1.792244779346580941e-01
1.833065259725224216e-01
1.962345319666216614e-01
2.020717244838203253e-01
2.014990378799485782e-01
2.049083727946524047e-01
2.141730114408054719e-01
2.236197649675456811e-01
2.268699580936481552e-01
2.290985998517269528e-01
2.360992255878980595e-01
2.449728919968763019e-01
2.538922415326605453e-01
2.693588100883493319e-01
2.759984642297133584e-01
2.809246968435255565e-01
2.861705867363561473e-01
2.875300825661177839e-01
2.982869242205957727e-01
3.064607288290079889e-01
3.117838224285054971e-01
3.193012786646912127e-01
3.218308247073836115e-01
