5.652101074218750000e+03 0.000000000000000000e+00
5.652097656250000000e+03 -4.802556929917045636e-08
5.652070800781250000e+03 -3.778986865654587746e-07
5.652005371093750000e+03 -1.169473307527368888e-06
5.651870117187500000e+03 -2.803149754981859587e-06
5.651667480468750000e+03 -5.243565738055622205e-06
5.651373535156250000e+03 -8.779392373980954289e-06
5.650933593750000000e+03 -1.406374212820082903e-05
5.650398925781250000e+03 -2.047687121375929564e-05
5.649662109375000000e+03 -2.929347283497918397e-05
5.648822265625000000e+03 -3.933350308216176927e-05
5.647722656250000000e+03 -5.245626016403548419e-05
5.646517578125000000e+03 -6.680006481474265456e-05
5.644992187500000000e+03 -8.491826883982867002e-05
5.643367675781250000e+03 -1.041573923430405557e-04
5.641358886718750000e+03 -1.278570998692885041e-04
5.639262695312500000e+03 -1.524740218883380294e-04
5.636924316406250000e+03 -1.798005105229094625e-04
5.634104492187500000e+03 -2.125219762092456222e-04
5.631227050781250000e+03 -2.456248330418020487e-04
5.627801269531250000e+03 -2.845936687663197517e-04
5.624344726562500000e+03 -3.233315655961632729e-04
5.620270507812500000e+03 -3.680574882309883833e-04
5.616197753906250000e+03 -4.114977782592177391e-04
5.611438476562500000e+03 -4.601143882609903812e-04
5.606716796875000000e+03 -5.051825428381562233e-04
5.601672851562500000e+03 -5.482953274622559547e-04
5.595838378906250000e+03 -5.884866113774478436e-04
5.590104003906250000e+03 -6.139316246844828129e-04
5.583508300781250000e+03 -6.277813226915895939e-04
5.577059570312500000e+03 -6.367968162521719933e-04
5.569678710937500000e+03 -6.483271718025207520e-04
5.562496093750000000e+03 -6.615480524487793446e-04
5.554310058593750000e+03 -6.787721067667007446e-04
5.546376464843750000e+03 -6.973713170737028122e-04
5.537369628906250000e+03 -7.204951834864914417e-04
5.528671875000000000e+03 -7.446839590556919575e-04
5.519603515625000000e+03 -7.717221742495894432e-04
5.509358886718750000e+03 -8.043544366955757141e-04
5.499512695312500000e+03 -8.376569021493196487e-04
5.488422363281250000e+03 -8.772631990723311901e-04
5.477792480468750000e+03 -9.171396959573030472e-04
5.465851074218750000e+03 -9.639827767387032509e-04
5.454435546875000000e+03 -1.010611071251332760e-03
5.441642578125000000e+03 -1.064800890162587166e-03
5.429441406250000000e+03 -1.118193846195936203e-03
5.416863769531250000e+03 -1.174771692603826523e-03
5.402815429687500000e+03 -1.239554258063435555e-03
5.389458007812500000e+03 -1.302420627325773239e-03
5.374567871093750000e+03 -1.373581239022314548e-03
5.360437500000000000e+03 -1.441716565750539303e-03
5.344715332031250000e+03 -1.517525292001664639e-03
5.329822265625000000e+03 -1.588369836099445820e-03
5.313279296875000000e+03 -1.664149458520114422e-03
5.297635253906250000e+03 -1.729974988847970963e-03
5.280286132812500000e+03 -1.789631438441574574e-03
5.263905273437500000e+03 -1.822131802327930927e-03
5.247176757812500000e+03 -1.822777790948748589e-03
5.228666015625000000e+03 -1.806364627555012703e-03
5.211226562500000000e+03 -1.812328468076884747e-03
5.191956542968750000e+03 -1.854845904745161533e-03
5.173825683593750000e+03 -1.891073770821094513e-03
5.153818359375000000e+03 -1.812797738239169121e-03
5.135018066406250000e+03 -1.780616468749940395e-03
5.114298339843750000e+03 -1.806248677894473076e-03
5.094852539062500000e+03 -1.838316093198955059e-03
5.075105957031250000e+03 -1.867561251856386662e-03
5.053381347656250000e+03 -1.903548953123390675e-03
5.033027832031250000e+03 -1.939247944392263889e-03
5.010660156250000000e+03 -1.978473039343953133e-03
4.989727539062500000e+03 -2.016774378716945648e-03
4.966748535156250000e+03 -2.060159575194120407e-03
4.945266601562500000e+03 -2.101063728332519531e-03
4.921708984375000000e+03 -2.146841958165168762e-03
4.899708007812500000e+03 -2.190514001995325089e-03
4.875606445312500000e+03 -2.238861285150051117e-03
4.853119628906250000e+03 -2.284530317410826683e-03
4.830411621093750000e+03 -2.331350231543183327e-03
4.805570312500000000e+03 -2.383166924118995667e-03
4.782426269531250000e+03 -2.431954490020871162e-03
4.757131835937500000e+03 -2.485977252945303917e-03
4.733587402343750000e+03 -2.536900807172060013e-03
4.707878906250000000e+03 -2.593153854832053185e-03
4.683970214843750000e+03 -2.646139124408364296e-03
4.657887207031250000e+03 -2.704740501940250397e-03
4.633651855468750000e+03 -2.759928582236170769e-03
4.609272949218750000e+03 -2.816182095557451248e-03
4.582710937500000000e+03 -2.878378378227353096e-03
4.558062011718750000e+03 -2.936969976872205734e-03
4.531228515625000000e+03 -3.001730889081954956e-03
4.506348144531250000e+03 -3.062719013541936874e-03
4.479285644531250000e+03 -3.130126046016812325e-03
4.454214355468750000e+03 -3.193591022863984108e-03
4.426965820312500000e+03 -3.263695864006876945e-03
4.401743164062500000e+03 -3.329665400087833405e-03
4.374352539062500000e+03 -3.402495756745338440e-03
4.349019042968750000e+03 -3.470980096608400345e-03
4.323646484375000000e+03 -3.540660720318555832e-03
4.297185546875000000e+03 -3.614509245380759239e-03
4.269644531250000000e+03 -3.692663973197340965e-03
4.244344238281250000e+03 -3.765625879168510437e-03
4.216991210937500000e+03 -3.845769446343183517e-03
4.191039550781250000e+03 -3.923025447875261307e-03
4.163654785156250000e+03 -4.005832131952047348e-03
4.137889160156250000e+03 -4.084947053343057632e-03
4.112438476562500000e+03 -4.164234269410371780e-03
4.085600830078125000e+03 -4.249058663845062256e-03
4.059364746093750000e+03 -4.333173856139183044e-03
4.033738281250000000e+03 -4.416450858116149902e-03
4.008388671875000000e+03 -4.499883390963077545e-03
3.981961181640625000e+03 -4.587933886796236038e-03
3.956693603515625000e+03 -4.673082847148180008e-03
3.931020019531250000e+03 -4.760459065437316895e-03
3.905218750000000000e+03 -4.848996642976999283e-03
3.879249755859375000e+03 -4.938596393913030624e-03
3.854457763671875000e+03 -5.024254322052001953e-03
3.828852539062500000e+03 -5.112256389111280441e-03
3.803967529296875000e+03 -5.196474492549896240e-03
3.779807128906250000e+03 -5.275831557810306549e-03
3.753807128906250000e+03 -5.356836132705211639e-03
3.730508056640625000e+03 -5.423954222351312637e-03
3.706264160156250000e+03 -5.486784968525171280e-03
3.682518310546875000e+03 -5.540052428841590881e-03
3.658604003906250000e+03 -5.580466240644454956e-03
3.635057128906250000e+03 -5.579617340117692947e-03
3.611979492187500000e+03 -5.409646313637495041e-03
3.588852783203125000e+03 -5.036476533859968185e-03
3.565899414062500000e+03 -5.090629681944847107e-03
3.542962646484375000e+03 -5.261145532131195068e-03
3.521279785156250000e+03 -5.254155490547418594e-03
3.499064208984375000e+03 -5.151256918907165527e-03
3.477138671875000000e+03 -5.071517080068588257e-03
3.455987060546875000e+03 -5.068855825811624527e-03
3.434918701171875000e+03 -5.084708798676729202e-03
3.413913330078125000e+03 -5.051394458860158920e-03
3.393645019531250000e+03 -4.984317813068628311e-03
3.373372070312500000e+03 -4.968767054378986359e-03
3.353360351562500000e+03 -4.957086872309446335e-03
3.334203125000000000e+03 -4.225284792482852936e-03
3.315190429687500000e+03 -4.242641385644674301e-03
3.314555908203125000e+03 -4.115730989724397659e-03
