5.652137207031250000e+03 0.000000000000000000e+00
5.645100097656250000e+03 -6.228862912394106388e-05
5.638063476562500000e+03 -1.200859260279685259e-04
5.627508300781250000e+03 -1.639762776903808117e-04
5.623989746093750000e+03 -1.602152478881180286e-04
5.623989746093750000e+03 -1.602152478881180286e-04
5.595842285156250000e+03 -1.721268781693652272e-04
5.595842285156250000e+03 -1.721268781693652272e-04
5.567694824218750000e+03 -2.122811420122161508e-04
5.567694824218750000e+03 -2.122811420122161508e-04
5.539547363281250000e+03 -2.664509229362010956e-04
5.539547363281250000e+03 -2.664509229362010956e-04
5.511399902343750000e+03 -3.302202967461198568e-04
5.511399902343750000e+03 -3.302202967461198568e-04
5.483252441406250000e+03 -3.994739672634750605e-04
5.483252441406250000e+03 -3.994739672634750605e-04
5.455104980468750000e+03 -4.675239033531397581e-04
5.455104980468750000e+03 -4.675239033531397581e-04
5.426957519531250000e+03 -5.211883690208196640e-04
5.426957519531250000e+03 -5.211883690208196640e-04
5.425198242187500000e+03 -5.233553820289671421e-04
5.423438964843750000e+03 -5.247821100056171417e-04
5.422999023437500000e+03 -5.248785018920898438e-04
5.422559082031250000e+03 -5.246896180324256420e-04
5.422119628906250000e+03 -5.234038690105080605e-04
5.421954589843750000e+03 -5.222657346166670322e-04
5.421872070312500000e+03 -5.206611822359263897e-04
5.421744628906250000e+03 -5.101661663502454758e-04
5.421591308593750000e+03 -4.430682456586509943e-04
5.421382324218750000e+03 -4.430747649166733027e-04
5.421233398437500000e+03 -4.433221765793859959e-04
5.421010742187500000e+03 -4.436982853803783655e-04
5.420676269531250000e+03 -4.442638019099831581e-04
5.420174804687500000e+03 -4.451136628631502390e-04
5.419422363281250000e+03 -4.463926015887409449e-04
5.418293945312500000e+03 -4.483196826186031103e-04
5.416601562500000000e+03 -4.512296582106500864e-04
5.414062500000000000e+03 -4.556372005026787519e-04
5.410253906250000000e+03 -4.623563145287334919e-04
5.404541015625000000e+03 -4.726319457404315472e-04
5.398809570312500000e+03 -4.831819096580147743e-04
5.398809570312500000e+03 -4.831819096580147743e-04
5.370662109375000000e+03 -5.382397794164717197e-04
5.370662109375000000e+03 -5.382397794164717197e-04
5.342514648437500000e+03 -5.983278388157486916e-04
5.342514648437500000e+03 -5.983278388157486916e-04
5.314367187500000000e+03 -6.630393909290432930e-04
5.314367187500000000e+03 -6.630393909290432930e-04
5.286219726562500000e+03 -7.320313015952706337e-04
5.286219726562500000e+03 -7.320313015952706337e-04
5.258072265625000000e+03 -8.049761527217924595e-04
5.258072265625000000e+03 -8.049761527217924595e-04
5.229924804687500000e+03 -8.815593901090323925e-04
5.229924804687500000e+03 -8.815593901090323925e-04
5.201777343750000000e+03 -9.614801383577287197e-04
5.201777343750000000e+03 -9.614801383577287197e-04
5.173629882812500000e+03 -1.044449047185480595e-03
5.173629882812500000e+03 -1.044449047185480595e-03
5.145482421875000000e+03 -1.130184042267501354e-03
5.145482421875000000e+03 -1.130184042267501354e-03
5.117335449218750000e+03 -1.218403456732630730e-03
5.117335449218750000e+03 -1.218403456732630730e-03
5.089187988281250000e+03 -1.308818696998059750e-03
5.089187988281250000e+03 -1.308818696998059750e-03
5.061040527343750000e+03 -1.401125802658498287e-03
5.061040527343750000e+03 -1.401125802658498287e-03
5.032893066406250000e+03 -1.494995667599141598e-03
5.032893066406250000e+03 -1.494995667599141598e-03
5.004745605468750000e+03 -1.590063562616705894e-03
5.004745605468750000e+03 -1.590063562616705894e-03
4.976598144531250000e+03 -1.685915747657418251e-03
4.976598144531250000e+03 -1.685915747657418251e-03
4.948451171875000000e+03 -1.782074221409857273e-03
4.948451171875000000e+03 -1.782074221409857273e-03
4.920303710937500000e+03 -1.877984148450195789e-03
4.920303710937500000e+03 -1.877984148450195789e-03
4.892156250000000000e+03 -1.972916303202509880e-03
4.892156250000000000e+03 -1.972916303202509880e-03
4.890396972656250000e+03 -1.978778280317783356e-03
4.888637695312500000e+03 -1.984632806852459908e-03
4.886878417968750000e+03 -1.990492688491940498e-03
4.884239746093750000e+03 -1.999259460717439651e-03
4.883250000000000000e+03 -2.002544468268752098e-03
4.881766113281250000e+03 -2.007463248446583748e-03
4.880281738281250000e+03 -2.012371784076094627e-03
4.878797363281250000e+03 -2.017272869125008583e-03
4.876570800781250000e+03 -2.024611691012978554e-03
4.873230957031250000e+03 -2.035578247159719467e-03
4.868221191406250000e+03 -2.051938325166702271e-03
4.864008789062500000e+03 -2.065602689981460571e-03
4.864008789062500000e+03 -2.065602689981460571e-03
