5.652148925781250000e+03 0.000000000000000000e+00
5.652145019531250000e+03 -3.128317516143397370e-08
5.652118164062500000e+03 -2.459551069478038698e-07
5.652053222656250000e+03 -7.609762633364880458e-07
5.651917968750000000e+03 -1.823737761696975213e-06
5.651715332031250000e+03 -3.411046463952516206e-06
5.651421386718750000e+03 -5.710338427888927981e-06
5.650981445312500000e+03 -9.145595868176314980e-06
5.650446289062500000e+03 -1.331287876382702962e-05
5.649709960937500000e+03 -1.903857628349214792e-05
5.648870117187500000e+03 -2.555358514655381441e-05
5.647770019531250000e+03 -3.405947427381761372e-05
5.646565429687500000e+03 -4.334219920565374196e-05
5.645040039062500000e+03 -5.503999636857770383e-05
5.643415039062500000e+03 -6.741580727975815535e-05
5.641406250000000000e+03 -8.256178989540785551e-05
5.639310546875000000e+03 -9.808734466787427664e-05
5.636971679687500000e+03 -1.147683578892610967e-04
5.634151855468750000e+03 -1.323707110714167356e-04
5.631274414062500000e+03 -1.422306231688708067e-04
5.627848632812500000e+03 -1.450897689210250974e-04
5.624391601562500000e+03 -1.453009899705648422e-04
5.620317382812500000e+03 -1.450938725611194968e-04
5.616244628906250000e+03 -1.453690638300031424e-04
5.611484863281250000e+03 -1.463716180296614766e-04
5.606763183593750000e+03 -1.425503141945227981e-04
5.601719238281250000e+03 -1.140372696681879461e-04
5.595884277343750000e+03 -1.260272692888975143e-04
5.590149902343750000e+03 -1.329259830527007580e-04
5.583553710937500000e+03 -1.399268949171528220e-04
5.577105468750000000e+03 -1.469920243835076690e-04
5.569724121093750000e+03 -1.555257476866245270e-04
5.562541503906250000e+03 -1.660327980061993003e-04
5.554355468750000000e+03 -1.786931825336068869e-04
5.546421875000000000e+03 -1.915713073685765266e-04
5.537415039062500000e+03 -2.070377377094700933e-04
5.528717285156250000e+03 -2.226422802777960896e-04
5.519648437500000000e+03 -2.392905007582157850e-04
5.509404296875000000e+03 -2.583892201073467731e-04
5.499557617187500000e+03 -2.767566766124218702e-04
5.488466796875000000e+03 -2.966758038382977247e-04
5.477836914062500000e+03 -3.142232599202543497e-04
5.465895507812500000e+03 -3.311283653602004051e-04
5.454479492187500000e+03 -3.436331462580710649e-04
5.441686523437500000e+03 -3.453864483162760735e-04
5.429484863281250000e+03 -3.106895601376891136e-04
5.416907226562500000e+03 -3.304278361611068249e-04
5.402858398437500000e+03 -3.503697516862303019e-04
5.389500976562500000e+03 -3.721221000887453556e-04
5.374610351562500000e+03 -3.969192330259829760e-04
5.360479980468750000e+03 -4.208039026707410812e-04
5.344757324218750000e+03 -4.492605221457779408e-04
5.329863769531250000e+03 -4.769447841681540012e-04
5.313320800781250000e+03 -5.084740114398300648e-04
5.297676269531250000e+03 -5.396953201852738857e-04
5.280327148437500000e+03 -5.751694552600383759e-04
5.263946289062500000e+03 -6.095173885114490986e-04
5.247217773437500000e+03 -6.457433337345719337e-04
5.228707031250000000e+03 -6.867192569188773632e-04
5.211267578125000000e+03 -7.261830032803118229e-04
5.191997070312500000e+03 -7.708918419666588306e-04
5.173866210937500000e+03 -8.137389086186885834e-04
5.153858886718750000e+03 -8.618763531558215618e-04
5.135058593750000000e+03 -9.079401497729122639e-04
5.114338867187500000e+03 -9.594107978045940399e-04
5.094893066406250000e+03 -1.008323160931468010e-03
5.075146484375000000e+03 -1.058528665453195572e-03
5.053421875000000000e+03 -1.114164129830896854e-03
5.033067871093750000e+03 -1.166522968560457230e-03
5.010700683593750000e+03 -1.224125269800424576e-03
4.989767578125000000e+03 -1.277797622606158257e-03
4.966788574218750000e+03 -1.336097833700478077e-03
4.945306152343750000e+03 -1.389608136378228664e-03
4.921748535156250000e+03 -1.446580979973077774e-03
4.899747558593750000e+03 -1.497604185715317726e-03
4.875645507812500000e+03 -1.549633452668786049e-03
4.853158691406250000e+03 -1.574766705743968487e-03
4.830450195312500000e+03 -1.617951085790991783e-03
4.805608886718750000e+03 -1.663981354795396328e-03
4.782464355468750000e+03 -1.704946160316467285e-03
4.757169921875000000e+03 -1.744872308336198330e-03
4.733625000000000000e+03 -1.783333485946059227e-03
4.707916503906250000e+03 -1.821573474444448948e-03
4.684007324218750000e+03 -1.852224580943584442e-03
4.657924316406250000e+03 -1.883174758404493332e-03
4.633688476562500000e+03 -1.910793362185359001e-03
4.609309570312500000e+03 -1.939231762662529945e-03
4.582747070312500000e+03 -1.972747733816504478e-03
4.558097656250000000e+03 -2.006071852520108223e-03
4.531264160156250000e+03 -2.043620450422167778e-03
4.506383789062500000e+03 -2.078288001939654350e-03
4.479320800781250000e+03 -2.113288734108209610e-03
4.454248535156250000e+03 -2.137047471478581429e-03
4.427000000000000000e+03 -2.132533118128776550e-03
4.401775390625000000e+03 -1.642480026930570602e-03
4.376180175781250000e+03 -1.544151105917990208e-03
4.375691894531250000e+03 -1.540282159112393856e-03
