1.281846354461108447e-07
1.444721179430583982e-07
2.210199382035636330e-07
5.075152625419671486e-07
1.040096781648155195e-06
1.873165461732190615e-06
3.082488075233943904e-06
4.909655611292911404e-06
7.130232879946507105e-06
1.018851573112345457e-05
1.369281315632388028e-05
1.828591671532692453e-05
2.330843616017209781e-05
2.959901785180422848e-05
3.597526092271531893e-05
4.328821438108221173e-05
7.140489360428523642e-05
1.006303935729501131e-04
1.382375360175751994e-04
1.817749005471230362e-04
2.318919825710415584e-04
2.807595864797928983e-04
3.391313352916298040e-04
3.971491897641544924e-04
4.790143373436702421e-04
6.929164664746448451e-04
1.106166528055541574e-03
1.303235327869801431e-03
1.455746177142274106e-03
1.705434675699662702e-03
1.908467339144802365e-03
2.143388759345484038e-03
2.412887332388861071e-03
2.705665745519136769e-03
2.995937975248164076e-03
3.352442205994169387e-03
3.694926181742290341e-03
4.061081963999697148e-03
4.494774104190052411e-03
4.917024084957587714e-03
5.407485431494411451e-03
5.902392430715515566e-03
6.482007645156733291e-03
7.062594913083490925e-03
7.853791822954116902e-03
8.085495135692835275e-03
7.838415168923988999e-03
6.675218765341594043e-03
7.518433318476653617e-03
8.141678072291888904e-03
8.788625395422779152e-03
9.563002492159040219e-03
1.037749237561233669e-02
1.122100701358192190e-02
1.205979571895468561e-02
1.306325637883955920e-02
1.398718867051504562e-02
1.496933394854800016e-02
1.611189908800186865e-02
1.719367208097943162e-02
1.843290428487004418e-02
1.964656315951091026e-02
2.101215711825847945e-02
2.233854345170652178e-02
2.385277132337589381e-02
2.531245549909253226e-02
2.684276991307748411e-02
2.858512145899426773e-02
3.026880360815492263e-02
3.218382991487666461e-02
3.404035961661906057e-02
3.614854908937923522e-02
3.819061885015027219e-02
4.051246247476648910e-02
4.275956537627546850e-02
4.531312226060190546e-02
4.778743099771587399e-02
5.038624568936363873e-02
5.338246205696315499e-02
5.639808379258293841e-02
5.993928447858184322e-02
6.327714395828237803e-02
6.689118235954362446e-02
7.040079325616337147e-02
7.434074204630199134e-02
7.808503305713325460e-02
8.206870131711835326e-02
8.698291193827151213e-02
9.413545345935926678e-02
1.082159414200182246e-01
1.124790884384139350e-01
1.158354561482793782e-01
1.195520598722841638e-01
1.271805373849450582e-01
1.371308502399331553e-01
1.404203546107277156e-01
1.461043272329489717e-01
1.505175276874409496e-01
1.559313872779762855e-01
1.608477258265829657e-01
1.656869958820623157e-01
1.712334934526490438e-01
1.764954936805352981e-01
1.819404248953435665e-01
1.870333755656430341e-01
1.928369072417599195e-01
1.983045790654087148e-01
2.036792856542370411e-01
2.095102747668229903e-01
2.150682631316609417e-01
2.212241048255561837e-01
2.268873778961908727e-01
2.329970071997773395e-01
2.387463253305761313e-01
2.451291614109299966e-01
2.510563407325540619e-01
2.574713988155361566e-01
2.634231181880923311e-01
2.694594474861801703e-01
2.757813806278205937e-01
2.811623469240343565e-01
2.878645888745099968e-01
2.940164571376899794e-01
3.007292611295978579e-01
3.064013629287757889e-01
3.134102134930958905e-01
3.195951265072998204e-01
3.255580495302905497e-01
3.305963962423283942e-01
3.379389801358961831e-01
3.450189490767339717e-01
3.511569621417610088e-01
3.573484231561512847e-01
3.635443795743276696e-01
3.702380204857297907e-01
3.768701622519876060e-01
3.829209382317194654e-01
3.891719368995405492e-01
3.949658115457381768e-01
4.014835545152461438e-01
4.077083738587855555e-01
4.133139932239498493e-01
4.171986686985981740e-01
4.226309556673233936e-01
4.289225350265600811e-01
4.360886539228246983e-01
4.410131077862401439e-01
4.454015025553947904e-01
4.514636003045590096e-01
4.571290265379825968e-01
4.630524508173564091e-01
4.680181428767811735e-01
4.726647665354967720e-01
4.775843068493418886e-01
4.825908345389607335e-01
4.878323395067898360e-01
4.925572163872582454e-01
4.968972689160985889e-01
5.010014962642832526e-01
5.052426851619351567e-01
5.097562180080763561e-01
5.139704927143873281e-01
5.178698744931770070e-01
5.212909128579519269e-01
5.249399476121796582e-01
5.286911164412531061e-01
5.320969786919643729e-01
5.353099770885171305e-01
5.382152292863076060e-01
5.410678895926016585e-01
5.438362458822210144e-01
5.466955677637512778e-01
5.491952423107773207e-01
5.516644493050630871e-01
5.537904802517595870e-01
5.558404133941721170e-01
5.579247883951665710e-01
5.597489276796533408e-01
5.614333528924174699e-01
5.630123584885274868e-01
5.643835742155790536e-01
5.656932220371666542e-01
5.670216520275151995e-01
5.681688754863247759e-01
5.694966375548979887e-01
5.708123543029961500e-01
5.712882159391586834e-01
5.718381352371620929e-01
5.730185103702089000e-01
5.729001732663338009e-01
5.727212616623966746e-01
5.736567953599528424e-01
5.744061147100233411e-01
5.743803757723878745e-01
5.744133348435783715e-01
5.744658004646135963e-01
5.743486047109064296e-01
5.745812710394618827e-01
5.749602055974665227e-01
5.748580574798889398e-01
5.745695123417188244e-01
