9.657056180250440602e-08
9.657056180250440602e-08
1.618680431127582182e-07
3.017255176799992474e-07
5.971629890654735010e-07
1.043294135583346546e-06
1.712920724808968287e-06
2.702907987935924666e-06
3.903819849127768257e-06
5.577455070268847655e-06
7.489223404621140268e-06
1.002016393910952301e-05
1.279618509603937064e-05
1.635895055585698292e-05
2.017865929882312542e-05
2.496906440389056714e-05
3.003450933007056201e-05
3.577054704665454869e-05
4.282115142180609239e-05
5.017743395196133758e-05
5.915119872337899656e-05
6.846652411747600046e-05
7.981021318142868313e-05
9.156815571301728371e-05
1.059076799804090844e-04
1.208276788924167846e-04
1.376626170594030427e-04
1.588383902357164211e-04
1.839180137543765811e-04
2.319514770993384321e-04
3.289526535546477147e-04
5.003802230977709735e-04
7.091290568664654955e-04
9.895482954639807892e-04
2.041631549740796636e-03
3.865178491023121832e-03
4.356825300495882451e-03
4.730742579392587313e-03
5.542758829353466171e-03
6.020910746319363058e-03
6.687054829511212758e-03
7.407629974026029747e-03
8.081157666327328654e-03
8.830550175868276050e-03
9.665197487228324030e-03
1.043352000446742117e-02
1.128977370283188071e-02
1.223663927909744362e-02
1.314731573451417834e-02
1.420451986117400762e-02
1.521022593993618527e-02
1.635562251177382839e-02
1.746492331718906346e-02
1.870242966613826566e-02
1.987705603108069763e-02
2.114262848196530806e-02
2.222374329261492254e-02
2.307791220584711964e-02
2.353632505490863350e-02
2.363581051391999352e-02
2.527551900026308099e-02
2.629038531751642926e-02
2.746215323225369501e-02
2.912784750455980551e-02
3.062165002836370747e-02
3.175748750597816999e-02
3.301543875407901563e-02
3.401674142321151062e-02
3.392675504915941553e-02
3.098678018291856767e-02
2.920687085730933399e-02
3.029251132020192513e-02
3.006146455631901124e-02
2.755070634286188591e-02
2.584859562264300512e-02
2.602146164672990841e-02
2.579178908370356391e-02
2.583845388178938191e-02
2.692436055961188249e-02
2.774656725301137550e-02
2.804827648838202278e-02
2.862943563142249237e-02
2.971305594189372137e-02
3.058444507544984953e-02
3.145734239508658769e-02
3.257667853148198123e-02
3.394946688093163079e-02
3.552770964051342462e-02
3.717016817448866306e-02
3.935119567017242304e-02
4.182434783959837477e-02
4.522640973890481447e-02
4.951977426462494947e-02
5.645642643650750081e-02
6.733409217058590468e-02
8.886871619074469819e-02
1.110604488885911928e-01
1.293213048424284028e-01
1.351916701961567158e-01
1.361489099911055711e-01
1.406631262744921507e-01
1.517505379967565016e-01
1.613526364626665377e-01
1.664105459420485711e-01
1.691278884437762697e-01
1.749148422321388507e-01
1.844836585518499494e-01
1.940719795345266230e-01
2.009944698716015221e-01
2.059552968018948105e-01
2.126377112120785839e-01
2.216400232541996529e-01
2.309020565181509888e-01
2.386695232979234027e-01
2.453650677755885023e-01
2.526904294624642278e-01
2.613502503415199296e-01
2.703352297420957284e-01
2.789851068039542747e-01
2.865623434000096892e-01
2.941560360700317678e-01
3.030374108475717421e-01
3.115501990628067874e-01
3.204293459639960262e-01
3.282317670694619438e-01
3.361897408818930733e-01
3.443776299662152929e-01
3.566020917256661482e-01
3.716143498510448007e-01
3.729975332098839358e-01
3.811502053858475403e-01
3.953280303349194225e-01
4.028600732066792145e-01
4.058693275756311558e-01
4.197864786393302738e-01
4.271538694015559745e-01
4.277194893599091108e-01
4.282041979419077826e-01
