5.652148925781250000e+03 0.000000000000000000e+00
5.652145019531250000e+03 -3.026740102995972848e-08
5.652118164062500000e+03 -2.379121752937862766e-07
5.652053222656250000e+03 -7.360574727499624714e-07
5.651917968750000000e+03 -1.763987711456138641e-06
5.651715332031250000e+03 -3.299271611467702314e-06
5.651421386718750000e+03 -5.523210347746498883e-06
5.650981445312500000e+03 -8.845911906973924488e-06
5.650446289062500000e+03 -1.287671329919248819e-05
5.649709960937500000e+03 -1.841502853494603187e-05
5.648870117187500000e+03 -2.471707739459816366e-05
5.647770019531250000e+03 -3.294541966170072556e-05
5.646565429687500000e+03 -4.192592314211651683e-05
5.645040039062500000e+03 -5.324334779288619757e-05
5.643415039062500000e+03 -6.521391333080828190e-05
5.641406250000000000e+03 -7.983571413205936551e-05
5.639310546875000000e+03 -9.463373135076835752e-05
5.636971679687500000e+03 -1.088906210497952998e-04
5.634151855468750000e+03 -1.124498885474167764e-04
5.631274414062500000e+03 -1.130571690737269819e-04
5.627848144531250000e+03 -1.119125881814397871e-04
5.624391601562500000e+03 -1.113087637349963188e-04
5.620317382812500000e+03 -1.113816106226295233e-04
5.616244628906250000e+03 -1.120582310250028968e-04
5.611484863281250000e+03 -1.098144275601953268e-04
5.606762695312500000e+03 -8.955506200436502695e-05
5.601718750000000000e+03 -9.795253572519868612e-05
5.595884277343750000e+03 -1.044146192725747824e-04
5.590149902343750000e+03 -1.103850663639605045e-04
5.583553710937500000e+03 -1.179222090286202729e-04
5.577105468750000000e+03 -1.260071148863062263e-04
5.569724121093750000e+03 -1.358421577606350183e-04
5.562541503906250000e+03 -1.462379004806280136e-04
5.554355468750000000e+03 -1.587369479238986969e-04
5.546421875000000000e+03 -1.710030337562784553e-04
5.537414550781250000e+03 -1.838624011725187302e-04
5.528716796875000000e+03 -1.947900163941085339e-04
5.519648437500000000e+03 -2.115341485477983952e-04
5.509403808593750000e+03 -2.290874544996768236e-04
5.499557617187500000e+03 -2.467087761033326387e-04
5.488466796875000000e+03 -2.665259235072880983e-04
5.477836914062500000e+03 -2.850957389455288649e-04
5.465895507812500000e+03 -3.051548264920711517e-04
5.454479492187500000e+03 -3.229943395126610994e-04
5.441686523437500000e+03 -3.371571947354823351e-04
5.429484863281250000e+03 -2.813421597238630056e-04
5.416907226562500000e+03 -2.905159781221300364e-04
5.402858398437500000e+03 -3.103543131146579981e-04
5.389500488281250000e+03 -3.314226923976093531e-04
5.374610351562500000e+03 -3.564059152267873287e-04
5.360479980468750000e+03 -3.800464910455048084e-04
5.344757324218750000e+03 -4.083295934833586216e-04
5.329863769531250000e+03 -4.361111496109515429e-04
5.313320800781250000e+03 -4.675328964367508888e-04
5.297676269531250000e+03 -4.987675929442048073e-04
5.280327148437500000e+03 -5.343336379155516624e-04
5.263946289062500000e+03 -5.687458324246108532e-04
5.247217285156250000e+03 -6.051355157978832722e-04
5.228707031250000000e+03 -6.463505560532212257e-04
5.211267578125000000e+03 -6.861235015094280243e-04
5.191997070312500000e+03 -7.313103997148573399e-04
5.173866210937500000e+03 -7.747241761535406113e-04
5.153858886718750000e+03 -8.236995781771838665e-04
5.135058593750000000e+03 -8.707669330760836601e-04
5.114338867187500000e+03 -9.236215264536440372e-04
5.094893066406250000e+03 -9.741886169649660587e-04
5.075146484375000000e+03 -1.026455196551978588e-03
5.053421875000000000e+03 -1.084885909222066402e-03
5.033067871093750000e+03 -1.140489126555621624e-03
5.010700195312500000e+03 -1.202461891807615757e-03
4.989767578125000000e+03 -1.261159661225974560e-03
4.966788574218750000e+03 -1.326286117546260357e-03
4.945306152343750000e+03 -1.387694617733359337e-03
4.921748535156250000e+03 -1.455439720302820206e-03
4.899747558593750000e+03 -1.518930075690150261e-03
4.875645507812500000e+03 -1.588477171026170254e-03
4.853158691406250000e+03 -1.653049373999238014e-03
4.830450195312500000e+03 -1.717505510896444321e-03
4.805608886718750000e+03 -1.786103006452322006e-03
4.782464843750000000e+03 -1.845283899456262589e-03
4.757170410156250000e+03 -1.883247517980635166e-03
4.733625000000000000e+03 -1.690368517301976681e-03
4.707916015625000000e+03 -1.646749326027929783e-03
4.684006835937500000e+03 -1.685272902250289917e-03
4.657923828125000000e+03 -1.703796791844069958e-03
4.633687988281250000e+03 -1.731859636493027210e-03
4.609309082031250000e+03 -1.754055265337228775e-03
4.582746582031250000e+03 -1.781856990419328213e-03
4.558097167968750000e+03 -1.802461571060121059e-03
4.531263183593750000e+03 -1.807005493901669979e-03
4.506382812500000000e+03 -1.821237150579690933e-03
4.479319824218750000e+03 -1.842482713982462883e-03
4.454248046875000000e+03 -1.852344837971031666e-03
4.426999023437500000e+03 -1.757013844326138496e-03
4.401775878906250000e+03 -1.768026733770966530e-03
4.375966796875000000e+03 -1.715512247756123543e-03
4.349842773437500000e+03 -1.707866904325783253e-03
4.322553710937500000e+03 -1.735835918225347996e-03
4.297150390625000000e+03 -1.783840940333902836e-03
4.269608886718750000e+03 -1.791075221262872219e-03
4.244175781250000000e+03 -1.792086986824870110e-03
4.216623535156250000e+03 -1.817103824578225613e-03
4.191201660156250000e+03 -1.858200645074248314e-03
4.163684082031250000e+03 -1.866035396233201027e-03
4.138313964843750000e+03 -1.872461521998047829e-03
4.112983398437500000e+03 -1.896053203381597996e-03
4.085597900390625000e+03 -1.931924140080809593e-03
4.060380126953125000e+03 -1.944549847394227982e-03
4.033138183593750000e+03 -1.961140427738428116e-03
4.008073242187500000e+03 -1.984245842322707176e-03
3.981019042968750000e+03 -2.013507531955838203e-03
3.956147216796875000e+03 -2.031837357208132744e-03
3.929323730468750000e+03 -2.049109200015664101e-03
3.904684814453125000e+03 -2.070729387924075127e-03
3.878134521484375000e+03 -2.097088145092129707e-03
3.853767333984375000e+03 -2.117549767717719078e-03
3.829544433593750000e+03 -2.135213930159807205e-03
3.803475585937500000e+03 -2.157290466129779816e-03
3.779581054687500000e+03 -2.180759795010089874e-03
3.754872802734375000e+03 -2.204272430390119553e-03
3.730359375000000000e+03 -2.225233940407633781e-03
3.706050537109375000e+03 -2.246439456939697266e-03
3.682564697265625000e+03 -2.269990975037217140e-03
3.658865234375000000e+03 -2.294837730005383492e-03
3.634688232421875000e+03 -2.318810671567916870e-03
3.611708740234375000e+03 -2.340851584449410439e-03
3.588320312500000000e+03 -2.364433370530605316e-03
3.565691406250000000e+03 -2.389142988249659538e-03
3.543357910156250000e+03 -2.413808833807706833e-03
3.521132080078125000e+03 -2.437064424157142639e-03
3.499226806640625000e+03 -2.459997311234474182e-03
3.476856689453125000e+03 -2.484406111761927605e-03
3.455801025390625000e+03 -2.507938770577311516e-03
3.434861572265625000e+03 -2.525883959606289864e-03
3.414007080078125000e+03 -2.563323127105832100e-03
3.393124755859375000e+03 -2.576790051534771919e-03
3.373529296875000000e+03 -2.600621199235320091e-03
3.353684326171875000e+03 -2.621478401124477386e-03
3.333821289062500000e+03 -2.642749575898051262e-03
3.315140625000000000e+03 -2.653263974934816360e-03
3.296090820312500000e+03 -2.688465872779488564e-03
3.277729980468750000e+03 -2.706905594095587730e-03
3.259696289062500000e+03 -2.725940430536866188e-03
3.241244384765625000e+03 -2.748018363490700722e-03
3.224631347656250000e+03 -2.765703480690717697e-03
3.207738525390625000e+03 -2.789502963423728943e-03
3.191062011718750000e+03 -2.810953650623559952e-03
3.174812500000000000e+03 -2.826903248205780983e-03
3.159180908203125000e+03 -2.845278708264231682e-03
3.143657226562500000e+03 -2.859164495021104813e-03
3.128702392578125000e+03 -2.883421489968895912e-03
3.113865722656250000e+03 -2.903821179643273354e-03
3.099792480468750000e+03 -2.921119797974824905e-03
3.085869384765625000e+03 -2.932645147666335106e-03
3.072328613281250000e+03 -2.947846194729208946e-03
3.058873779296875000e+03 -2.970200963318347931e-03
3.046745361328125000e+03 -2.988001797348260880e-03
3.034303955078125000e+03 -3.001701086759567261e-03
3.022845458984375000e+03 -3.013796405866742134e-03
3.011355712890625000e+03 -3.027692670002579689e-03
3.000368408203125000e+03 -3.028671722859144211e-03
2.989791015625000000e+03 -3.063941141590476036e-03
2.979239746093750000e+03 -3.061509691178798676e-03
2.969652832031250000e+03 -3.064985387027263641e-03
2.960375488281250000e+03 -3.088543424382805824e-03
2.951347656250000000e+03 -3.094276646152138710e-03
2.942722900390625000e+03 -3.108522389084100723e-03
2.934509277343750000e+03 -3.125127404928207397e-03
2.926679687500000000e+03 -3.124687122181057930e-03
2.919339111328125000e+03 -3.134672297164797783e-03
2.912288330078125000e+03 -3.153371857479214668e-03
2.905489990234375000e+03 -3.159841988235712051e-03
2.899223388671875000e+03 -3.166012931615114212e-03
2.893343994140625000e+03 -3.174536861479282379e-03
2.887662841796875000e+03 -3.178105223923921585e-03
2.882488281250000000e+03 -3.186997957527637482e-03
2.877662109375000000e+03 -3.199253929778933525e-03
2.873125488281250000e+03 -3.203230444341897964e-03
2.868866210937500000e+03 -3.205778310075402260e-03
2.865021240234375000e+03 -3.212176030501723289e-03
2.861480712890625000e+03 -3.217305056750774384e-03
2.858156005859375000e+03 -3.222686937078833580e-03
2.855163330078125000e+03 -3.228141460567712784e-03
2.852537841796875000e+03 -3.229256952181458473e-03
2.850083251953125000e+03 -3.230305155739188194e-03
2.847920410156250000e+03 -3.235207172110676765e-03
2.846046630859375000e+03 -3.239505691453814507e-03
2.844355957031250000e+03 -3.241867525503039360e-03
2.842915283203125000e+03 -3.243589075282216072e-03
2.841658935546875000e+03 -3.244170220568776131e-03
2.840625976562500000e+03 -3.244991181418299675e-03
2.839773437500000000e+03 -3.247483633458614349e-03
2.839080810546875000e+03 -3.249125089496374130e-03
2.838516357421875000e+03 -3.248790046200156212e-03
2.838108398437500000e+03 -3.248620312660932541e-03
2.837810302734375000e+03 -3.249152796342968941e-03
2.837680908203125000e+03 -3.249621717259287834e-03
