5.652148925781250000e+03 0.000000000000000000e+00
5.632445800781250000e+03 -1.394765131408348680e-04
5.627520019531250000e+03 -1.454793527955189347e-04
5.622594238281250000e+03 -1.237495598616078496e-04
5.615205566406250000e+03 -1.069876743713393807e-04
5.612742675781250000e+03 -1.037312249536626041e-04
5.593039062500000000e+03 -1.114504557335749269e-04
5.573335937500000000e+03 -1.318022987106814981e-04
5.553632324218750000e+03 -1.591687469044700265e-04
5.533929199218750000e+03 -1.912318984977900982e-04
5.514225585937500000e+03 -2.266380906803533435e-04
5.494522460937500000e+03 -2.642106264829635620e-04
5.474819335937500000e+03 -3.026424965355545282e-04
5.469893554687500000e+03 -3.122159978374838829e-04
5.464967773437500000e+03 -3.217032353859394789e-04
5.457579101562500000e+03 -3.356631787028163671e-04
5.455116210937500000e+03 -3.402419679332524538e-04
5.450189941406250000e+03 -3.492138930596411228e-04
5.445264160156250000e+03 -3.579274052754044533e-04
5.437875488281250000e+03 -3.703814873006194830e-04
5.435412597656250000e+03 -3.744185669347643852e-04
5.415709472656250000e+03 -3.983610367868095636e-04
5.410783691406250000e+03 -4.024754452984780073e-04
5.405857910156250000e+03 -4.044143715873360634e-04
5.398468750000000000e+03 -3.999600012321025133e-04
5.396005859375000000e+03 -3.971473197452723980e-04
5.394774414062500000e+03 -3.955367428716272116e-04
5.393542968750000000e+03 -3.937105939257889986e-04
5.391695800781250000e+03 -3.896495327353477478e-04
5.391002929687500000e+03 -3.876113623846322298e-04
5.389963867187500000e+03 -3.831402573268860579e-04
5.388405273437500000e+03 -3.696209460031241179e-04
5.386846679687500000e+03 -3.542621852830052376e-04
5.385288085937500000e+03 -3.427525807637721300e-04
5.383729492187500000e+03 -3.359388792887330055e-04
5.381391601562500000e+03 -3.323607379570603371e-04
5.379053710937500000e+03 -3.325002908241003752e-04
5.376716308593750000e+03 -3.347416641190648079e-04
5.376302246093750000e+03 -3.351116029080003500e-04
5.356599121093750000e+03 -3.679718938656151295e-04
5.336895996093750000e+03 -4.022115317638963461e-04
5.317192382812500000e+03 -4.375820280984044075e-04
5.297489257812500000e+03 -4.742540477309376001e-04
5.277786132812500000e+03 -5.122257280163466930e-04
5.258082519531250000e+03 -5.514452350325882435e-04
5.238379394531250000e+03 -5.918538081459701061e-04
5.218676269531250000e+03 -6.333937053568661213e-04
5.198972656250000000e+03 -6.760092219337821007e-04
5.179269531250000000e+03 -7.196470978669822216e-04
5.159566406250000000e+03 -7.642558193765580654e-04
5.139863281250000000e+03 -8.097842801362276077e-04
5.120159667968750000e+03 -8.561808499507606030e-04
5.100456542968750000e+03 -9.033918031491339207e-04
5.080753417968750000e+03 -9.513603872619569302e-04
5.061049804687500000e+03 -1.000025658868253231e-03
5.041346679687500000e+03 -1.049321377649903297e-03
5.021643554687500000e+03 -1.099175657145678997e-03
5.001940429687500000e+03 -1.149510149843990803e-03
4.982236816406250000e+03 -1.200238941237330437e-03
4.962533691406250000e+03 -1.251267734915018082e-03
4.942830566406250000e+03 -1.302492339164018631e-03
4.923127441406250000e+03 -1.353796338662505150e-03
4.918201660156250000e+03 -1.366709824651479721e-03
4.913275878906250000e+03 -1.379558700136840343e-03
4.905886718750000000e+03 -1.398771302774548531e-03
4.903423828125000000e+03 -1.405196380801498890e-03
4.898498046875000000e+03 -1.417992403730750084e-03
4.893572265625000000e+03 -1.430770731531083584e-03
4.886183593750000000e+03 -1.449881470762193203e-03
4.883720703125000000e+03 -1.456270576454699039e-03
4.878794921875000000e+03 -1.468983478844165802e-03
4.873869140625000000e+03 -1.481673214584589005e-03
4.866480468750000000e+03 -1.500623300671577454e-03
4.864017578125000000e+03 -1.506943372078239918e-03
4.859091796875000000e+03 -1.519516925327479839e-03
4.854166015625000000e+03 -1.532056368887424469e-03
4.846777343750000000e+03 -1.550731481984257698e-03
4.844314453125000000e+03 -1.556951203383505344e-03
4.839388671875000000e+03 -1.569293322972953320e-03
4.834462890625000000e+03 -1.581535674631595612e-03
4.829536621093750000e+03 -1.593638793565332890e-03
4.824610839843750000e+03 -1.605522702448070049e-03
4.819685058593750000e+03 -1.617039204575121403e-03
4.814759277343750000e+03 -1.627829158678650856e-03
4.809833496093750000e+03 -1.637166133150458336e-03
4.804907714843750000e+03 -1.643652911297976971e-03
4.803676269531250000e+03 -1.644883188419044018e-03
4.802444824218750000e+03 -1.645850250497460365e-03
4.800597656250000000e+03 -1.646551536396145821e-03
4.797826660156250000e+03 -1.645526150241494179e-03
4.795056152343750000e+03 -1.641684677451848984e-03
4.792285156250000000e+03 -1.634104293771088123e-03
4.789514648437500000e+03 -1.621457864530384541e-03
4.786743652343750000e+03 -1.602584728971123695e-03
4.785204101562500000e+03 -1.589691033586859703e-03
4.780278320312500000e+03 -1.541845616884529591e-03
4.775352050781250000e+03 -1.499278936535120010e-03
4.770426269531250000e+03 -1.469163456931710243e-03
4.769194824218750000e+03 -1.462297746911644936e-03
4.767963378906250000e+03 -1.456530997529625893e-03
4.766116210937500000e+03 -1.449627336114645004e-03
4.765500488281250000e+03 -1.447453745640814304e-03
4.760574707031250000e+03 -1.437906525097787380e-03
4.755648437500000000e+03 -1.433209166862070560e-03
4.748259765625000000e+03 -1.432367949746549129e-03
4.745796875000000000e+03 -1.432633376680314541e-03
4.735945312500000000e+03 -1.437876140698790550e-03
4.726093750000000000e+03 -1.445126719772815704e-03
4.721167968750000000e+03 -1.449121395125985146e-03
4.716242187500000000e+03 -1.453337725251913071e-03
4.708853027343750000e+03 -1.459902850911021233e-03
4.706390136718750000e+03 -1.462124404497444630e-03
4.701464355468750000e+03 -1.466631307266652584e-03
4.696538574218750000e+03 -1.471168827265501022e-03
4.689149902343750000e+03 -1.477983780205249786e-03
4.686687011718750000e+03 -1.480271224863827229e-03
4.681761230468750000e+03 -1.484847627580165863e-03
4.676835449218750000e+03 -1.489410409703850746e-03
4.669446289062500000e+03 -1.496191718615591526e-03
4.666983398437500000e+03 -1.498481025919318199e-03
4.662057617187500000e+03 -1.503011560998857021e-03
4.657131835937500000e+03 -1.507529872469604015e-03
4.652206054687500000e+03 -1.512051676400005817e-03
4.647280273437500000e+03 -1.516593853011727333e-03
4.642354492187500000e+03 -1.521169906482100487e-03
4.637428710937500000e+03 -1.525719650089740753e-03
4.632502929687500000e+03 -1.530018867924809456e-03
4.627577148437500000e+03 -1.533681526780128479e-03
4.622650878906250000e+03 -1.536485622636973858e-03
4.617725097656250000e+03 -1.538600772619247437e-03
4.612799316406250000e+03 -1.540384604595601559e-03
4.607873535156250000e+03 -1.542149228043854237e-03
4.602947753906250000e+03 -1.544059370644390583e-03
4.598021972656250000e+03 -1.546173007227480412e-03
4.593096191406250000e+03 -1.548489439301192760e-03
4.588170410156250000e+03 -1.550966058857738972e-03
4.583244140625000000e+03 -1.553558395244181156e-03
4.578318359375000000e+03 -1.556209870614111423e-03
4.573392578125000000e+03 -1.558892894536256790e-03
4.568466796875000000e+03 -1.561563462018966675e-03
4.563541015625000000e+03 -1.564188511110842228e-03
4.558615234375000000e+03 -1.566720195114612579e-03
4.553689453125000000e+03 -1.569131272844970226e-03
4.548763671875000000e+03 -1.571374246850609779e-03
4.543837402343750000e+03 -1.573377521708607674e-03
4.542605957031250000e+03 -1.573880086652934551e-03
4.541374511718750000e+03 -1.574377180077135563e-03
4.539527343750000000e+03 -1.575080794282257557e-03
4.536756835937500000e+03 -1.576055772602558136e-03
4.533985839843750000e+03 -1.577113871462643147e-03
4.533293457031250000e+03 -1.577426097355782986e-03
4.532600585937500000e+03 -1.577763352543115616e-03
4.531561523437500000e+03 -1.578222028911113739e-03
4.530002929687500000e+03 -1.578402472659945488e-03
4.529060058593750000e+03 -1.577907940372824669e-03
4.527828613281250000e+03 -1.576296985149383545e-03
4.526597167968750000e+03 -1.573556917719542980e-03
4.525365722656250000e+03 -1.569889602251350880e-03
4.524134277343750000e+03 -1.565598649904131889e-03
4.522902832031250000e+03 -1.561002107337117195e-03
4.521671386718750000e+03 -1.556372968479990959e-03
4.520439941406250000e+03 -1.551915309391915798e-03
4.519208496093750000e+03 -1.547761145047843456e-03
4.517977050781250000e+03 -1.543982536531984806e-03
4.516745605468750000e+03 -1.540608587674796581e-03
4.515513671875000000e+03 -1.537645002827048302e-03
4.514282226562500000e+03 -1.535090850666165352e-03
4.513050781250000000e+03 -1.532956375740468502e-03
4.511819335937500000e+03 -1.531293732114136219e-03
4.510587890625000000e+03 -1.530317706055939198e-03
4.509356445312500000e+03 -1.531710848212242126e-03
4.509048828125000000e+03 -1.532876980490982533e-03
4.508740722656250000e+03 -1.534567680209875107e-03
4.508279296875000000e+03 -1.538277487270534039e-03
4.507817382812500000e+03 -1.541858073323965073e-03
4.507355468750000000e+03 -1.543906750157475471e-03
4.506893554687500000e+03 -1.541867968626320362e-03
4.506431640625000000e+03 -1.537525909952819347e-03
4.505970214843750000e+03 -1.532634254544973373e-03
4.505508300781250000e+03 -1.527679734863340855e-03
4.505046386718750000e+03 -1.522865961305797100e-03
4.504353515625000000e+03 -1.516240765340626240e-03
4.503314453125000000e+03 -1.507585053332149982e-03
4.501755859375000000e+03 -1.497106510214507580e-03
4.499417968750000000e+03 -1.485749380663037300e-03
4.497080078125000000e+03 -1.477228943258523941e-03
4.494742187500000000e+03 -1.470816554501652718e-03
4.492404296875000000e+03 -1.466046553105115891e-03
4.490066894531250000e+03 -1.462566666305065155e-03
4.489652832031250000e+03 -1.461854204535484314e-03
4.484727050781250000e+03 -1.458434504456818104e-03
4.479801269531250000e+03 -1.456482452340424061e-03
4.474875488281250000e+03 -1.455722958780825138e-03
4.469949707031250000e+03 -1.455759629607200623e-03
4.450246093750000000e+03 -1.460870145820081234e-03
4.430542968750000000e+03 -1.468447735533118248e-03
4.410839355468750000e+03 -1.477425801567733288e-03
4.391136230468750000e+03 -1.487137284129858017e-03
4.371432617187500000e+03 -1.497187535278499126e-03
4.361581054687500000e+03 -1.502272789366543293e-03
4.351729492187500000e+03 -1.507393200881779194e-03
4.346803710937500000e+03 -1.509965397417545319e-03
4.341877929687500000e+03 -1.512549817562103271e-03
4.336951660156250000e+03 -1.515139942057430744e-03
4.332025878906250000e+03 -1.517727039754390717e-03
4.327100097656250000e+03 -1.520294579677283764e-03
4.322174316406250000e+03 -1.522795530036091805e-03
4.317248535156250000e+03 -1.525085303001105785e-03
4.316017089843750000e+03 -1.525610452517867088e-03
4.314785644531250000e+03 -1.526105683296918869e-03
4.312938476562500000e+03 -1.526702893897891045e-03
4.312322753906250000e+03 -1.526862615719437599e-03
4.307396972656250000e+03 -1.526817097328603268e-03
4.302471191406250000e+03 -1.529413042590022087e-03
4.297544921875000000e+03 -1.532776164822280407e-03
4.292619140625000000e+03 -1.536302734166383743e-03
4.272916015625000000e+03 -1.550278393551707268e-03
4.253212402343750000e+03 -1.564089558087289333e-03
4.233509277343750000e+03 -1.577816903591156006e-03
4.213805664062500000e+03 -1.591553445905447006e-03
4.194102539062500000e+03 -1.605320605449378490e-03
4.174398925781250000e+03 -1.619145041331648827e-03
4.164547363281250000e+03 -1.626134384423494339e-03
4.154695800781250000e+03 -1.633117441087961197e-03
4.144844238281250000e+03 -1.640113303437829018e-03
4.134992675781250000e+03 -1.647115219384431839e-03
4.130066406250000000e+03 -1.650645048357546329e-03
4.125140625000000000e+03 -1.654159859754145145e-03
4.120214843750000000e+03 -1.657679094932973385e-03
4.115289062500000000e+03 -1.661199261434376240e-03
4.110363281250000000e+03 -1.664724899455904961e-03
4.105437500000000000e+03 -1.668239361606538296e-03
4.100511718750000000e+03 -1.671760925091803074e-03
4.095585693359375000e+03 -1.675283419899642467e-03
4.090659912109375000e+03 -1.678811851888895035e-03
4.085734130859375000e+03 -1.682327012531459332e-03
4.080808349609375000e+03 -1.685849740169942379e-03
4.075882324218750000e+03 -1.689373399131000042e-03
4.066030761718750000e+03 -1.696398132480680943e-03
4.058642089843750000e+03 -1.701686298474669456e-03
4.056178955078125000e+03 -1.703455578535795212e-03
4.051253173828125000e+03 -1.706991926766932011e-03
4.046327392578125000e+03 -1.710520591586828232e-03
4.041401611328125000e+03 -1.714062411338090897e-03
4.036475585937500000e+03 -1.717609236948192120e-03
4.031549804687500000e+03 -1.721167471259832382e-03
4.026624023437500000e+03 -1.724719069898128510e-03
4.021698242187500000e+03 -1.728288247250020504e-03
4.016772460937500000e+03 -1.731867785565555096e-03
4.011846435546875000e+03 -1.735462574288249016e-03
4.006920654296875000e+03 -1.739056548103690147e-03
4.001994873046875000e+03 -1.742674736306071281e-03
3.997069091796875000e+03 -1.746298163197934628e-03
3.992143066406250000e+03 -1.749944873154163361e-03
3.987217285156250000e+03 -1.753601711243391037e-03
3.982291503906250000e+03 -1.757267396897077560e-03
3.977365722656250000e+03 -1.760955899953842163e-03
3.972439697265625000e+03 -1.764652901329100132e-03
3.967513916015625000e+03 -1.768366899341344833e-03
3.962588134765625000e+03 -1.772095449268817902e-03
3.957662353515625000e+03 -1.775838667526841164e-03
3.952736572265625000e+03 -1.779595157131552696e-03
3.947810546875000000e+03 -1.783365500159561634e-03
3.942884765625000000e+03 -1.787147251889109612e-03
3.937958984375000000e+03 -1.790942740626633167e-03
3.933033203125000000e+03 -1.794749055989086628e-03
3.928107177734375000e+03 -1.798570039682090282e-03
3.923181396484375000e+03 -1.802399521693587303e-03
3.918255615234375000e+03 -1.806242158636450768e-03
3.915792724609375000e+03 -1.808172557502985001e-03
3.913329833984375000e+03 -1.810101559385657310e-03
3.909635498046875000e+03 -1.813003327697515488e-03
3.904093750000000000e+03 -1.817352371290326118e-03
3.898552246093750000e+03 -1.821719110012054443e-03
3.896089355468750000e+03 -1.823670812882483006e-03
3.893626464843750000e+03 -1.825620769523084164e-03
3.889932128906250000e+03 -1.828549080528318882e-03
3.884390380859375000e+03 -1.832942711189389229e-03
3.878848876953125000e+03 -1.837356016039848328e-03
3.873923095703125000e+03 -1.841296791099011898e-03
3.868997314453125000e+03 -1.845238963142037392e-03
3.864071289062500000e+03 -1.849191146902740002e-03
3.859145507812500000e+03 -1.853154040873050690e-03
3.854219726562500000e+03 -1.857127994298934937e-03
3.849293945312500000e+03 -1.861106953583657742e-03
3.844368164062500000e+03 -1.865097670815885067e-03
3.839442138671875000e+03 -1.869097235612571239e-03
3.834516357421875000e+03 -1.873106812126934528e-03
3.830822021484375000e+03 -1.876118476502597332e-03
3.827127685546875000e+03 -1.879138289950788021e-03
3.821586181640625000e+03 -1.883671036921441555e-03
3.819738769531250000e+03 -1.885193050839006901e-03
3.814812988281250000e+03 -1.889237668365240097e-03
3.811118652343750000e+03 -1.892275991849601269e-03
3.811069091796875000e+03 -1.892324886284768581e-03
3.810961914062500000e+03 -1.892412197776138783e-03
3.810807861328125000e+03 -1.892539905384182930e-03
3.810669189453125000e+03 -1.892654923722147942e-03
3.810461181640625000e+03 -1.892827218398451805e-03
3.810149169921875000e+03 -1.893085311166942120e-03
3.809680908203125000e+03 -1.893472159281373024e-03
3.809570312500000000e+03 -1.893564010970294476e-03
3.809466064453125000e+03 -1.893650158308446407e-03
3.809372314453125000e+03 -1.893727690912783146e-03
3.809231689453125000e+03 -1.893843989819288254e-03
3.809020996093750000e+03 -1.894018379971385002e-03
3.808862792968750000e+03 -1.894149230793118477e-03
3.808704589843750000e+03 -1.894280081614851952e-03
3.808546386718750000e+03 -1.894410932436585426e-03
3.808388183593750000e+03 -1.894541783258318901e-03
3.808230224609375000e+03 -1.894672634080052376e-03
3.808072021484375000e+03 -1.894803601317107677e-03
3.807913818359375000e+03 -1.894934452138841152e-03
3.807755615234375000e+03 -1.895065302960574627e-03
3.807597412109375000e+03 -1.895196270197629929e-03
3.807439208984375000e+03 -1.895327121019363403e-03
3.807281250000000000e+03 -1.895457971841096878e-03
3.807123046875000000e+03 -1.895588939078152180e-03
3.806964843750000000e+03 -1.895719789899885654e-03
3.806806640625000000e+03 -1.895850757136940956e-03
3.806648437500000000e+03 -1.895981607958674431e-03
3.806490234375000000e+03 -1.896112575195729733e-03
3.806332275390625000e+03 -1.896243542432785034e-03
3.806174072265625000e+03 -1.896374509669840336e-03
3.806055419921875000e+03 -1.896472647786140442e-03
3.805936767578125000e+03 -1.896570902317762375e-03
3.805818115234375000e+03 -1.896669156849384308e-03
3.805699462890625000e+03 -1.896767411381006241e-03
3.805580810546875000e+03 -1.896865549497306347e-03
3.805462402343750000e+03 -1.896963804028928280e-03
3.805343750000000000e+03 -1.897062058560550213e-03
3.805225097656250000e+03 -1.897160313092172146e-03
3.805106445312500000e+03 -1.897258451208472252e-03
3.804987792968750000e+03 -1.897356705740094185e-03
3.804869140625000000e+03 -1.897454960271716118e-03
3.804750488281250000e+03 -1.897553214803338051e-03
3.804631835937500000e+03 -1.897651469334959984e-03
3.804513427734375000e+03 -1.897749723866581917e-03
3.804394775390625000e+03 -1.897847978398203850e-03
3.804276123046875000e+03 -1.897946232929825783e-03
3.804157470703125000e+03 -1.898044487461447716e-03
3.804038818359375000e+03 -1.898142741993069649e-03
3.803920166015625000e+03 -1.898240996524691582e-03
3.803801513671875000e+03 -1.898339251056313515e-03
3.803682861328125000e+03 -1.898437505587935448e-03
3.803564453125000000e+03 -1.898535760119557381e-03
3.803445800781250000e+03 -1.898634014651179314e-03
3.803327148437500000e+03 -1.898732385598123074e-03
3.803208496093750000e+03 -1.898830640129745007e-03
3.803089843750000000e+03 -1.898928894661366940e-03
3.802971191406250000e+03 -1.899027149192988873e-03
3.802852539062500000e+03 -1.899125520139932632e-03
3.802734130859375000e+03 -1.899223774671554565e-03
3.802615478515625000e+03 -1.899322029203176498e-03
3.802496826171875000e+03 -1.899420400150120258e-03
3.802378173828125000e+03 -1.899518654681742191e-03
3.802259521484375000e+03 -1.899617025628685951e-03
3.802140869140625000e+03 -1.899715280160307884e-03
3.802022216796875000e+03 -1.899813651107251644e-03
3.801903564453125000e+03 -1.899911905638873577e-03
3.801785156250000000e+03 -1.900010276585817337e-03
3.801666503906250000e+03 -1.900108647532761097e-03
3.801547851562500000e+03 -1.900206902064383030e-03
3.801429199218750000e+03 -1.900305273011326790e-03
3.801310546875000000e+03 -1.900403643958270550e-03
3.801191894531250000e+03 -1.900501898489892483e-03
3.801073242187500000e+03 -1.900600269436836243e-03
3.800954589843750000e+03 -1.900698640383780003e-03
3.800836181640625000e+03 -1.900797011330723763e-03
3.800717529296875000e+03 -1.900895382277667522e-03
3.800598876953125000e+03 -1.900993753224611282e-03
3.800480224609375000e+03 -1.901092007756233215e-03
3.800391357421875000e+03 -1.901165815070271492e-03
3.800302246093750000e+03 -1.901239622384309769e-03
3.800213378906250000e+03 -1.901313429698348045e-03
3.800124267578125000e+03 -1.901387237012386322e-03
3.800035644531250000e+03 -1.901460811495780945e-03
3.798803955078125000e+03 -1.902478863485157490e-03
3.797572509765625000e+03 -1.903499010950326920e-03
3.795725341796875000e+03 -1.905030454508960247e-03
3.792954589843750000e+03 -1.907328609377145767e-03
3.790876464843750000e+03 -1.909053069539368153e-03
3.790868408203125000e+03 -1.909050974063575268e-03
3.790761718750000000e+03 -1.909151789732277393e-03
3.790646240234375000e+03 -1.909248181618750095e-03
3.790576904296875000e+03 -1.909306040033698082e-03
3.790438232421875000e+03 -1.909421756863594055e-03
3.790368896484375000e+03 -1.909479498863220215e-03
3.790229980468750000e+03 -1.909595099277794361e-03
3.790160644531250000e+03 -1.909652957692742348e-03
3.790021972656250000e+03 -1.909768558107316494e-03
3.789952636718750000e+03 -1.909826300106942654e-03
3.789883300781250000e+03 -1.909884042106568813e-03
3.789744628906250000e+03 -1.909999642521142960e-03
3.789675292968750000e+03 -1.910057384520769119e-03
3.789536621093750000e+03 -1.910172984935343266e-03
3.789467285156250000e+03 -1.910230726934969425e-03
3.789328613281250000e+03 -1.910346327349543571e-03
3.789259277343750000e+03 -1.910404069349169731e-03
3.789189941406250000e+03 -1.910461811348795891e-03
3.789051269531250000e+03 -1.910577411763370037e-03
3.788981933593750000e+03 -1.910635153762996197e-03
3.788843261718750000e+03 -1.910750754177570343e-03
3.788773681640625000e+03 -1.910808612592518330e-03
3.788704345703125000e+03 -1.910866354592144489e-03
3.788565673828125000e+03 -1.910981955006718636e-03
3.788496337890625000e+03 -1.911039697006344795e-03
3.788357666015625000e+03 -1.911155297420918941e-03
3.788288330078125000e+03 -1.911213155835866928e-03
3.788149658203125000e+03 -1.911328756250441074e-03
3.788080322265625000e+03 -1.911386498250067234e-03
3.788010986328125000e+03 -1.911444356665015221e-03
3.787872314453125000e+03 -1.911559957079589367e-03
3.787802978515625000e+03 -1.911617815494537354e-03
3.787664306640625000e+03 -1.911733415909111500e-03
3.787594970703125000e+03 -1.911791157908737659e-03
3.787456298828125000e+03 -1.911906874738633633e-03
3.787386718750000000e+03 -1.911964616738259792e-03
3.787317382812500000e+03 -1.912022475153207779e-03
3.787178710937500000e+03 -1.912138075567781925e-03
3.787109375000000000e+03 -1.912195933982729912e-03
3.786970703125000000e+03 -1.912311534397304058e-03
3.786901367187500000e+03 -1.912369392812252045e-03
3.786832031250000000e+03 -1.912427134811878204e-03
3.786693359375000000e+03 -1.912542851641774178e-03
3.786624023437500000e+03 -1.912600710056722164e-03
3.786485351562500000e+03 -1.912716310471296310e-03
3.786416015625000000e+03 -1.912774168886244297e-03
3.786277343750000000e+03 -1.912889885716140270e-03
3.786208007812500000e+03 -1.912947627715766430e-03
3.786138671875000000e+03 -1.913005486130714417e-03
3.786000000000000000e+03 -1.913121202960610390e-03
3.785930419921875000e+03 -1.913179061375558376e-03
3.785791748046875000e+03 -1.913294661790132523e-03
3.785722412109375000e+03 -1.913352520205080509e-03
3.785583740234375000e+03 -1.913468237034976482e-03
3.785514404296875000e+03 -1.913526095449924469e-03
3.785445068359375000e+03 -1.913583953864872456e-03
3.785306396484375000e+03 -1.913699670694768429e-03
3.785237060546875000e+03 -1.913757529109716415e-03
3.785098388671875000e+03 -1.913873245939612389e-03
3.785029052734375000e+03 -1.913931104354560375e-03
3.784959716796875000e+03 -1.913988962769508362e-03
3.784821044921875000e+03 -1.914104679599404335e-03
3.784751708984375000e+03 -1.914162538014352322e-03
3.784613037109375000e+03 -1.914278254844248295e-03
3.784543701171875000e+03 -1.914336113259196281e-03
3.784404785156250000e+03 -1.914451830089092255e-03
3.784335449218750000e+03 -1.914509688504040241e-03
3.784266113281250000e+03 -1.914567546918988228e-03
3.784127441406250000e+03 -1.914683380164206028e-03
3.784058105468750000e+03 -1.914741238579154015e-03
3.783919433593750000e+03 -1.914856955409049988e-03
3.783850097656250000e+03 -1.914914813823997974e-03
3.783711425781250000e+03 -1.915030647069215775e-03
3.783642089843750000e+03 -1.915088505484163761e-03
3.783572753906250000e+03 -1.915146363899111748e-03
3.783434082031250000e+03 -1.915262197144329548e-03
3.783364746093750000e+03 -1.915320055559277534e-03
3.783226074218750000e+03 -1.915435888804495335e-03
3.783156738281250000e+03 -1.915493747219443321e-03
3.783087158203125000e+03 -1.915551605634391308e-03
3.782948486328125000e+03 -1.915667438879609108e-03
3.782879150390625000e+03 -1.915725297294557095e-03
3.782740478515625000e+03 -1.915841130539774895e-03
3.782671142578125000e+03 -1.915898988954722881e-03
3.782532470703125000e+03 -1.916014822199940681e-03
3.782463134765625000e+03 -1.916072797030210495e-03
3.782393798828125000e+03 -1.916130655445158482e-03
3.782255126953125000e+03 -1.916246488690376282e-03
3.782185791015625000e+03 -1.916304347105324268e-03
3.782047119140625000e+03 -1.916420180350542068e-03
3.781977783203125000e+03 -1.916478155180811882e-03
3.781908447265625000e+03 -1.916536013595759869e-03
3.781769775390625000e+03 -1.916651963256299496e-03
3.781700439453125000e+03 -1.916709821671247482e-03
3.781561523437500000e+03 -1.916825654916465282e-03
3.781492187500000000e+03 -1.916883629746735096e-03
3.781353515625000000e+03 -1.916999462991952896e-03
3.781284179687500000e+03 -1.917057437822222710e-03
3.781214843750000000e+03 -1.917115296237170696e-03
3.781076171875000000e+03 -1.917231245897710323e-03
3.781006835937500000e+03 -1.917289220727980137e-03
3.780868164062500000e+03 -1.917405053973197937e-03
3.780798828125000000e+03 -1.917463028803467751e-03
3.780660156250000000e+03 -1.917578862048685551e-03
3.780590820312500000e+03 -1.917636836878955364e-03
3.780521484375000000e+03 -1.917694811709225178e-03
3.780382812500000000e+03 -1.917810644954442978e-03
3.780332275390625000e+03 -1.917852903716266155e-03
3.779100830078125000e+03 -1.918878639116883278e-03
3.777869384765625000e+03 -1.919906586408615112e-03
3.776021972656250000e+03 -1.921451766975224018e-03
3.774174804687500000e+03 -1.922995201312005520e-03
3.772327636718750000e+03 -1.924539916217327118e-03
3.772240966796875000e+03 -1.924616517499089241e-03
3.772094726562500000e+03 -1.924738753587007523e-03
3.771990722656250000e+03 -1.924826065078377724e-03
3.771834472656250000e+03 -1.924956915900111198e-03
3.771717529296875000e+03 -1.925055170431733131e-03
3.771644287109375000e+03 -1.925116637721657753e-03
3.771540283203125000e+03 -1.925204065628349781e-03
3.771392089843750000e+03 -1.925328280776739120e-03
3.771318115234375000e+03 -1.925390446558594704e-03
3.771262451171875000e+03 -1.925437129102647305e-03
3.771137451171875000e+03 -1.925541902892291546e-03
3.771054199218750000e+03 -1.925611868500709534e-03
3.770970947265625000e+03 -1.925681834109127522e-03
3.770845947265625000e+03 -1.925786607898771763e-03
3.770762695312500000e+03 -1.925856573507189751e-03
3.770637695312500000e+03 -1.925961463712155819e-03
3.770554443359375000e+03 -1.926031429320573807e-03
3.770470947265625000e+03 -1.926101278513669968e-03
3.770345947265625000e+03 -1.926206168718636036e-03
3.770262695312500000e+03 -1.926276134327054024e-03
3.770179443359375000e+03 -1.926346099935472012e-03
3.770054443359375000e+03 -1.926450990140438080e-03
3.769971191406250000e+03 -1.926520955748856068e-03
3.769887939453125000e+03 -1.926590804941952229e-03
3.769762939453125000e+03 -1.926695811562240124e-03
3.769679443359375000e+03 -1.926765660755336285e-03
3.769554687500000000e+03 -1.926870667375624180e-03
3.769471191406250000e+03 -1.926940632984042168e-03
3.769387939453125000e+03 -1.927010482177138329e-03
3.769262939453125000e+03 -1.927115488797426224e-03
3.769179687500000000e+03 -1.927185454405844212e-03
3.769096435546875000e+03 -1.927255420014262199e-03
3.768971435546875000e+03 -1.927360310219228268e-03
3.768888183593750000e+03 -1.927430275827646255e-03
3.768804687500000000e+03 -1.927500241436064243e-03
3.768679931640625000e+03 -1.927605248056352139e-03
3.768596435546875000e+03 -1.927675213664770126e-03
3.768471435546875000e+03 -1.927780103869736195e-03
3.768388183593750000e+03 -1.927850185893476009e-03
3.768304931640625000e+03 -1.927920151501893997e-03
3.768179931640625000e+03 -1.928025041706860065e-03
3.768096679687500000e+03 -1.928095123730599880e-03
3.768013427734375000e+03 -1.928165089339017868e-03
3.767888427734375000e+03 -1.928270095959305763e-03
3.767805175781250000e+03 -1.928340061567723751e-03
3.767721679687500000e+03 -1.928410027176141739e-03
3.767596679687500000e+03 -1.928515033796429634e-03
3.767513427734375000e+03 -1.928584999404847622e-03
3.767388427734375000e+03 -1.928690006025135517e-03
3.767305175781250000e+03 -1.928759971633553505e-03
3.767221923828125000e+03 -1.928830053657293320e-03
3.767096923828125000e+03 -1.928935060277581215e-03
3.767013671875000000e+03 -1.929005025885999203e-03
3.766930175781250000e+03 -1.929075107909739017e-03
3.766805419921875000e+03 -1.929180114530026913e-03
3.766721923828125000e+03 -1.929250080138444901e-03
3.766597167968750000e+03 -1.929355086758732796e-03
3.766513671875000000e+03 -1.929425168782472610e-03
3.766430419921875000e+03 -1.929495134390890598e-03
3.766305419921875000e+03 -1.929600257426500320e-03
3.766222167968750000e+03 -1.929670223034918308e-03
3.766138916015625000e+03 -1.929740305058658123e-03
3.766013916015625000e+03 -1.929845311678946018e-03
3.765930664062500000e+03 -1.929915393702685833e-03
3.765847167968750000e+03 -1.929985475726425648e-03
3.765722167968750000e+03 -1.930090482346713543e-03
3.765638916015625000e+03 -1.930160564370453358e-03
3.765513916015625000e+03 -1.930265570990741253e-03
3.765430664062500000e+03 -1.930335653014481068e-03
3.765347412109375000e+03 -1.930405735038220882e-03
3.765222412109375000e+03 -1.930510741658508778e-03
3.765139160156250000e+03 -1.930580823682248592e-03
3.765055908203125000e+03 -1.930650905705988407e-03
3.764930908203125000e+03 -1.930756028741598129e-03
3.764847412109375000e+03 -1.930826110765337944e-03
3.764764160156250000e+03 -1.930896076373755932e-03
3.764639160156250000e+03 -1.931001199409365654e-03
3.764555908203125000e+03 -1.931071281433105469e-03
3.764430908203125000e+03 -1.931176404468715191e-03
3.764347656250000000e+03 -1.931246486492455006e-03
3.764264404296875000e+03 -1.931316568516194820e-03
3.764139404296875000e+03 -1.931421691551804543e-03
3.764056152343750000e+03 -1.931491773575544357e-03
3.763972656250000000e+03 -1.931561855599284172e-03
3.763847656250000000e+03 -1.931666978634893894e-03
3.763764404296875000e+03 -1.931737060658633709e-03
3.763681152343750000e+03 -1.931807142682373524e-03
3.763556152343750000e+03 -1.931912382133305073e-03
3.763472900390625000e+03 -1.931982464157044888e-03
3.763347900390625000e+03 -1.932087587192654610e-03
3.763264648437500000e+03 -1.932157669216394424e-03
3.763181396484375000e+03 -1.932227751240134239e-03
3.763056396484375000e+03 -1.932332990691065788e-03
3.762972900390625000e+03 -1.932403072714805603e-03
3.762889648437500000e+03 -1.932473154738545418e-03
3.762764648437500000e+03 -1.932578394189476967e-03
3.762681396484375000e+03 -1.932648476213216782e-03
3.762598144531250000e+03 -1.932718674652278423e-03
3.762473144531250000e+03 -1.932823797687888145e-03
3.762389892578125000e+03 -1.932893879711627960e-03
3.762264892578125000e+03 -1.932999119162559509e-03
3.762181640625000000e+03 -1.933069317601621151e-03
3.762098144531250000e+03 -1.933139399625360966e-03
3.761973388671875000e+03 -1.933244639076292515e-03
3.761889892578125000e+03 -1.933314721100032330e-03
3.761806640625000000e+03 -1.933384919539093971e-03
3.761681640625000000e+03 -1.933490158990025520e-03
3.761598388671875000e+03 -1.933560241013765335e-03
3.761515136718750000e+03 -1.933630439452826977e-03
3.761390136718750000e+03 -1.933735678903758526e-03
3.761306884765625000e+03 -1.933805760927498341e-03
3.761181884765625000e+03 -1.933911000378429890e-03
3.761098388671875000e+03 -1.933981198817491531e-03
3.761015136718750000e+03 -1.934051397256553173e-03
3.760890136718750000e+03 -1.934156636707484722e-03
3.760806884765625000e+03 -1.934226835146546364e-03
3.760723632812500000e+03 -1.934296917170286179e-03
3.760628906250000000e+03 -1.934376778081059456e-03
3.758166015625000000e+03 -1.936445711180567741e-03
3.755703125000000000e+03 -1.938516390509903431e-03
3.753239990234375000e+03 -1.940590562298893929e-03
3.753211181640625000e+03 -1.940590562298893929e-03
