5.652143066406250000e+03 0.000000000000000000e+00
5.644698242187500000e+03 -5.141156361787579954e-05
5.633854492187500000e+03 -7.591148460051044822e-05
5.627380371093750000e+03 -7.533742609666660428e-05
5.620906738281250000e+03 -7.753111276542767882e-05
5.614432617187500000e+03 -8.108292968245223165e-05
5.607958496093750000e+03 -8.562255243305116892e-05
5.601484863281250000e+03 -9.102648618863895535e-05
5.595010742187500000e+03 -9.720741945784538984e-05
5.588536621093750000e+03 -1.041051218635402620e-04
5.582062988281250000e+03 -1.116665807785466313e-04
5.575588867187500000e+03 -1.198433601530268788e-04
5.569114746093750000e+03 -1.285905309487134218e-04
5.562641113281250000e+03 -1.378660090267658234e-04
5.556166992187500000e+03 -1.476300240028649569e-04
5.549693359375000000e+03 -1.578446244820952415e-04
5.543219238281250000e+03 -1.684732706053182483e-04
5.536745117187500000e+03 -1.794802956283092499e-04
5.530271484375000000e+03 -1.908304693643003702e-04
5.523797363281250000e+03 -2.024884743150323629e-04
5.517323242187500000e+03 -2.144192112609744072e-04
5.510849609375000000e+03 -2.265841176267713308e-04
5.504375488281250000e+03 -2.389442961430177093e-04
5.497901855468750000e+03 -2.514598600100725889e-04
5.491427734375000000e+03 -2.640851307660341263e-04
5.484953613281250000e+03 -2.767705591395497322e-04
5.478479980468750000e+03 -2.894605859182775021e-04
5.472005859375000000e+03 -3.020921431016176939e-04
5.465532226562500000e+03 -3.145920345559716225e-04
5.459058105468750000e+03 -3.268700384069234133e-04
5.452583984375000000e+03 -3.388173354323953390e-04
5.446110351562500000e+03 -3.502762992866337299e-04
5.439636230468750000e+03 -3.609786799643188715e-04
5.433162597656250000e+03 -3.703499969560652971e-04
5.426688476562500000e+03 -3.768490569200366735e-04
5.420214355468750000e+03 -3.748919116333127022e-04
5.418595703125000000e+03 -3.682204696815460920e-04
5.410812500000000000e+03 -2.817981003317981958e-04
5.401933105468750000e+03 -2.944774751085788012e-04
5.395459472656250000e+03 -3.039608418475836515e-04
5.388985351562500000e+03 -3.136439190711826086e-04
5.382511230468750000e+03 -3.235212934669107199e-04
5.376037597656250000e+03 -3.335881629027426243e-04
5.369563476562500000e+03 -3.438406274653971195e-04
5.363089355468750000e+03 -3.542750782798975706e-04
5.356615722656250000e+03 -3.648877318482846022e-04
5.350141601562500000e+03 -3.756749210879206657e-04
5.343667968750000000e+03 -3.866330371238291264e-04
5.337193847656250000e+03 -3.977649903390556574e-04
5.330719726562500000e+03 -4.090490983799099922e-04
5.324246093750000000e+03 -4.205039003863930702e-04
5.317771972656250000e+03 -4.321110609453171492e-04
5.311298339843750000e+03 -4.438718897290527821e-04
5.304824218750000000e+03 -4.557836218737065792e-04
5.298350097656250000e+03 -4.678431432694196701e-04
5.291876464843750000e+03 -4.800475435331463814e-04
5.285402343750000000e+03 -4.923939704895019531e-04
5.278928222656250000e+03 -5.048795719631016254e-04
5.272454589843750000e+03 -5.175017286092042923e-04
5.265980468750000000e+03 -5.302578210830688477e-04
5.259506835937500000e+03 -5.431454046629369259e-04
5.253032714843750000e+03 -5.561619182117283344e-04
5.246558593750000000e+03 -5.693050334230065346e-04
5.240084960937500000e+03 -5.825724801979959011e-04
5.233610839843750000e+03 -5.959619302302598953e-04
5.227137207031250000e+03 -6.094711716286838055e-04
5.220663085937500000e+03 -6.230981671251356602e-04
5.214188964843750000e+03 -6.368408212438225746e-04
5.207715332031250000e+03 -6.506969803012907505e-04
5.201241210937500000e+03 -6.646647234447300434e-04
5.194767578125000000e+03 -6.787420716136693954e-04
5.188293457031250000e+03 -6.929271039552986622e-04
5.181819335937500000e+03 -7.072178414091467857e-04
5.175345703125000000e+03 -7.216124213300645351e-04
5.168871582031250000e+03 -7.361089228652417660e-04
5.162397949218750000e+03 -7.507055415771901608e-04
5.155923828125000000e+03 -7.654002984054386616e-04
5.149449707031250000e+03 -7.801913307048380375e-04
5.142976074218750000e+03 -7.950768340378999710e-04
5.136501953125000000e+03 -8.100547129288315773e-04
5.130028320312500000e+03 -8.251231629401445389e-04
5.123554199218750000e+03 -8.402802050113677979e-04
5.117080078125000000e+03 -8.555238018743693829e-04
5.110606445312500000e+03 -8.708519744686782360e-04
5.104132324218750000e+03 -8.862625691108405590e-04
5.097658691406250000e+03 -9.017534903250634670e-04
5.091184570312500000e+03 -9.173226426355540752e-04
5.084710937500000000e+03 -9.329676977358758450e-04
5.078236816406250000e+03 -9.486863855272531509e-04
5.071762695312500000e+03 -9.644764941185712814e-04
5.065289062500000000e+03 -9.803354041650891304e-04
5.058814941406250000e+03 -9.962609037756919861e-04
5.052341308593750000e+03 -1.012250198982656002e-03
5.045867187500000000e+03 -1.028300961479544640e-03
5.039393066406250000e+03 -1.044410280883312225e-03
5.032919433593750000e+03 -1.060575596056878567e-03
5.026445312500000000e+03 -1.076793996617197990e-03
5.019971679687500000e+03 -1.093062455765902996e-03
5.013497558593750000e+03 -1.109378179535269737e-03
5.011209472656250000e+03 -1.115160761401057243e-03
5.004641601562500000e+03 -1.131773111410439014e-03
4.998233886718750000e+03 -1.148020382970571518e-03
4.991799804687500000e+03 -1.164370449259877205e-03
4.985326660156250000e+03 -1.180851832032203674e-03
4.978835449218750000e+03 -1.197410165332257748e-03
4.972361328125000000e+03 -1.213949872180819511e-03
4.965903320312500000e+03 -1.230471883900463581e-03
4.959427246093750000e+03 -1.247057109139859676e-03
4.952958496093750000e+03 -1.263635000213980675e-03
4.946480468750000000e+03 -1.279752701520919800e-03
4.940002929687500000e+03 -1.292158500291407108e-03
4.934821289062500000e+03 -1.302074757404625416e-03
