5.652148925781250000e+03 0.000000000000000000e+00
5.652145019531250000e+03 -4.183261737011889636e-08
5.652118164062500000e+03 -3.293863812814379344e-07
5.652053222656250000e+03 -1.019458181872323621e-06
5.651917968750000000e+03 -2.443733364998479374e-06
5.651715332031250000e+03 -4.571526460495078936e-06
5.651421386718750000e+03 -7.654796718270517886e-06
5.650981445312500000e+03 -1.226368203788297251e-05
5.650446289062500000e+03 -1.785851964086759835e-05
5.649709960937500000e+03 -2.555282480898313224e-05
5.648870117187500000e+03 -3.431868390180170536e-05
5.647770019531250000e+03 -4.578244261210784316e-05
5.646565429687500000e+03 -5.832143506268039346e-05
5.645040039062500000e+03 -7.417312735924497247e-05
5.643415039062500000e+03 -9.102220064960420132e-05
5.641406250000000000e+03 -1.118019936257041991e-04
5.639310546875000000e+03 -1.334145781584084034e-04
5.636971679687500000e+03 -1.574391353642567992e-04
5.634151855468750000e+03 -1.862469362094998360e-04
5.631274414062500000e+03 -2.154190588044002652e-04
5.627848632812500000e+03 -2.497470995876938105e-04
5.624392089843750000e+03 -2.837364154402166605e-04
5.620317871093750000e+03 -3.224543470423668623e-04
5.616245117187500000e+03 -3.587006358429789543e-04
5.611485351562500000e+03 -3.956120635848492384e-04
5.606763671875000000e+03 -4.235288361087441444e-04
5.601719726562500000e+03 -4.430553235579282045e-04
5.595885253906250000e+03 -4.560423840302973986e-04
5.590150878906250000e+03 -4.633147909771651030e-04
5.583554687500000000e+03 -4.689100314863026142e-04
5.577106445312500000e+03 -4.736579721793532372e-04
5.569725097656250000e+03 -4.793752450495958328e-04
5.562542480468750000e+03 -4.855991282965987921e-04
5.554356445312500000e+03 -4.935383913107216358e-04
5.546422851562500000e+03 -5.020097596570849419e-04
5.537415527343750000e+03 -5.124238668940961361e-04
5.528717773437500000e+03 -5.231842515058815479e-04
5.519649414062500000e+03 -5.351479630917310715e-04
5.509404785156250000e+03 -5.500800325535237789e-04
5.499558593750000000e+03 -5.675376742146909237e-04
5.488467773437500000e+03 -5.953976651653647423e-04
5.477837890625000000e+03 -6.364058936014771461e-04
5.465896484375000000e+03 -6.953363772481679916e-04
5.454480468750000000e+03 -6.893214886076748371e-04
5.441687988281250000e+03 -7.401714101433753967e-04
5.429486328125000000e+03 -7.769820513203740120e-04
5.416908691406250000e+03 -8.182621677406132221e-04
5.402859863281250000e+03 -8.653053664602339268e-04
5.389502441406250000e+03 -9.113679989241063595e-04
5.374611816406250000e+03 -9.608825785107910633e-04
5.360481933593750000e+03 -1.009213272482156754e-03
5.344759277343750000e+03 -1.062695751897990704e-03
5.329865722656250000e+03 -1.112560858018696308e-03
5.313322753906250000e+03 -1.168330898508429527e-03
5.297678222656250000e+03 -1.220568548887968063e-03
5.280329101562500000e+03 -1.278123352676630020e-03
5.263948242187500000e+03 -1.332672312855720520e-03
5.247219726562500000e+03 -1.388403237797319889e-03
5.228709472656250000e+03 -1.450276584364473820e-03
5.211269531250000000e+03 -1.508765621110796928e-03
5.191999511718750000e+03 -1.573020243085920811e-03
5.173868652343750000e+03 -1.632290659472346306e-03
5.153861328125000000e+03 -1.693837693892419338e-03
5.135061035156250000e+03 -1.738654682412743568e-03
5.114340820312500000e+03 -1.672388985753059387e-03
5.094894531250000000e+03 -1.552984816953539848e-03
5.075147949218750000e+03 -1.595110399648547173e-03
5.053423339843750000e+03 -1.642902730964124203e-03
5.033069335937500000e+03 -1.688336255028843880e-03
5.010701660156250000e+03 -1.717284903861582279e-03
4.989769042968750000e+03 -1.735799596644937992e-03
4.966789550781250000e+03 -1.742040039971470833e-03
4.945307128906250000e+03 -1.740671577863395214e-03
4.921749023437500000e+03 -1.723325462080538273e-03
4.899748535156250000e+03 -1.800254220142960548e-03
4.875646484375000000e+03 -1.879732124507427216e-03
4.853159179687500000e+03 -1.878624199889600277e-03
4.830451171875000000e+03 -1.909069949761033058e-03
4.805609375000000000e+03 -1.941213267855346203e-03
4.782465332031250000e+03 -1.983197173103690147e-03
4.757170898437500000e+03 -2.033128170296549797e-03
4.733625976562500000e+03 -2.073368988931179047e-03
4.707916992187500000e+03 -2.115508075803518295e-03
4.684008300781250000e+03 -2.158932154998183250e-03
4.657925292968750000e+03 -2.212621970102190971e-03
4.633689453125000000e+03 -2.260200213640928268e-03
4.609310546875000000e+03 -2.302381210029125214e-03
4.582748046875000000e+03 -2.349011600017547607e-03
4.558099121093750000e+03 -2.399041317403316498e-03
4.531265136718750000e+03 -2.452285727486014366e-03
4.506384765625000000e+03 -2.501337090507149696e-03
4.479321777343750000e+03 -2.556385472416877747e-03
4.454250000000000000e+03 -2.608519280329346657e-03
4.427001464843750000e+03 -2.665098058059811592e-03
4.401778320312500000e+03 -2.716419985517859459e-03
4.374387695312500000e+03 -2.770800143480300903e-03
4.349053710937500000e+03 -2.819314831867814064e-03
4.323681152343750000e+03 -2.864230191335082054e-03
4.296161132812500000e+03 -2.904430031776428223e-03
4.270737792968750000e+03 -2.926501911133527756e-03
4.243052734375000000e+03 -2.920677186921238899e-03
4.218214843750000000e+03 -2.875196281820535660e-03
4.191998046875000000e+03 -2.743828110396862030e-03
4.190654296875000000e+03 -2.794264350086450577e-03
