5.652143066406250000e+03 0.000000000000000000e+00
5.645106445312500000e+03 -5.316363603924401104e-05
5.638069824218750000e+03 -9.763073467183858156e-05
5.627514160156250000e+03 -1.113397156586870551e-04
5.623995605468750000e+03 -1.079139619832858443e-04
5.595848144531250000e+03 -1.118551226682029665e-04
5.567700683593750000e+03 -1.411227567587047815e-04
5.539553222656250000e+03 -1.837371091824024916e-04
5.511405273437500000e+03 -2.340871287742629647e-04
5.483257812500000000e+03 -2.885364519897848368e-04
5.455110351562500000e+03 -3.431334916967898607e-04
5.448073730468750000e+03 -3.563688369467854500e-04
5.441036621093750000e+03 -3.692722530104219913e-04
5.430481445312500000e+03 -3.879894793499261141e-04
5.426962890625000000e+03 -3.941294271498918533e-04
5.419925781250000000e+03 -4.061954969074577093e-04
5.412889160156250000e+03 -4.179390671197324991e-04
5.402333984375000000e+03 -4.332548414822667837e-04
5.398815429687500000e+03 -4.373374104034155607e-04
5.391778320312500000e+03 -4.416295851115137339e-04
5.384741699218750000e+03 -4.423591017257422209e-04
5.382982421875000000e+03 -4.420330806169658899e-04
5.381223144531250000e+03 -4.422710917424410582e-04
5.378584472656250000e+03 -4.431215929798781872e-04
5.374625976562500000e+03 -4.449770203791558743e-04
5.370667480468750000e+03 -4.470686544664204121e-04
5.363630859375000000e+03 -4.518383648246526718e-04
5.356593750000000000e+03 -4.575048806145787239e-04
5.349557128906250000e+03 -4.641517298296093941e-04
5.342520019531250000e+03 -4.711338551715016365e-04
5.335483398437500000e+03 -4.766503989230841398e-04
5.328446289062500000e+03 -4.704231105279177427e-04
5.326687011718750000e+03 -4.660048289224505424e-04
5.324927734375000000e+03 -4.610948963090777397e-04
5.322289062500000000e+03 -4.544892290141433477e-04
5.319649902343750000e+03 -4.510041908361017704e-04
5.317011230468750000e+03 -4.502970550674945116e-04
5.314372558593750000e+03 -4.515646141953766346e-04
5.312613281250000000e+03 -4.530463484115898609e-04
5.310854003906250000e+03 -4.551377496682107449e-04
5.308215332031250000e+03 -4.589630407281219959e-04
5.304256835937500000e+03 -4.654648946598172188e-04
5.300298828125000000e+03 -4.724279569927603006e-04
5.296340332031250000e+03 -4.797100555151700974e-04
5.290402832031250000e+03 -4.909710842184722424e-04
5.286224609375000000e+03 -4.990205634385347366e-04
5.258077148437500000e+03 -5.548999179154634476e-04
5.229929687500000000e+03 -6.132569978944957256e-04
5.201782226562500000e+03 -6.738244555890560150e-04
5.173634765625000000e+03 -7.364894263446331024e-04
5.145487304687500000e+03 -8.010985911823809147e-04
5.117339843750000000e+03 -8.675344288349151611e-04
5.089192382812500000e+03 -9.356033406220376492e-04
5.061044921875000000e+03 -1.005162252113223076e-03
5.032897460937500000e+03 -1.076026586815714836e-03
5.004750000000000000e+03 -1.147987321019172668e-03
4.976602539062500000e+03 -1.220806618221104145e-03
4.948455078125000000e+03 -1.294210553169250488e-03
4.941417968750000000e+03 -1.312739681452512741e-03
4.934381347656250000e+03 -1.331208855845034122e-03
4.923826171875000000e+03 -1.358869369141757488e-03
4.920307617187500000e+03 -1.368118450045585632e-03
4.913270507812500000e+03 -1.386546762660145760e-03
4.906233886718750000e+03 -1.404969254508614540e-03
4.895678710937500000e+03 -1.432518474757671356e-03
4.892160156250000000e+03 -1.441717380657792091e-03
4.885123046875000000e+03 -1.460032770410180092e-03
4.878086425781250000e+03 -1.478311140090227127e-03
4.867531250000000000e+03 -1.505542779341340065e-03
4.864012695312500000e+03 -1.514615374617278576e-03
4.856975585937500000e+03 -1.532607711851596832e-03
4.849938964843750000e+03 -1.550417509861290455e-03
4.842901855468750000e+03 -1.567938947118818760e-03
4.835865234375000000e+03 -1.584967714734375477e-03
4.828828125000000000e+03 -1.601039897650480270e-03
4.821791503906250000e+03 -1.615311368368566036e-03
4.814754394531250000e+03 -1.626416575163602829e-03
4.807717773437500000e+03 -1.632738043554127216e-03
4.800680664062500000e+03 -1.632173079997301102e-03
4.798921386718750000e+03 -1.631014980375766754e-03
4.797162109375000000e+03 -1.629369799047708511e-03
4.794523437500000000e+03 -1.625204691663384438e-03
4.790564941406250000e+03 -1.613976899534463882e-03
4.786606933593750000e+03 -1.596214948222041130e-03
4.782648437500000000e+03 -1.572829671204090118e-03
4.779569824218750000e+03 -1.552667352370917797e-03
4.772532714843750000e+03 -1.512567047029733658e-03
4.765495605468750000e+03 -1.483725616708397865e-03
4.763736328125000000e+03 -1.477143494412302971e-03
4.761977050781250000e+03 -1.471724710427224636e-03
4.759338378906250000e+03 -1.465404522605240345e-03
4.755379882812500000e+03 -1.458973973058164120e-03
4.751421875000000000e+03 -1.454912009648978710e-03
4.744384765625000000e+03 -1.452649245038628578e-03
4.737347656250000000e+03 -1.453598262742161751e-03
4.726792480468750000e+03 -1.459006336517632008e-03
4.723273925781250000e+03 -1.461174921132624149e-03
4.716237304687500000e+03 -1.466407789848744869e-03
4.709200195312500000e+03 -1.472203060984611511e-03
4.702163574218750000e+03 -1.478363759815692902e-03
4.695126464843750000e+03 -1.484757172875106335e-03
4.666979003906250000e+03 -1.510835019871592522e-03
4.659941894531250000e+03 -1.517636817879974842e-03
4.652905273437500000e+03 -1.524420455098152161e-03
4.645868164062500000e+03 -1.531201181933283806e-03
4.638831054687500000e+03 -1.538032665848731995e-03
4.631794433593750000e+03 -1.544945989735424519e-03
4.624757324218750000e+03 -1.551803317852318287e-03
4.617720703125000000e+03 -1.558010466396808624e-03
4.610683593750000000e+03 -1.562905847094953060e-03
4.603646972656250000e+03 -1.566555467434227467e-03
4.596609863281250000e+03 -1.569549320265650749e-03
4.589572753906250000e+03 -1.572402194142341614e-03
4.582536132812500000e+03 -1.575378351844847202e-03
4.575499023437500000e+03 -1.578532857820391655e-03
4.568462402343750000e+03 -1.581818214617669582e-03
4.561425292968750000e+03 -1.585163059644401073e-03
4.554388183593750000e+03 -1.588467508554458618e-03
4.547351562500000000e+03 -1.591615146026015282e-03
4.545592285156250000e+03 -1.592391985468566418e-03
4.543833007812500000e+03 -1.593172433786094189e-03
4.541194335937500000e+03 -1.594299683347344398e-03
4.537235839843750000e+03 -1.595893525518476963e-03
4.533277832031250000e+03 -1.597459195181727409e-03
4.532288085937500000e+03 -1.597891561686992645e-03
4.531298339843750000e+03 -1.598355593159794807e-03
4.529813964843750000e+03 -1.599082024767994881e-03
4.527587890625000000e+03 -1.600194838829338551e-03
4.526240722656250000e+03 -1.600713585503399372e-03
4.524481445312500000e+03 -1.600806601345539093e-03
4.522722167968750000e+03 -1.599779236130416393e-03
4.520962890625000000e+03 -1.597473165020346642e-03
4.519203613281250000e+03 -1.594052533619105816e-03
4.517444824218750000e+03 -1.589853200130164623e-03
4.515685546875000000e+03 -1.585244899615645409e-03
4.513926269531250000e+03 -1.580550102517008781e-03
4.512166992187500000e+03 -1.576011301949620247e-03
4.510407714843750000e+03 -1.571786473505198956e-03
4.508648437500000000e+03 -1.567962463013827801e-03
4.506889160156250000e+03 -1.564576639793813229e-03
4.505129882812500000e+03 -1.561641343869268894e-03
4.503370605468750000e+03 -1.559166470542550087e-03
4.501611328125000000e+03 -1.557186827994883060e-03
4.499852050781250000e+03 -1.555841416120529175e-03
4.498092773437500000e+03 -1.555957016535103321e-03
4.497653320312500000e+03 -1.556466682814061642e-03
4.497213378906250000e+03 -1.557296491228044033e-03
4.496553710937500000e+03 -1.559778349474072456e-03
4.495894042968750000e+03 -1.563947997055947781e-03
4.495234375000000000e+03 -1.568160369060933590e-03
4.494574707031250000e+03 -1.569984131492674351e-03
4.493915039062500000e+03 -1.567105064168572426e-03
4.493254882812500000e+03 -1.562286051921546459e-03
4.492595214843750000e+03 -1.557134906761348248e-03
4.491935546875000000e+03 -1.552036963403224945e-03
4.491275878906250000e+03 -1.547156833112239838e-03
4.490286132812500000e+03 -1.540540833957493305e-03
4.488801757812500000e+03 -1.532033784314990044e-03
4.486575195312500000e+03 -1.521935104392468929e-03
4.483235839843750000e+03 -1.511192996986210346e-03
4.479895996093750000e+03 -1.503185019828379154e-03
4.476556152343750000e+03 -1.497336896136403084e-03
4.473216308593750000e+03 -1.493186689913272858e-03
4.469945312500000000e+03 -1.490375492721796036e-03
4.462908203125000000e+03 -1.487863599322736263e-03
4.455871093750000000e+03 -1.487049506977200508e-03
4.448834472656250000e+03 -1.487498870119452477e-03
4.441797363281250000e+03 -1.488785725086927414e-03
4.413649902343750000e+03 -1.499103615060448647e-03
4.385501953125000000e+03 -1.512020011432468891e-03
4.357354492187500000e+03 -1.526332926005125046e-03
4.343280761718750000e+03 -1.533742877654731274e-03
4.329207031250000000e+03 -1.541294273920357227e-03
4.322169921875000000e+03 -1.545115490444004536e-03
4.315133300781250000e+03 -1.548976055346429348e-03
4.308096191406250000e+03 -1.552870380692183971e-03
4.301059082031250000e+03 -1.556796021759510040e-03
4.294022460937500000e+03 -1.560722943395376205e-03
4.286985351562500000e+03 -1.564613892696797848e-03
4.279948730468750000e+03 -1.568310195580124855e-03
4.278189453125000000e+03 -1.569186802953481674e-03
4.276430175781250000e+03 -1.570026273839175701e-03
4.273791015625000000e+03 -1.571119530126452446e-03
4.272911621093750000e+03 -1.571442000567913055e-03
4.269393066406250000e+03 -1.572020468302071095e-03
4.265874511718750000e+03 -1.572940032929182053e-03
4.262356445312500000e+03 -1.574871945194900036e-03
4.258837890625000000e+03 -1.577235758304595947e-03
4.255319335937500000e+03 -1.579757197760045528e-03
4.251800781250000000e+03 -1.582341035827994347e-03
4.248282226562500000e+03 -1.584949670359492302e-03
4.244764160156250000e+03 -1.587573089636862278e-03
4.216616210937500000e+03 -1.608116552233695984e-03
4.188468750000000000e+03 -1.628665835596621037e-03
4.181431640625000000e+03 -1.633910578675568104e-03
4.174395019531250000e+03 -1.639130641706287861e-03
4.167357910156250000e+03 -1.644339878112077713e-03
4.160321289062500000e+03 -1.649540499784052372e-03
4.153284179687500000e+03 -1.654752879403531551e-03
4.146247558593750000e+03 -1.659951405599713326e-03
4.139210449218750000e+03 -1.665162038989365101e-03
4.132173339843750000e+03 -1.670379773713648319e-03
4.125136718750000000e+03 -1.675612758845090866e-03
4.118099609375000000e+03 -1.680832705460488796e-03
4.111062988281250000e+03 -1.686070114374160767e-03
4.104025878906250000e+03 -1.691316138021647930e-03
4.089952148437500000e+03 -1.701784087345004082e-03
4.086433593750000000e+03 -1.704426947981119156e-03
4.082915283203125000e+03 -1.707078306935727596e-03
4.077637451171875000e+03 -1.711035729385912418e-03
4.075878417968750000e+03 -1.712360768578946590e-03
4.068841308593750000e+03 -1.717637409456074238e-03
4.061804443359375000e+03 -1.722907298244535923e-03
4.054767578125000000e+03 -1.728185103274881840e-03
4.047730712890625000e+03 -1.733467681333422661e-03
4.040693847656250000e+03 -1.738761086016893387e-03
4.033656982421875000e+03 -1.744049950502812862e-03
4.026620117187500000e+03 -1.749347080476582050e-03
4.019583007812500000e+03 -1.754653174430131912e-03
4.012546142578125000e+03 -1.759967999532818794e-03
4.005509277343750000e+03 -1.765299239195883274e-03
3.998472412109375000e+03 -1.770643983036279678e-03
3.991435546875000000e+03 -1.776005374267697334e-03
3.984398681640625000e+03 -1.781384344212710857e-03
3.977361572265625000e+03 -1.786788925528526306e-03
3.970324707031250000e+03 -1.792215858586132526e-03
3.963287841796875000e+03 -1.797668403014540672e-03
3.956250976562500000e+03 -1.803147024475038052e-03
3.949214111328125000e+03 -1.808657892979681492e-03
3.942177246093750000e+03 -1.814197283238172531e-03
3.935140380859375000e+03 -1.819766242988407612e-03
3.928103271484375000e+03 -1.825360115617513657e-03
3.921066406250000000e+03 -1.830993103794753551e-03
3.914029541015625000e+03 -1.836643321439623833e-03
3.906992675781250000e+03 -1.842326950281858444e-03
3.903474121093750000e+03 -1.845194143243134022e-03
3.899955810546875000e+03 -1.848059357143938541e-03
3.896437255859375000e+03 -1.850930391810834408e-03
3.891159667968750000e+03 -1.855237060226500034e-03
3.883243164062500000e+03 -1.861716853454709053e-03
3.878844970703125000e+03 -1.865342725068330765e-03
3.871808105468750000e+03 -1.871145796030759811e-03
3.864771240234375000e+03 -1.876977621577680111e-03
3.857734375000000000e+03 -1.882826560176908970e-03
3.850697509765625000e+03 -1.888702157884836197e-03
3.847178955078125000e+03 -1.891658757813274860e-03
3.843660644531250000e+03 -1.894612214528024197e-03
3.838382812500000000e+03 -1.899057650007307529e-03
3.830466308593750000e+03 -1.905718003399670124e-03
3.822549804687500000e+03 -1.912417821586132050e-03
3.815512939453125000e+03 -1.918397727422416210e-03
3.810235351562500000e+03 -1.922896364703774452e-03
3.804957519531250000e+03 -1.927411765791475773e-03
3.802978515625000000e+03 -1.929117483086884022e-03
3.800009765625000000e+03 -1.931670703925192356e-03
3.799870361328125000e+03 -1.931798877194523811e-03
3.799746582031250000e+03 -1.931903883814811707e-03
3.799468017578125000e+03 -1.932143466547131538e-03
3.799217285156250000e+03 -1.932359533384442329e-03
3.798841064453125000e+03 -1.932683633640408516e-03
3.798276855468750000e+03 -1.933169551193714142e-03
3.797430419921875000e+03 -1.933898311108350754e-03
3.797345703125000000e+03 -1.933972700498998165e-03
3.797141601562500000e+03 -1.934148487634956837e-03
3.797014648437500000e+03 -1.934258150868117809e-03
3.796887451171875000e+03 -1.934367814101278782e-03
3.796760253906250000e+03 -1.934477477334439754e-03
3.796633300781250000e+03 -1.934587140567600727e-03
3.796506103515625000e+03 -1.934696803800761700e-03
3.796251953125000000e+03 -1.934916130267083645e-03
3.796124755859375000e+03 -1.935025793500244617e-03
3.795997802734375000e+03 -1.935135456733405590e-03
3.795870605468750000e+03 -1.935245119966566563e-03
3.795743652343750000e+03 -1.935354783199727535e-03
3.795616455078125000e+03 -1.935464562848210335e-03
3.795489501953125000e+03 -1.935574226081371307e-03
3.795362304687500000e+03 -1.935683889314532280e-03
3.795235107421875000e+03 -1.935793552547693253e-03
3.794980957031250000e+03 -1.936012995429337025e-03
3.794854003906250000e+03 -1.936122775077819824e-03
3.794726806640625000e+03 -1.936232438310980797e-03
3.794599853515625000e+03 -1.936342101544141769e-03
3.794472656250000000e+03 -1.936451881192624569e-03
3.794402343750000000e+03 -1.936512766405940056e-03
3.792643066406250000e+03 -1.938025583513081074e-03
3.790883789062500000e+03 -1.939541776664555073e-03
3.788244873046875000e+03 -1.941817812621593475e-03
3.784286621093750000e+03 -1.945235650055110455e-03
3.781317871093750000e+03 -1.947800396010279655e-03
3.781306396484375000e+03 -1.947792596183717251e-03
3.781154052734375000e+03 -1.947949058376252651e-03
3.780989013671875000e+03 -1.948092598468065262e-03
3.780840332031250000e+03 -1.948221935890614986e-03
3.780691650390625000e+03 -1.948351273313164711e-03
3.780542968750000000e+03 -1.948480494320392609e-03
3.780394531250000000e+03 -1.948609715327620506e-03
3.780245849609375000e+03 -1.948738819919526577e-03
3.780097167968750000e+03 -1.948867924511432648e-03
3.779948730468750000e+03 -1.948997145518660545e-03
3.779800048828125000e+03 -1.949126250110566616e-03
3.779651367187500000e+03 -1.949255354702472687e-03
3.779502929687500000e+03 -1.949384459294378757e-03
3.779354248046875000e+03 -1.949513563886284828e-03
3.779205566406250000e+03 -1.949642668478190899e-03
3.779094238281250000e+03 -1.949739526025950909e-03
3.778982666015625000e+03 -1.949836383573710918e-03
3.778871337890625000e+03 -1.949933241121470928e-03
3.778759765625000000e+03 -1.950030098669230938e-03
3.778536865234375000e+03 -1.950223697349429131e-03
3.778425537109375000e+03 -1.950320671312510967e-03
3.778313964843750000e+03 -1.950417528860270977e-03
3.778202636718750000e+03 -1.950514386408030987e-03
3.777979736328125000e+03 -1.950708101503551006e-03
3.777868164062500000e+03 -1.950804959051311016e-03
3.777756835937500000e+03 -1.950901816599071026e-03
3.777645263671875000e+03 -1.950998674146831036e-03
3.777422363281250000e+03 -1.951192505657672882e-03
3.777311035156250000e+03 -1.951289363205432892e-03
3.777199462890625000e+03 -1.951386337168514729e-03
3.777088134765625000e+03 -1.951483194716274738e-03
3.776865234375000000e+03 -1.951677026227116585e-03
3.776781494140625000e+03 -1.951749669387936592e-03
3.776614501953125000e+03 -1.951895072124898434e-03
3.776447265625000000e+03 -1.952040474861860275e-03
3.776363769531250000e+03 -1.952113118022680283e-03
3.776196533203125000e+03 -1.952258520759642124e-03
3.776029296875000000e+03 -1.952403923496603966e-03
3.775945800781250000e+03 -1.952476683072745800e-03
3.775778564453125000e+03 -1.952622085809707642e-03
3.775611328125000000e+03 -1.952767488546669483e-03
3.775527832031250000e+03 -1.952840248122811317e-03
3.775360595703125000e+03 -1.952985650859773159e-03
3.775193359375000000e+03 -1.953131053596735001e-03
3.775109863281250000e+03 -1.953203696757555008e-03
3.774942626953125000e+03 -1.953349215909838676e-03
3.774775390625000000e+03 -1.953494735062122345e-03
3.774691894531250000e+03 -1.953567378222942352e-03
3.774524658203125000e+03 -1.953712897375226021e-03
3.774357421875000000e+03 -1.953858416527509689e-03
3.774273925781250000e+03 -1.953931059688329697e-03
3.774106689453125000e+03 -1.954076578840613365e-03
3.773939697265625000e+03 -1.954222097992897034e-03
3.773772460937500000e+03 -1.954367617145180702e-03
3.773688720703125000e+03 -1.954440260306000710e-03
3.773521728515625000e+03 -1.954585779458284378e-03
3.773354492187500000e+03 -1.954731298610568047e-03
3.773270751953125000e+03 -1.954804174602031708e-03
3.773103759765625000e+03 -1.954949693754315376e-03
3.772936523437500000e+03 -1.955095212906599045e-03
3.772853027343750000e+03 -1.955168088898062706e-03
3.772685791015625000e+03 -1.955313608050346375e-03
3.772518554687500000e+03 -1.955459127202630043e-03
3.772435058593750000e+03 -1.955532003194093704e-03
3.772267822265625000e+03 -1.955677522346377373e-03
3.772100585937500000e+03 -1.955823041498661041e-03
3.772017089843750000e+03 -1.955895917490124702e-03
3.771849853515625000e+03 -1.956041436642408371e-03
3.771682617187500000e+03 -1.956187188625335693e-03
3.771599121093750000e+03 -1.956259831786155701e-03
3.771431884765625000e+03 -1.956405583769083023e-03
3.771264648437500000e+03 -1.956551102921366692e-03
3.771097656250000000e+03 -1.956696854904294014e-03
3.771013916015625000e+03 -1.956769730895757675e-03
3.770846679687500000e+03 -1.956915250048041344e-03
3.770679687500000000e+03 -1.957061002030968666e-03
3.770595947265625000e+03 -1.957133878022432327e-03
3.770428955078125000e+03 -1.957279397174715996e-03
3.770261718750000000e+03 -1.957425149157643318e-03
3.770177978515625000e+03 -1.957498025149106979e-03
3.770010986328125000e+03 -1.957643777132034302e-03
3.769843750000000000e+03 -1.957789296284317970e-03
3.769760253906250000e+03 -1.957862172275781631e-03
3.769593017578125000e+03 -1.958007924258708954e-03
3.769425781250000000e+03 -1.958153676241636276e-03
3.769342285156250000e+03 -1.958226552233099937e-03
3.769175048828125000e+03 -1.958372304216027260e-03
3.769007812500000000e+03 -1.958518056198954582e-03
3.768924316406250000e+03 -1.958590932190418243e-03
3.768757080078125000e+03 -1.958736684173345566e-03
3.768589843750000000e+03 -1.958882436156272888e-03
3.768506347656250000e+03 -1.958955312147736549e-03
3.768339111328125000e+03 -1.959101064130663872e-03
3.768171875000000000e+03 -1.959247048944234848e-03
3.768004882812500000e+03 -1.959392800927162170e-03
3.767921142578125000e+03 -1.959465676918625832e-03
3.767753906250000000e+03 -1.959611428901553154e-03
3.767586914062500000e+03 -1.959757180884480476e-03
3.767503173828125000e+03 -1.959830289706587791e-03
3.767336181640625000e+03 -1.959976041689515114e-03
3.767168945312500000e+03 -1.960121793672442436e-03
3.767085205078125000e+03 -1.960194902494549751e-03
3.766918212890625000e+03 -1.960340654477477074e-03
3.766750976562500000e+03 -1.960486639291048050e-03
3.766667236328125000e+03 -1.960559515282511711e-03
3.766500244140625000e+03 -1.960705267265439034e-03
3.766333007812500000e+03 -1.960851252079010010e-03
3.766254638671875000e+03 -1.960919704288244247e-03
3.764495361328125000e+03 -1.962448935955762863e-03
3.762736083984375000e+03 -1.963982125744223595e-03
3.760097412109375000e+03 -1.966287614777684212e-03
3.758118164062500000e+03 -1.968016149476170540e-03
3.756139160156250000e+03 -1.969746313989162445e-03
3.756118896484375000e+03 -1.969770295545458794e-03
3.755963623046875000e+03 -1.969905104488134384e-03
3.755777832031250000e+03 -1.970067620277404785e-03
3.755610839843750000e+03 -1.970214303582906723e-03
3.755359863281250000e+03 -1.970434095710515976e-03
3.754983886718750000e+03 -1.970763783901929855e-03
3.754852783203125000e+03 -1.970879267901182175e-03
3.754640625000000000e+03 -1.971065299585461617e-03
3.754540283203125000e+03 -1.971153309568762779e-03
3.754339355468750000e+03 -1.971329562366008759e-03
3.754239013671875000e+03 -1.971417805179953575e-03
3.754107177734375000e+03 -1.971533522009849548e-03
3.753994140625000000e+03 -1.971632475033402443e-03
3.753824707031250000e+03 -1.971781253814697266e-03
3.753711914062500000e+03 -1.971880439668893814e-03
3.753542236328125000e+03 -1.972029218450188637e-03
3.753429443359375000e+03 -1.972128404304385185e-03
3.753260009765625000e+03 -1.972277183085680008e-03
3.753146972656250000e+03 -1.972376368939876556e-03
3.752977539062500000e+03 -1.972525147721171379e-03
3.752864501953125000e+03 -1.972624333575367928e-03
3.752695068359375000e+03 -1.972773112356662750e-03
3.752582031250000000e+03 -1.972872298210859299e-03
3.752412597656250000e+03 -1.973021076992154121e-03
3.752299560546875000e+03 -1.973120262846350670e-03
3.752130126953125000e+03 -1.973269041627645493e-03
3.752017333984375000e+03 -1.973368227481842041e-03
3.751847656250000000e+03 -1.973517006263136864e-03
3.751734863281250000e+03 -1.973616424947977066e-03
3.751565429687500000e+03 -1.973765203729271889e-03
3.751452392578125000e+03 -1.973864389583468437e-03
3.751282958984375000e+03 -1.974013168364763260e-03
3.751169921875000000e+03 -1.974112587049603462e-03
3.751000488281250000e+03 -1.974261365830898285e-03
3.750887451171875000e+03 -1.974360551685094833e-03
3.750718017578125000e+03 -1.974509563297033310e-03
3.750604980468750000e+03 -1.974608749151229858e-03
3.750435546875000000e+03 -1.974757760763168335e-03
3.750322509765625000e+03 -1.974856946617364883e-03
3.750209716796875000e+03 -1.974956365302205086e-03
3.750040283203125000e+03 -1.975105144083499908e-03
3.749927246093750000e+03 -1.975204562768340111e-03
3.749757812500000000e+03 -1.975353341549634933e-03
3.749644775390625000e+03 -1.975452760234475136e-03
3.749475341796875000e+03 -1.975601771846413612e-03
3.749362304687500000e+03 -1.975700957700610161e-03
3.749192871093750000e+03 -1.975849969312548637e-03
3.749079833984375000e+03 -1.975949387997388840e-03
3.748910400390625000e+03 -1.976098399609327316e-03
3.748797607421875000e+03 -1.976197585463523865e-03
3.748627929687500000e+03 -1.976346597075462341e-03
3.748515136718750000e+03 -1.976446015760302544e-03
3.748345703125000000e+03 -1.976595027372241020e-03
3.748232666015625000e+03 -1.976694446057081223e-03
3.748063232421875000e+03 -1.976843457669019699e-03
3.747950195312500000e+03 -1.976942643523216248e-03
3.747780761718750000e+03 -1.977091887965798378e-03
3.747667724609375000e+03 -1.977191073819994926e-03
3.747498291015625000e+03 -1.977340318262577057e-03
3.747385253906250000e+03 -1.977439504116773605e-03
3.747215820312500000e+03 -1.977588748559355736e-03
3.747103027343750000e+03 -1.977688167244195938e-03
3.746933349609375000e+03 -1.977837178856134415e-03
3.746820556640625000e+03 -1.977936597540974617e-03
3.746651123046875000e+03 -1.978085609152913094e-03
3.746538085937500000e+03 -1.978185027837753296e-03
3.746368652343750000e+03 -1.978334272280335426e-03
3.746255615234375000e+03 -1.978433690965175629e-03
3.746086181640625000e+03 -1.978582935407757759e-03
3.745973144531250000e+03 -1.978682354092597961e-03
3.745803710937500000e+03 -1.978831365704536438e-03
3.745690673828125000e+03 -1.978930784389376640e-03
3.745521240234375000e+03 -1.979080028831958771e-03
3.745394287109375000e+03 -1.979192020371556282e-03
3.745267089843750000e+03 -1.979303779080510139e-03
3.745140136718750000e+03 -1.979415770620107651e-03
3.744970458984375000e+03 -1.979565015062689781e-03
3.744843505859375000e+03 -1.979677006602287292e-03
3.744716308593750000e+03 -1.979788765311241150e-03
3.744546875000000000e+03 -1.979938009753823280e-03
3.744419921875000000e+03 -1.980050001293420792e-03
3.744292724609375000e+03 -1.980161992833018303e-03
3.744123291015625000e+03 -1.980311237275600433e-03
3.743996093750000000e+03 -1.980423228815197945e-03
3.743869140625000000e+03 -1.980535220354795456e-03
3.743699707031250000e+03 -1.980684464797377586e-03
3.743572509765625000e+03 -1.980796456336975098e-03
3.743445556640625000e+03 -1.980908447876572609e-03
3.743275878906250000e+03 -1.981057692319154739e-03
3.743148925781250000e+03 -1.981169683858752251e-03
3.743021728515625000e+03 -1.981281675398349762e-03
3.742852294921875000e+03 -1.981430919840931892e-03
3.742725341796875000e+03 -1.981542911380529404e-03
3.742598144531250000e+03 -1.981654902920126915e-03
3.742428710937500000e+03 -1.981804380193352699e-03
3.742301513671875000e+03 -1.981916371732950211e-03
3.742174560546875000e+03 -1.982028363272547722e-03
3.742047363281250000e+03 -1.982140587642788887e-03
3.741877929687500000e+03 -1.982289832085371017e-03
3.741750976562500000e+03 -1.982401823624968529e-03
3.741623779296875000e+03 -1.982514047995209694e-03
3.741454345703125000e+03 -1.982663292437791824e-03
3.741327148437500000e+03 -1.982775516808032990e-03
3.741200195312500000e+03 -1.982887508347630501e-03
3.741030761718750000e+03 -1.983036985620856285e-03
3.740903564453125000e+03 -1.983148977160453796e-03
3.740776367187500000e+03 -1.983261201530694962e-03
3.740606933593750000e+03 -1.983410678803920746e-03
3.740479980468750000e+03 -1.983522670343518257e-03
3.740352783203125000e+03 -1.983634894713759422e-03
3.740183349609375000e+03 -1.983784371986985207e-03
3.740056396484375000e+03 -1.983896596357226372e-03
3.739929199218750000e+03 -1.984008587896823883e-03
3.739759765625000000e+03 -1.984158065170049667e-03
3.739632568359375000e+03 -1.984270289540290833e-03
3.739505615234375000e+03 -1.984382513910531998e-03
3.739336181640625000e+03 -1.984531991183757782e-03
3.739208984375000000e+03 -1.984644215553998947e-03
3.739081787109375000e+03 -1.984756439924240112e-03
3.738912353515625000e+03 -1.984905917197465897e-03
3.738785400390625000e+03 -1.985018141567707062e-03
3.738658203125000000e+03 -1.985130365937948227e-03
3.738488769531250000e+03 -1.985279843211174011e-03
3.738361572265625000e+03 -1.985392067581415176e-03
3.738234619140625000e+03 -1.985504291951656342e-03
3.738106933593750000e+03 -1.985616981983184814e-03
3.736347900390625000e+03 -1.987164141610264778e-03
3.734588623046875000e+03 -1.988715026527643204e-03
3.734411376953125000e+03 -1.988878007978200912e-03
3.734215820312500000e+03 -1.989050768315792084e-03
3.734039550781250000e+03 -1.989206532016396523e-03
3.733775390625000000e+03 -1.989440293982625008e-03
3.733379150390625000e+03 -1.989790471270680428e-03
3.732784667968750000e+03 -1.990315737202763557e-03
3.732755126953125000e+03 -1.990342512726783752e-03
3.732587158203125000e+03 -1.990491524338722229e-03
3.732468017578125000e+03 -1.990596763789653778e-03
3.732304443359375000e+03 -1.990741584450006485e-03
3.732170410156250000e+03 -1.990860095247626305e-03
3.732036621093750000e+03 -1.990978838875889778e-03
3.731902587890625000e+03 -1.991097349673509598e-03
3.731768798828125000e+03 -1.991215860471129417e-03
3.731590332031250000e+03 -1.991373952478170395e-03
3.731456298828125000e+03 -1.991492463275790215e-03
3.731322509765625000e+03 -1.991610974073410034e-03
3.731188720703125000e+03 -1.991729484871029854e-03
3.731054687500000000e+03 -1.991848228499293327e-03
3.730920898437500000e+03 -1.991966739296913147e-03
3.730786865234375000e+03 -1.992085250094532967e-03
3.730608398437500000e+03 -1.992243574932217598e-03
3.730474609375000000e+03 -1.992362085729837418e-03
3.730340576171875000e+03 -1.992480596527457237e-03
3.730206787109375000e+03 -1.992599340155720711e-03
3.730072753906250000e+03 -1.992717850953340530e-03
3.729938964843750000e+03 -1.992836594581604004e-03
3.729760498046875000e+03 -1.992994686588644981e-03
3.729626464843750000e+03 -1.993113430216908455e-03
3.729492675781250000e+03 -1.993232173845171928e-03
3.729358642578125000e+03 -1.993350684642791748e-03
3.729224853515625000e+03 -1.993469428271055222e-03
3.729091064453125000e+03 -1.993588171899318695e-03
3.728934814453125000e+03 -1.993726473301649094e-03
3.728800781250000000e+03 -1.993845216929912567e-03
3.728666992187500000e+03 -1.993963960558176041e-03
3.728532958984375000e+03 -1.994082704186439514e-03
3.728365722656250000e+03 -1.994231017306447029e-03
3.728231689453125000e+03 -1.994349760934710503e-03
3.728097900390625000e+03 -1.994468504562973976e-03
3.727964111328125000e+03 -1.994587248191237450e-03
3.727830078125000000e+03 -1.994705991819500923e-03
3.727662841796875000e+03 -1.994854304939508438e-03
3.727528808593750000e+03 -1.994973048567771912e-03
3.727395019531250000e+03 -1.995091792196035385e-03
3.727260986328125000e+03 -1.995210535824298859e-03
3.727127197265625000e+03 -1.995329279452562332e-03
3.726959716796875000e+03 -1.995477825403213501e-03
3.726825927734375000e+03 -1.995596569031476974e-03
3.726692138671875000e+03 -1.995715312659740448e-03
3.726558105468750000e+03 -1.995834056288003922e-03
3.726424316406250000e+03 -1.995953032746911049e-03
3.726256835937500000e+03 -1.996101345866918564e-03
3.726123046875000000e+03 -1.996220322325825691e-03
3.725989013671875000e+03 -1.996339065954089165e-03
3.725838378906250000e+03 -1.996472710743546486e-03
3.725712890625000000e+03 -1.996584236621856689e-03
3.725562255859375000e+03 -1.996717881411314011e-03
3.725411621093750000e+03 -1.996851526200771332e-03
3.725298828125000000e+03 -1.996951876208186150e-03
3.725148193359375000e+03 -1.997085520997643471e-03
3.724997558593750000e+03 -1.997219165787100792e-03
3.724846923828125000e+03 -1.997353043407201767e-03
3.724733886718750000e+03 -1.997453393414616585e-03
3.724583251953125000e+03 -1.997587038204073906e-03
3.724432617187500000e+03 -1.997720682993531227e-03
3.724281982421875000e+03 -1.997854560613632202e-03
3.724168945312500000e+03 -1.997954910621047020e-03
3.724018310546875000e+03 -1.998088555410504341e-03
3.723867675781250000e+03 -1.998222433030605316e-03
3.723717041015625000e+03 -1.998356310650706291e-03
3.723604248046875000e+03 -1.998456660658121109e-03
3.723453613281250000e+03 -1.998590305447578430e-03
3.723302978515625000e+03 -1.998724183067679405e-03
3.723152343750000000e+03 -1.998858060687780380e-03
3.723039306640625000e+03 -1.998958410695195198e-03
3.722888671875000000e+03 -1.999092288315296173e-03
3.722738037109375000e+03 -1.999225933104753494e-03
3.722625000000000000e+03 -1.999326515942811966e-03
3.722474365234375000e+03 -1.999460160732269287e-03
3.722323730468750000e+03 -1.999594038352370262e-03
3.722173095703125000e+03 -1.999727915972471237e-03
3.722060058593750000e+03 -1.999828498810529709e-03
3.721909423828125000e+03 -1.999962376430630684e-03
3.721759033203125000e+03 -2.000096254050731659e-03
3.721608398437500000e+03 -2.000230131670832634e-03
3.721495361328125000e+03 -2.000330481678247452e-03
3.721344726562500000e+03 -2.000464359298348427e-03
3.721194091796875000e+03 -2.000598236918449402e-03
3.721043457031250000e+03 -2.000732347369194031e-03
3.720930419921875000e+03 -2.000832697376608849e-03
3.720779785156250000e+03 -2.000966574996709824e-03
3.720629150390625000e+03 -2.001100685447454453e-03
3.720478515625000000e+03 -2.001234563067555428e-03
3.720365478515625000e+03 -2.001335145905613899e-03
3.720214843750000000e+03 -2.001469023525714874e-03
3.720064453125000000e+03 -2.001602901145815849e-03
3.719951416015625000e+03 -2.001703483983874321e-03
3.719800781250000000e+03 -2.001837594434618950e-03
3.719650146484375000e+03 -2.001971472054719925e-03
3.719499511718750000e+03 -2.002105582505464554e-03
3.719386474609375000e+03 -2.002205932512879372e-03
3.719235839843750000e+03 -2.002340042963624001e-03
3.719085205078125000e+03 -2.002474153414368629e-03
3.718934570312500000e+03 -2.002608031034469604e-03
3.718821533203125000e+03 -2.002708613872528076e-03
3.718670898437500000e+03 -2.002842724323272705e-03
3.718520263671875000e+03 -2.002976834774017334e-03
3.718369628906250000e+03 -2.003110945224761963e-03
3.718256835937500000e+03 -2.003211528062820435e-03
3.718106201171875000e+03 -2.003345405682921410e-03
3.717955566406250000e+03 -2.003479516133666039e-03
3.717804931640625000e+03 -2.003613626584410667e-03
3.717691894531250000e+03 -2.003714209422469139e-03
3.717541259765625000e+03 -2.003848319873213768e-03
3.717390625000000000e+03 -2.003982430323958397e-03
3.717277587890625000e+03 -2.004083013162016869e-03
3.717126953125000000e+03 -2.004217356443405151e-03
3.716976318359375000e+03 -2.004351466894149780e-03
3.716825683593750000e+03 -2.004485577344894409e-03
3.716712890625000000e+03 -2.004586160182952881e-03
3.716562255859375000e+03 -2.004720270633697510e-03
3.716411621093750000e+03 -2.004854613915085793e-03
3.716260986328125000e+03 -2.004988724365830421e-03
3.716147949218750000e+03 -2.005089307203888893e-03
3.715997314453125000e+03 -2.005223650485277176e-03
3.715846679687500000e+03 -2.005357760936021805e-03
3.715696044921875000e+03 -2.005491871386766434e-03
3.715583007812500000e+03 -2.005592687055468559e-03
3.715432373046875000e+03 -2.005726797506213188e-03
3.715281738281250000e+03 -2.005861140787601471e-03
3.715131103515625000e+03 -2.005995251238346100e-03
3.715018310546875000e+03 -2.006096066907048225e-03
3.714867675781250000e+03 -2.006230177357792854e-03
3.714717041015625000e+03 -2.006364520639181137e-03
3.714566406250000000e+03 -2.006498863920569420e-03
3.714453369140625000e+03 -2.006599446758627892e-03
3.714302734375000000e+03 -2.006733790040016174e-03
3.714152099609375000e+03 -2.006868133321404457e-03
3.714039062500000000e+03 -2.006968716159462929e-03
3.713888427734375000e+03 -2.007103059440851212e-03
3.713737792968750000e+03 -2.007237402722239494e-03
3.713587158203125000e+03 -2.007371746003627777e-03
3.713474365234375000e+03 -2.007472561672329903e-03
3.713323730468750000e+03 -2.007606904953718185e-03
3.713173095703125000e+03 -2.007741248235106468e-03
3.713022460937500000e+03 -2.007875591516494751e-03
3.712909423828125000e+03 -2.007976407185196877e-03
3.712758789062500000e+03 -2.008110750466585159e-03
3.712608154296875000e+03 -2.008245093747973442e-03
3.712457519531250000e+03 -2.008379437029361725e-03
3.712344482421875000e+03 -2.008480252698063850e-03
3.712193847656250000e+03 -2.008614595979452133e-03
3.712043212890625000e+03 -2.008749172091484070e-03
3.711892578125000000e+03 -2.008883515372872353e-03
3.711779785156250000e+03 -2.008984331041574478e-03
3.711629150390625000e+03 -2.009118674322962761e-03
3.711478515625000000e+03 -2.009253250434994698e-03
3.711365478515625000e+03 -2.009354066103696823e-03
3.711214843750000000e+03 -2.009488409385085106e-03
3.711064208984375000e+03 -2.009622985497117043e-03
3.710913574218750000e+03 -2.009757328778505325e-03
3.710800537109375000e+03 -2.009858144447207451e-03
3.710659423828125000e+03 -2.009984338656067848e-03
3.710500488281250000e+03 -2.010126132518053055e-03
3.710373535156250000e+03 -2.010239521041512489e-03
3.710214599609375000e+03 -2.010381547734141350e-03
3.710087402343750000e+03 -2.010494936257600784e-03
3.709959472656250000e+03 -2.010609256103634834e-03
3.708200195312500000e+03 -2.012176439166069031e-03
3.706440917968750000e+03 -2.013745019212365150e-03
3.704681640625000000e+03 -2.015315229073166847e-03
3.704603759765625000e+03 -2.015390899032354355e-03
3.704457763671875000e+03 -2.015520352870225906e-03
3.704314697265625000e+03 -2.015648409724235535e-03
3.704182617187500000e+03 -2.015766687691211700e-03
3.704017578125000000e+03 -2.015914767980575562e-03
3.703885498046875000e+03 -2.016033045947551727e-03
3.703753417968750000e+03 -2.016151323914527893e-03
3.703621337890625000e+03 -2.016269601881504059e-03
3.703456054687500000e+03 -2.016417682170867920e-03
3.703323974609375000e+03 -2.016535960137844086e-03
3.703191894531250000e+03 -2.016654238104820251e-03
3.703059814453125000e+03 -2.016772516071796417e-03
3.702894775390625000e+03 -2.016920363530516624e-03
3.702762695312500000e+03 -2.017038874328136444e-03
3.702630615234375000e+03 -2.017157152295112610e-03
3.702498535156250000e+03 -2.017275430262088776e-03
3.702333496093750000e+03 -2.017423277720808983e-03
3.702201171875000000e+03 -2.017541788518428802e-03
3.702069091796875000e+03 -2.017660066485404968e-03
3.701937011718750000e+03 -2.017778577283024788e-03
3.701771972656250000e+03 -2.017926424741744995e-03
3.701639892578125000e+03 -2.018044935539364815e-03
3.701507812500000000e+03 -2.018163213506340981e-03
3.701342773437500000e+03 -2.018311293795704842e-03
3.701210693359375000e+03 -2.018429571762681007e-03
3.701078613281250000e+03 -2.018548082560300827e-03
3.700946533203125000e+03 -2.018666360527276993e-03
3.700781250000000000e+03 -2.018814440816640854e-03
3.700649169921875000e+03 -2.018932951614260674e-03
3.700517089843750000e+03 -2.019051229581236839e-03
3.700385009765625000e+03 -2.019169740378856659e-03
3.700219970703125000e+03 -2.019317820668220520e-03
3.700087890625000000e+03 -2.019436098635196686e-03
3.699955810546875000e+03 -2.019554609432816505e-03
3.699823730468750000e+03 -2.019673120230436325e-03
3.699658447265625000e+03 -2.019821200519800186e-03
3.699526367187500000e+03 -2.019939711317420006e-03
3.699394287109375000e+03 -2.020058222115039825e-03
3.699262207031250000e+03 -2.020176500082015991e-03
3.699097167968750000e+03 -2.020324580371379852e-03
3.698965087890625000e+03 -2.020443091168999672e-03
3.698833007812500000e+03 -2.020561601966619492e-03
3.698667968750000000e+03 -2.020709915086627007e-03
3.698535644531250000e+03 -2.020828425884246826e-03
3.698403564453125000e+03 -2.020946936681866646e-03
3.698264404296875000e+03 -2.021071733906865120e-03
3.698125000000000000e+03 -2.021196763962507248e-03
3.697968261718750000e+03 -2.021337393671274185e-03
3.697843017578125000e+03 -2.021450083702802658e-03
3.697686279296875000e+03 -2.021590713411569595e-03
3.697560791015625000e+03 -2.021703170612454414e-03
3.697404052734375000e+03 -2.021843800321221352e-03
3.697278808593750000e+03 -2.021956257522106171e-03
3.697122070312500000e+03 -2.022097120061516762e-03
3.696996582031250000e+03 -2.022209577262401581e-03
3.696839843750000000e+03 -2.022350206971168518e-03
3.696714599609375000e+03 -2.022462897002696991e-03
3.696589111328125000e+03 -2.022575354203581810e-03
3.696432373046875000e+03 -2.022716216742992401e-03
3.696306884765625000e+03 -2.022828673943877220e-03
3.696150146484375000e+03 -2.022969303652644157e-03
3.696024902343750000e+03 -2.023081993684172630e-03
3.695868164062500000e+03 -2.023222623392939568e-03
3.695742675781250000e+03 -2.023335313424468040e-03
3.695585937500000000e+03 -2.023476175963878632e-03
3.695460693359375000e+03 -2.023588633164763451e-03
3.695303955078125000e+03 -2.023729495704174042e-03
3.695178466796875000e+03 -2.023842185735702515e-03
3.695021728515625000e+03 -2.023982815444469452e-03
3.694896484375000000e+03 -2.024095505475997925e-03
3.694739746093750000e+03 -2.024236368015408516e-03
3.694614257812500000e+03 -2.024348825216293335e-03
3.694457519531250000e+03 -2.024489687755703926e-03
3.694332275390625000e+03 -2.024602377787232399e-03
3.694175537109375000e+03 -2.024743240326642990e-03
3.694050048828125000e+03 -2.024855930358171463e-03
3.693893310546875000e+03 -2.024996792897582054e-03
3.693768066406250000e+03 -2.025109250098466873e-03
3.693611328125000000e+03 -2.025250112637877464e-03
3.693485839843750000e+03 -2.025362802669405937e-03
3.693329101562500000e+03 -2.025503665208816528e-03
3.693203857421875000e+03 -2.025616355240345001e-03
3.693043212890625000e+03 -2.025760943070054054e-03
3.692910888671875000e+03 -2.025879686698317528e-03
3.692762207031250000e+03 -2.026013564318418503e-03
3.692643066406250000e+03 -2.026120433583855629e-03
3.692494384765625000e+03 -2.026254078373312950e-03
3.692345458984375000e+03 -2.026387955993413925e-03
3.692196777343750000e+03 -2.026521600782871246e-03
3.692077636718750000e+03 -2.026628702878952026e-03
3.691928955078125000e+03 -2.026762580499053001e-03
3.691780273437500000e+03 -2.026896225288510323e-03
3.691661132812500000e+03 -2.027003327384591103e-03
3.691512451171875000e+03 -2.027136972174048424e-03
3.691358642578125000e+03 -2.027275506407022476e-03
3.691217285156250000e+03 -2.027402399107813835e-03
3.691076171875000000e+03 -2.027529524639248848e-03
3.690934814453125000e+03 -2.027656417340040207e-03
3.690793701171875000e+03 -2.027783542871475220e-03
3.690652587890625000e+03 -2.027910668402910233e-03
3.690511230468750000e+03 -2.028037561103701591e-03
3.690370117187500000e+03 -2.028164686635136604e-03
3.690228759765625000e+03 -2.028291812166571617e-03
3.690087646484375000e+03 -2.028418704867362976e-03
3.689946289062500000e+03 -2.028545830398797989e-03
3.689833496093750000e+03 -2.028647577390074730e-03
3.689692138671875000e+03 -2.028774470090866089e-03
3.689551025390625000e+03 -2.028901595622301102e-03
3.689409667968750000e+03 -2.029028721153736115e-03
3.689266845703125000e+03 -2.029157476499676704e-03
3.689105957031250000e+03 -2.029302064329385757e-03
3.688975341796875000e+03 -2.029419876635074615e-03
3.688824462890625000e+03 -2.029555616900324821e-03
3.688703857421875000e+03 -2.029664115980267525e-03
3.688549316406250000e+03 -2.029803348705172539e-03
3.688422119140625000e+03 -2.029917901381850243e-03
3.688269287109375000e+03 -2.030055271461606026e-03
3.688142089843750000e+03 -2.030169824138283730e-03
3.687989501953125000e+03 -2.030307194218039513e-03
3.687862060546875000e+03 -2.030421746894717216e-03
3.687709472656250000e+03 -2.030559349805116653e-03
3.687556884765625000e+03 -2.030696719884872437e-03
3.687429443359375000e+03 -2.030811505392193794e-03
3.687276855468750000e+03 -2.030948875471949577e-03
3.687149658203125000e+03 -2.031063428148627281e-03
3.686996826171875000e+03 -2.031201031059026718e-03
3.686869628906250000e+03 -2.031315583735704422e-03
3.686717041015625000e+03 -2.031453186646103859e-03
3.686589843750000000e+03 -2.031567739322781563e-03
3.686437011718750000e+03 -2.031705342233181000e-03
3.686309814453125000e+03 -2.031819894909858704e-03
3.686157226562500000e+03 -2.031957497820258141e-03
3.686030029296875000e+03 -2.032072050496935844e-03
3.685877197265625000e+03 -2.032209653407335281e-03
3.685750000000000000e+03 -2.032324206084012985e-03
3.685597412109375000e+03 -2.032461808994412422e-03
3.685470214843750000e+03 -2.032576594501733780e-03
3.685317382812500000e+03 -2.032713964581489563e-03
3.685164794921875000e+03 -2.032851567491889000e-03
3.685037597656250000e+03 -2.032966352999210358e-03
3.684884765625000000e+03 -2.033103955909609795e-03
3.684757568359375000e+03 -2.033218508586287498e-03
3.684604980468750000e+03 -2.033356111496686935e-03
3.684477539062500000e+03 -2.033470897004008293e-03
3.684324951171875000e+03 -2.033608499914407730e-03
3.684178710937500000e+03 -2.033740514889359474e-03
3.684049804687500000e+03 -2.033856464549899101e-03
3.683920898437500000e+03 -2.033972647041082382e-03
3.683768066406250000e+03 -2.034110482782125473e-03
3.683635253906250000e+03 -2.034230390563607216e-03
3.683499267578125000e+03 -2.034352859482169151e-03
3.683336181640625000e+03 -2.034499775618314743e-03
3.683195800781250000e+03 -2.034626668319106102e-03
3.683071044921875000e+03 -2.034738892689347267e-03
3.682926025390625000e+03 -2.034869743511080742e-03
3.682779052734375000e+03 -2.035002224147319794e-03
3.682632080078125000e+03 -2.035134704783558846e-03
3.682509765625000000e+03 -2.035245299339294434e-03
3.682362792968750000e+03 -2.035377779975533485e-03
3.682215820312500000e+03 -2.035510260611772537e-03
3.682068847656250000e+03 -2.035642741248011589e-03
3.681946533203125000e+03 -2.035753102973103523e-03
3.681811767578125000e+03 -2.035874640569090843e-03
3.681591796875000000e+03 -2.036072080954909325e-03
3.681510253906250000e+03 -2.036146819591522217e-03
3.681381347656250000e+03 -2.036263002082705498e-03
3.681235595703125000e+03 -2.036394551396369934e-03
3.681090087890625000e+03 -2.036525867879390717e-03
3.680950683593750000e+03 -2.036651363596320152e-03
3.680811279296875000e+03 -2.036777092143893242e-03
3.680672119140625000e+03 -2.036902820691466331e-03
3.680539794921875000e+03 -2.037022262811660767e-03
3.680393554687500000e+03 -2.037154277786612511e-03
3.680247070312500000e+03 -2.037286292761564255e-03
3.680117919921875000e+03 -2.037402940914034843e-03
3.679959228515625000e+03 -2.037546131759881973e-03
3.679829345703125000e+03 -2.037663245573639870e-03
3.679687255859375000e+03 -2.037791768088936806e-03
3.679537841796875000e+03 -2.037926344200968742e-03
3.679418701171875000e+03 -2.038033911958336830e-03
3.679275878906250000e+03 -2.038163132965564728e-03
3.679132812500000000e+03 -2.038292121142148972e-03
3.678989746093750000e+03 -2.038421109318733215e-03
3.678846923828125000e+03 -2.038550330325961113e-03
3.678703857421875000e+03 -2.038679318502545357e-03
3.678560791015625000e+03 -2.038808306679129601e-03
3.678417968750000000e+03 -2.038937527686357498e-03
3.678274902343750000e+03 -2.039066515862941742e-03
3.678131835937500000e+03 -2.039195736870169640e-03
3.677989013671875000e+03 -2.039324725046753883e-03
3.677869873046875000e+03 -2.039432292804121971e-03
3.677726806640625000e+03 -2.039561513811349869e-03
3.677583740234375000e+03 -2.039690501987934113e-03
3.677440917968750000e+03 -2.039819722995162010e-03
3.677297851562500000e+03 -2.039948711171746254e-03
3.677154785156250000e+03 -2.040077932178974152e-03
3.677011962890625000e+03 -2.040207153186202049e-03
3.676868896484375000e+03 -2.040336141362786293e-03
3.676725830078125000e+03 -2.040465362370014191e-03
3.676583007812500000e+03 -2.040594583377242088e-03
3.676439941406250000e+03 -2.040723571553826332e-03
3.676320800781250000e+03 -2.040831372141838074e-03
3.676177734375000000e+03 -2.040960360318422318e-03
3.676034912109375000e+03 -2.041089581325650215e-03
3.675891845703125000e+03 -2.041218802332878113e-03
3.675749023437500000e+03 -2.041347790509462357e-03
3.675605957031250000e+03 -2.041477011516690254e-03
3.675462890625000000e+03 -2.041606232523918152e-03
3.675320068359375000e+03 -2.041735453531146049e-03
3.675177001953125000e+03 -2.041864674538373947e-03
3.675033935546875000e+03 -2.041993895545601845e-03
3.674914794921875000e+03 -2.042101463302969933e-03
3.674771972656250000e+03 -2.042230684310197830e-03
3.674628906250000000e+03 -2.042359905317425728e-03
3.674485839843750000e+03 -2.042489126324653625e-03
3.674343017578125000e+03 -2.042618347331881523e-03
3.674199951171875000e+03 -2.042747568339109421e-03
3.674056884765625000e+03 -2.042876789346337318e-03
3.673914062500000000e+03 -2.043005777522921562e-03
3.673770996093750000e+03 -2.043134998530149460e-03
3.673627929687500000e+03 -2.043264219537377357e-03
3.673485107421875000e+03 -2.043393673375248909e-03
3.673365966796875000e+03 -2.043501241132616997e-03
3.673222900390625000e+03 -2.043630462139844894e-03
3.673079833984375000e+03 -2.043759683147072792e-03
3.672937011718750000e+03 -2.043888904154300690e-03
3.672793945312500000e+03 -2.044018125161528587e-03
3.672651123046875000e+03 -2.044147346168756485e-03
3.672508056640625000e+03 -2.044276800006628036e-03
3.672364990234375000e+03 -2.044406021013855934e-03
3.672222167968750000e+03 -2.044535242021083832e-03
3.672079101562500000e+03 -2.044664463028311729e-03
3.671959960937500000e+03 -2.044772263616323471e-03
3.671816894531250000e+03 -2.044901484623551369e-03
3.671674072265625000e+03 -2.045030705630779266e-03
3.671531005859375000e+03 -2.045159926638007164e-03
3.671387939453125000e+03 -2.045289147645235062e-03
3.671245117187500000e+03 -2.045418601483106613e-03
3.671102050781250000e+03 -2.045547822490334511e-03
3.670958984375000000e+03 -2.045677043497562408e-03
3.670816162109375000e+03 -2.045806264504790306e-03
3.670673095703125000e+03 -2.045935718342661858e-03
3.670530029296875000e+03 -2.046064939349889755e-03
3.670403808593750000e+03 -2.046179259195923805e-03
3.670270751953125000e+03 -2.046299399808049202e-03
3.670124755859375000e+03 -2.046431414783000946e-03
3.669973632812500000e+03 -2.046568086370825768e-03
3.669801025390625000e+03 -2.046724082902073860e-03
3.669697753906250000e+03 -2.046817680820822716e-03
3.669558349609375000e+03 -2.046943642199039459e-03
3.669418945312500000e+03 -2.047069836407899857e-03
3.669279541015625000e+03 -2.047195797786116600e-03
3.669139892578125000e+03 -2.047321991994976997e-03
3.668999511718750000e+03 -2.047449117526412010e-03
3.668844970703125000e+03 -2.047588815912604332e-03
3.668712646484375000e+03 -2.047708490863442421e-03
3.668580322265625000e+03 -2.047828165814280510e-03
3.668425781250000000e+03 -2.047967864200472832e-03
3.668293457031250000e+03 -2.048087539151310921e-03
3.668139160156250000e+03 -2.048227237537503242e-03
3.668009277343750000e+03 -2.048344817012548447e-03
3.667875732421875000e+03 -2.048465423285961151e-03
3.667735351562500000e+03 -2.048592315986752510e-03
3.667577148437500000e+03 -2.048735506832599640e-03
3.667448730468750000e+03 -2.048851689323782921e-03
3.667292724609375000e+03 -2.048992551863193512e-03
3.667157470703125000e+03 -2.049115020781755447e-03
3.667010986328125000e+03 -2.049247501417994499e-03
3.666888671875000000e+03 -2.049358328804373741e-03
3.666731445312500000e+03 -2.049500355497002602e-03
3.666608886718750000e+03 -2.049611415714025497e-03
3.666455322265625000e+03 -2.049750182777643204e-03
3.666326660156250000e+03 -2.049866598099470139e-03
3.666179443359375000e+03 -2.049999777227640152e-03
3.666032226562500000e+03 -2.050132956355810165e-03
3.665903320312500000e+03 -2.050249371677637100e-03
3.665756103515625000e+03 -2.050382550805807114e-03
3.665608886718750000e+03 -2.050515729933977127e-03
3.665480224609375000e+03 -2.050632378086447716e-03
3.665333007812500000e+03 -2.050765557214617729e-03
3.665204101562500000e+03 -2.050881972536444664e-03
3.665056884765625000e+03 -2.051015151664614677e-03
3.664909667968750000e+03 -2.051148330792784691e-03
3.664780761718750000e+03 -2.051264746114611626e-03
3.664633544921875000e+03 -2.051397925242781639e-03
3.664486328125000000e+03 -2.051531104370951653e-03
3.664357666015625000e+03 -2.051647752523422241e-03
3.664210449218750000e+03 -2.051780931651592255e-03
3.664063232421875000e+03 -2.051914110779762268e-03
3.663934326171875000e+03 -2.052030526101589203e-03
3.663787109375000000e+03 -2.052163705229759216e-03
3.663639892578125000e+03 -2.052296884357929230e-03
3.663511230468750000e+03 -2.052413299679756165e-03
3.663364013671875000e+03 -2.052546478807926178e-03
3.663216796875000000e+03 -2.052679657936096191e-03
3.663086914062500000e+03 -2.052797004580497742e-03
3.662938476562500000e+03 -2.052931347861886024e-03
3.662803222656250000e+03 -2.053053583949804306e-03
3.662653320312500000e+03 -2.053189091384410858e-03
3.662487060546875000e+03 -2.053339499980211258e-03
3.662352539062500000e+03 -2.053461037576198578e-03
3.662184570312500000e+03 -2.053613075986504555e-03
3.662099609375000000e+03 -2.053689677268266678e-03
3.661956054687500000e+03 -2.053819596767425537e-03
3.661812500000000000e+03 -2.053949516266584396e-03
3.661668945312500000e+03 -2.054079202935099602e-03
3.661543457031250000e+03 -2.054192824289202690e-03
3.661399658203125000e+03 -2.054322743788361549e-03
3.661256103515625000e+03 -2.054452663287520409e-03
3.661112548828125000e+03 -2.054582349956035614e-03
3.660968994140625000e+03 -2.054712269455194473e-03
3.660834472656250000e+03 -2.054834039881825447e-03
3.660686279296875000e+03 -2.054967684671282768e-03
3.660544921875000000e+03 -2.055095508694648743e-03
3.660403808593750000e+03 -2.055223332718014717e-03
3.660262451171875000e+03 -2.055351156741380692e-03
3.660121093750000000e+03 -2.055478980764746666e-03
3.659979736328125000e+03 -2.055606571957468987e-03
3.659838378906250000e+03 -2.055734395980834961e-03
3.659697021484375000e+03 -2.055862220004200935e-03
3.659555664062500000e+03 -2.055989811196923256e-03
3.659414306640625000e+03 -2.056117635220289230e-03
3.659293212890625000e+03 -2.056227065622806549e-03
3.659151855468750000e+03 -2.056354889646172523e-03
3.659010498046875000e+03 -2.056482713669538498e-03
3.658869140625000000e+03 -2.056610304862260818e-03
3.658727783203125000e+03 -2.056738128885626793e-03
3.658586425781250000e+03 -2.056865720078349113e-03
3.658445068359375000e+03 -2.056993544101715088e-03
3.658303955078125000e+03 -2.057121135294437408e-03
3.658162597656250000e+03 -2.057248959317803383e-03
3.658021240234375000e+03 -2.057376550510525703e-03
3.657879882812500000e+03 -2.057504141703248024e-03
3.657738525390625000e+03 -2.057631965726613998e-03
3.657597167968750000e+03 -2.057759556919336319e-03
3.657455810546875000e+03 -2.057887148112058640e-03
3.657314453125000000e+03 -2.058014972135424614e-03
3.657173095703125000e+03 -2.058142563328146935e-03
3.657033935546875000e+03 -2.058268291875720024e-03
3.656879638671875000e+03 -2.058407524600625038e-03
3.656747070312500000e+03 -2.058527199551463127e-03
3.656613525390625000e+03 -2.058647805824875832e-03
3.656476806640625000e+03 -2.058771206066012383e-03
3.656331542968750000e+03 -2.058902289718389511e-03
3.656185302734375000e+03 -2.059034304693341255e-03
3.656046630859375000e+03 -2.059159567579627037e-03
3.655906494140625000e+03 -2.059285994619131088e-03
3.655763916015625000e+03 -2.059414749965071678e-03
3.655617431640625000e+03 -2.059546764940023422e-03
3.655479736328125000e+03 -2.059671096503734589e-03
3.655333007812500000e+03 -2.059803577139973640e-03
3.655185058593750000e+03 -2.059936989098787308e-03
3.655071044921875000e+03 -2.060039667412638664e-03
3.654917480468750000e+03 -2.060178434476256371e-03
3.654782958984375000e+03 -2.060299506410956383e-03
3.654632324218750000e+03 -2.060435479506850243e-03
3.654491210937500000e+03 -2.060562837868928909e-03
3.654352050781250000e+03 -2.060688100755214691e-03
3.654199462890625000e+03 -2.060825703665614128e-03
3.654077636718750000e+03 -2.060935599729418755e-03
3.653925292968750000e+03 -2.061072969809174538e-03
3.653794189453125000e+03 -2.061191014945507050e-03
3.653664306640625000e+03 -2.061308128759264946e-03
3.651905029296875000e+03 -2.062884159386157990e-03
3.651814697265625000e+03 -2.062969142571091652e-03
3.651681396484375000e+03 -2.063089050352573395e-03
3.651544433593750000e+03 -2.063212217763066292e-03
3.651409423828125000e+03 -2.063333755359053612e-03
3.651255126953125000e+03 -2.063472755253314972e-03
3.651114746093750000e+03 -2.063598949462175369e-03
3.650976074218750000e+03 -2.063723746687173843e-03
3.650829833984375000e+03 -2.063855063170194626e-03
3.650707275390625000e+03 -2.063965192064642906e-03
3.650560058593750000e+03 -2.064097439870238304e-03
3.650426269531250000e+03 -2.064217580482363701e-03
3.650273681640625000e+03 -2.064354484900832176e-03
3.650140136718750000e+03 -2.064474625512957573e-03
3.649987304687500000e+03 -2.064611529931426048e-03
3.649853759765625000e+03 -2.064731437712907791e-03
3.649720214843750000e+03 -2.064851345494389534e-03
3.649567382812500000e+03 -2.064988249912858009e-03
3.649435058593750000e+03 -2.065107226371765137e-03
3.649289062500000000e+03 -2.065237844362854958e-03
3.649145751953125000e+03 -2.065366366878151894e-03
3.649012695312500000e+03 -2.065485808998346329e-03
3.648856933593750000e+03 -2.065625041723251343e-03
3.648727539062500000e+03 -2.065740991383790970e-03
3.648593750000000000e+03 -2.065860666334629059e-03
3.648454345703125000e+03 -2.065985463559627533e-03
3.648298583984375000e+03 -2.066124929115176201e-03
3.648171142578125000e+03 -2.066239016130566597e-03
3.648027587890625000e+03 -2.066367305815219879e-03
3.647885986328125000e+03 -2.066493965685367584e-03
3.647751953125000000e+03 -2.066613873466849327e-03
3.647605224609375000e+03 -2.066744957119226456e-03
3.647469970703125000e+03 -2.066865796223282814e-03
3.647326904296875000e+03 -2.066993620246648788e-03
3.647183593750000000e+03 -2.067121677100658417e-03
3.647040283203125000e+03 -2.067249501124024391e-03
3.646896972656250000e+03 -2.067377325147390366e-03
3.646753662109375000e+03 -2.067505149170756340e-03
3.646626220703125000e+03 -2.067618537694215775e-03
3.646483154296875000e+03 -2.067746361717581749e-03
3.646339843750000000e+03 -2.067873952910304070e-03
3.646188476562500000e+03 -2.068022731691598892e-03
3.646018310546875000e+03 -2.068189438432455063e-03
3.645897460937500000e+03 -2.068306785076856613e-03
3.645716064453125000e+03 -2.068482339382171631e-03
3.645444091796875000e+03 -2.068744972348213196e-03
3.645036132812500000e+03 -2.069136826321482658e-03
3.644424072265625000e+03 -2.069720532745122910e-03
3.643506103515625000e+03 -2.070589922368526459e-03
3.643385498046875000e+03 -2.070705406367778778e-03
3.643243652343750000e+03 -2.070839516818523407e-03
3.643104003906250000e+03 -2.070971764624118805e-03
3.642965576171875000e+03 -2.071102615445852280e-03
3.642819091796875000e+03 -2.071241382509469986e-03
3.642670898437500000e+03 -2.071381313726305962e-03
3.642542236328125000e+03 -2.071502618491649628e-03
3.642386718750000000e+03 -2.071649068966507912e-03
3.642256347656250000e+03 -2.071772003546357155e-03
3.642122802734375000e+03 -2.071897499263286591e-03
3.641979492187500000e+03 -2.072032541036605835e-03
3.641839355468750000e+03 -2.072164323180913925e-03
3.641695800781250000e+03 -2.072299364954233170e-03
3.641559814453125000e+03 -2.072426956146955490e-03
3.641417968750000000e+03 -2.072560135275125504e-03
3.641263671875000000e+03 -2.072704955935478210e-03
3.641137451171875000e+03 -2.072823466733098030e-03
3.640976562500000000e+03 -2.072974340990185738e-03
3.640843750000000000e+03 -2.073098672553896904e-03
3.640694091796875000e+03 -2.073238836601376534e-03
3.640570556640625000e+03 -2.073354320600628853e-03
3.640433593750000000e+03 -2.073482377454638481e-03
3.640285156250000000e+03 -2.073621144518256187e-03
3.640151611328125000e+03 -2.073745941743254662e-03
3.639996826171875000e+03 -2.073890529572963715e-03
3.639867187500000000e+03 -2.074011601507663727e-03
3.639721191406250000e+03 -2.074147574603557587e-03
3.639584716796875000e+03 -2.074274932965636253e-03
3.639449707031250000e+03 -2.074400894343852997e-03
3.639308349609375000e+03 -2.074532443657517433e-03
3.639156494140625000e+03 -2.074673771858215332e-03
3.639027099609375000e+03 -2.074793912470340729e-03
3.638868408203125000e+03 -2.074941527098417282e-03
3.638740722656250000e+03 -2.075060037896037102e-03
3.638588867187500000e+03 -2.075201133266091347e-03
3.638457763671875000e+03 -2.075322670862078667e-03
3.638312500000000000e+03 -2.075457479804754257e-03
3.638179687500000000e+03 -2.075580647215247154e-03
3.638039550781250000e+03 -2.075710333883762360e-03
3.637891113281250000e+03 -2.075847703963518143e-03
3.637744873046875000e+03 -2.075982978567481041e-03
3.637615966796875000e+03 -2.076102187857031822e-03
3.637468505859375000e+03 -2.076238393783569336e-03
3.637323242187500000e+03 -2.076372271403670311e-03
3.637181640625000000e+03 -2.076502656564116478e-03
3.637053710937500000e+03 -2.076620468869805336e-03
3.636901611328125000e+03 -2.076760632917284966e-03
3.636771240234375000e+03 -2.076880540698766708e-03
3.636628662109375000e+03 -2.077011391520500183e-03
3.636478759765625000e+03 -2.077148994430899620e-03
3.636348632812500000e+03 -2.077268436551094055e-03
3.636204101562500000e+03 -2.077400917187333107e-03
3.636059570312500000e+03 -2.077533164992928505e-03
3.635915039062500000e+03 -2.077665412798523903e-03
3.635788818359375000e+03 -2.077780896797776222e-03
3.635644287109375000e+03 -2.077912678942084312e-03
3.635499755859375000e+03 -2.078044461086392403e-03
3.635355224609375000e+03 -2.078176010400056839e-03
3.635210937500000000e+03 -2.078307559713721275e-03
3.635072998046875000e+03 -2.078432822600007057e-03
3.634939453125000000e+03 -2.078554127365350723e-03
3.634796875000000000e+03 -2.078683348372578621e-03
3.634656005859375000e+03 -2.078810939565300941e-03
3.634506835937500000e+03 -2.078945748507976532e-03
3.634379882812500000e+03 -2.079060534015297890e-03
3.634238769531250000e+03 -2.079187659546732903e-03
3.634100585937500000e+03 -2.079312223941087723e-03
3.633952392578125000e+03 -2.079445635899901390e-03
3.633801025390625000e+03 -2.079581608995795250e-03
3.633677001953125000e+03 -2.079692902043461800e-03
3.633531982421875000e+03 -2.079822588711977005e-03
3.633389404296875000e+03 -2.079950412735342979e-03
3.633253906250000000e+03 -2.080071484670042992e-03
3.633102294921875000e+03 -2.080206526443362236e-03
3.632961425781250000e+03 -2.080332022160291672e-03
3.632826904296875000e+03 -2.080451464280486107e-03
3.632681884765625000e+03 -2.080579986795783043e-03
3.632542724609375000e+03 -2.080703387036919594e-03
3.632407958984375000e+03 -2.080822596326470375e-03
3.632268554687500000e+03 -2.080945530906319618e-03
3.632127441406250000e+03 -2.081070095300674438e-03
3.631986083984375000e+03 -2.081194194033741951e-03
3.631844970703125000e+03 -2.081318059936165810e-03
3.631703613281250000e+03 -2.081441925838589668e-03
3.631562500000000000e+03 -2.081565326079726219e-03
3.631421142578125000e+03 -2.081688493490219116e-03
3.631281738281250000e+03 -2.081810031086206436e-03
3.631139648437500000e+03 -2.081933431327342987e-03
3.630989746093750000e+03 -2.082063350826501846e-03
3.630853027343750000e+03 -2.082181628793478012e-03
3.630721435546875000e+03 -2.082295017316937447e-03
3.630576171875000000e+03 -2.082420047372579575e-03
3.630434082031250000e+03 -2.082542283460497856e-03
3.630286376953125000e+03 -2.082668710500001907e-03
3.630150390625000000e+03 -2.082784892991185188e-03
3.630019042968750000e+03 -2.082897117361426353e-03
3.629870117187500000e+03 -2.083023777231574059e-03
3.629737548828125000e+03 -2.083136467263102531e-03
3.629588378906250000e+03 -2.083262661471962929e-03
3.629447265625000000e+03 -2.083382103592157364e-03
3.629306640625000000e+03 -2.083500381559133530e-03
3.629171630859375000e+03 -2.083614002913236618e-03
3.629016845703125000e+03 -2.083743922412395477e-03
3.628889892578125000e+03 -2.083850093185901642e-03
3.628739257812500000e+03 -2.083975821733474731e-03
3.628610107421875000e+03 -2.084083622321486473e-03
3.628462890625000000e+03 -2.084205858409404755e-03
3.628315185546875000e+03 -2.084328094497323036e-03
3.628178222656250000e+03 -2.084441483020782471e-03
3.628048339843750000e+03 -2.084548817947506905e-03
3.627907470703125000e+03 -2.084665000438690186e-03
3.627762207031250000e+03 -2.084784442558884621e-03
3.627614501953125000e+03 -2.084905514493584633e-03
3.627481689453125000e+03 -2.085014479234814644e-03
3.627334228515625000e+03 -2.085135085508227348e-03
3.627201416015625000e+03 -2.085243584588170052e-03
3.627053955078125000e+03 -2.085364190861582756e-03
3.626921142578125000e+03 -2.085472457110881805e-03
3.626773681640625000e+03 -2.085592597723007202e-03
3.626640869140625000e+03 -2.085700631141662598e-03
3.626493164062500000e+03 -2.085820538923144341e-03
3.626360595703125000e+03 -2.085928572341799736e-03
3.626212890625000000e+03 -2.086048480123281479e-03
3.626065429687500000e+03 -2.086168620735406876e-03
3.625932617187500000e+03 -2.086276654154062271e-03
3.625785156250000000e+03 -2.086396794766187668e-03
3.625652343750000000e+03 -2.086504828184843063e-03
3.625516601562500000e+03 -2.086615655571222305e-03
3.625076904296875000e+03 -2.086975146085023880e-03
3.624947021484375000e+03 -2.087082713842391968e-03
3.624808837890625000e+03 -2.087196335196495056e-03
3.624665527343750000e+03 -2.087314845994114876e-03
3.624517578125000000e+03 -2.087437314912676811e-03
3.624384765625000000e+03 -2.087547909468412399e-03
3.624250000000000000e+03 -2.087660599499940872e-03
3.624098144531250000e+03 -2.087787957862019539e-03
3.623962646484375000e+03 -2.087902044877409935e-03
3.623813476562500000e+03 -2.088028239086270332e-03
3.623682373046875000e+03 -2.088139764964580536e-03
3.623529785156250000e+03 -2.088270150125026703e-03
3.623395507812500000e+03 -2.088385401293635368e-03
3.623254394531250000e+03 -2.088507171720266342e-03
3.623122070312500000e+03 -2.088621957227587700e-03
3.622974853515625000e+03 -2.088750014081597328e-03
3.622842529296875000e+03 -2.088866196572780609e-03
3.622695556640625000e+03 -2.088995650410652161e-03
3.622548339843750000e+03 -2.089126268401741982e-03
3.622416015625000000e+03 -2.089244080707430840e-03
3.622269042968750000e+03 -2.089375862851738930e-03
3.622136718750000000e+03 -2.089495304971933365e-03
3.621989501953125000e+03 -2.089628484100103378e-03
3.621857177734375000e+03 -2.089749090373516083e-03
3.621704589843750000e+03 -2.089893911033868790e-03
3.621572265625000000e+03 -2.090017776936292648e-03
3.621423339843750000e+03 -2.090157940983772278e-03
3.621291015625000000e+03 -2.090282971039414406e-03
3.621142089843750000e+03 -2.090424299240112305e-03
3.621009765625000000e+03 -2.090550726279616356e-03
3.620860839843750000e+03 -2.090693218633532524e-03
3.620728271484375000e+03 -2.090820576995611191e-03
3.620579589843750000e+03 -2.090964233502745628e-03
3.620447021484375000e+03 -2.091092523187398911e-03
3.620298095703125000e+03 -2.091237576678395271e-03
3.620148437500000000e+03 -2.091383794322609901e-03
3.620023925781250000e+03 -2.091506030410528183e-03
3.619881347656250000e+03 -2.091646194458007812e-03
3.619734863281250000e+03 -2.091790782287716866e-03
3.619600097656250000e+03 -2.091924194246530533e-03
3.619459716796875000e+03 -2.092063659802079201e-03
3.619316406250000000e+03 -2.092206384986639023e-03
3.619176757812500000e+03 -2.092346083372831345e-03
3.619034423828125000e+03 -2.092488808557391167e-03
3.618889160156250000e+03 -2.092634560540318489e-03
3.618756591796875000e+03 -2.092768205329775810e-03
3.618607177734375000e+03 -2.092919079586863518e-03
3.618476074218750000e+03 -2.093051793053746223e-03
3.618324707031250000e+03 -2.093205228447914124e-03
3.618197265625000000e+03 -2.093334915116429329e-03
3.618055419921875000e+03 -2.093479270115494728e-03
3.617913574218750000e+03 -2.093624090775847435e-03
3.617771728515625000e+03 -2.093768911436200142e-03
3.617629882812500000e+03 -2.093914197757840157e-03
3.617488281250000000e+03 -2.094059484079480171e-03
3.617346435546875000e+03 -2.094205003231763840e-03
3.617204589843750000e+03 -2.094350988045334816e-03
3.617062744140625000e+03 -2.094496972858905792e-03
3.616920898437500000e+03 -2.094642957672476768e-03
3.616779052734375000e+03 -2.094789408147335052e-03
3.616637207031250000e+03 -2.094935858622193336e-03
3.616495605468750000e+03 -2.095082309097051620e-03
3.616367919921875000e+03 -2.095214556902647018e-03
3.616226074218750000e+03 -2.095361240208148956e-03
3.616084228515625000e+03 -2.095508156344294548e-03
3.615942382812500000e+03 -2.095655305311083794e-03
3.615800781250000000e+03 -2.095802454277873039e-03
3.615658935546875000e+03 -2.095949603244662285e-03
3.615517089843750000e+03 -2.096096985042095184e-03
3.615375244140625000e+03 -2.096244366839528084e-03
3.615233398437500000e+03 -2.096391748636960983e-03
3.615091552734375000e+03 -2.096539363265037537e-03
3.614949951171875000e+03 -2.096686745062470436e-03
3.614808105468750000e+03 -2.096834359690546989e-03
3.614666259765625000e+03 -2.096981974318623543e-03
3.614538574218750000e+03 -2.097114920616149902e-03
3.614396728515625000e+03 -2.097262535244226456e-03
3.614254882812500000e+03 -2.097410382702946663e-03
3.614113281250000000e+03 -2.097557997331023216e-03
3.613971435546875000e+03 -2.097705844789743423e-03
3.613829589843750000e+03 -2.097853459417819977e-03
3.613687744140625000e+03 -2.098001306876540184e-03
3.613545898437500000e+03 -2.098149154335260391e-03
3.613404052734375000e+03 -2.098296768963336945e-03
3.613262451171875000e+03 -2.098444616422057152e-03
3.613120605468750000e+03 -2.098592231050133705e-03
3.612978759765625000e+03 -2.098740078508853912e-03
3.612836914062500000e+03 -2.098887925967574120e-03
3.612709228515625000e+03 -2.099020872265100479e-03
3.612567382812500000e+03 -2.099168486893177032e-03
3.612425781250000000e+03 -2.099316101521253586e-03
3.612283935546875000e+03 -2.099463948979973793e-03
3.612142089843750000e+03 -2.099611563608050346e-03
3.612000244140625000e+03 -2.099759178236126900e-03
3.611858398437500000e+03 -2.099906792864203453e-03
3.611716552734375000e+03 -2.100054407492280006e-03
3.611574951171875000e+03 -2.100202022120356560e-03
3.611433105468750000e+03 -2.100349403917789459e-03
3.611291259765625000e+03 -2.100497018545866013e-03
3.611149414062500000e+03 -2.100644400343298912e-03
3.611007568359375000e+03 -2.100792014971375465e-03
3.610865722656250000e+03 -2.100939396768808365e-03
3.610738281250000000e+03 -2.101071877405047417e-03
3.610596435546875000e+03 -2.101219259202480316e-03
3.610454589843750000e+03 -2.101366640999913216e-03
3.610312744140625000e+03 -2.101513789966702461e-03
3.610170898437500000e+03 -2.101661171764135361e-03
3.610029052734375000e+03 -2.101808320730924606e-03
3.609887451171875000e+03 -2.101955469697713852e-03
3.609745605468750000e+03 -2.102102618664503098e-03
3.609603759765625000e+03 -2.102249767631292343e-03
3.609470458984375000e+03 -2.102388069033622742e-03
3.609330566406250000e+03 -2.102532889693975449e-03
3.609172119140625000e+03 -2.102697035297751427e-03
3.609040283203125000e+03 -2.102833706885576248e-03
3.608902099609375000e+03 -2.102976664900779724e-03
3.608746582031250000e+03 -2.103137783706188202e-03
3.608598876953125000e+03 -2.103290753439068794e-03
3.608465820312500000e+03 -2.103428123518824577e-03
3.608266601562500000e+03 -2.103634411469101906e-03
3.608202392578125000e+03 -2.103700768202543259e-03
3.608052490234375000e+03 -2.103855833411216736e-03
3.607919921875000000e+03 -2.103992970660328865e-03
3.607772216796875000e+03 -2.104145474731922150e-03
3.607631835937500000e+03 -2.104290528222918510e-03
3.607483642578125000e+03 -2.104443497955799103e-03
3.607356445312500000e+03 -2.104574814438819885e-03
3.607216796875000000e+03 -2.104719169437885284e-03
3.607078369140625000e+03 -2.104861894622445107e-03
3.606932861328125000e+03 -2.105012303218245506e-03
3.606792236328125000e+03 -2.105157123878598213e-03
3.606651855468750000e+03 -2.105301944538950920e-03
3.606511230468750000e+03 -2.105446765199303627e-03
3.606370849609375000e+03 -2.105591585859656334e-03
3.606230468750000000e+03 -2.105736406520009041e-03
3.606089843750000000e+03 -2.105880994349718094e-03
3.605949462890625000e+03 -2.106025582179427147e-03
3.605801025390625000e+03 -2.106178319081664085e-03
3.605653076171875000e+03 -2.106330590322613716e-03
3.605522216796875000e+03 -2.106465166434645653e-03
3.605385253906250000e+03 -2.106606028974056244e-03
3.605248291015625000e+03 -2.106746891513466835e-03
3.605097656250000000e+03 -2.106901956722140312e-03
3.604960449218750000e+03 -2.107042586430907249e-03
3.604823486328125000e+03 -2.107183448970317841e-03
3.604686523437500000e+03 -2.107324078679084778e-03
3.604535888671875000e+03 -2.107478911057114601e-03
3.604398681640625000e+03 -2.107619540765881538e-03
3.604261718750000000e+03 -2.107760170474648476e-03
3.604111083984375000e+03 -2.107914770022034645e-03
3.603974121093750000e+03 -2.108055399730801582e-03
3.603837158203125000e+03 -2.108195796608924866e-03
3.603699951171875000e+03 -2.108336426317691803e-03
3.603549316406250000e+03 -2.108490793034434319e-03
3.603412353515625000e+03 -2.108631189912557602e-03
3.603275390625000000e+03 -2.108771586790680885e-03
3.603138183593750000e+03 -2.108911750838160515e-03
3.602987548828125000e+03 -2.109066117554903030e-03
3.602850585937500000e+03 -2.109206281602382660e-03
3.602713623046875000e+03 -2.109346678480505943e-03
3.602562744140625000e+03 -2.109500812366604805e-03
3.602425781250000000e+03 -2.109640976414084435e-03
3.602288818359375000e+03 -2.109780907630920410e-03
3.602151855468750000e+03 -2.109921071678400040e-03
3.602000976562500000e+03 -2.110074972733855247e-03
3.601864013671875000e+03 -2.110215136781334877e-03
3.601727050781250000e+03 -2.110355067998170853e-03
3.601590087890625000e+03 -2.110494999215006828e-03
3.601439208984375000e+03 -2.110648667439818382e-03
3.601302246093750000e+03 -2.110788598656654358e-03
3.601165283203125000e+03 -2.110928529873490334e-03
3.601014648437500000e+03 -2.111082198098301888e-03
3.600877685546875000e+03 -2.111221896484494209e-03
3.600740478515625000e+03 -2.111361594870686531e-03
3.600603515625000000e+03 -2.111501293256878853e-03
3.600452880859375000e+03 -2.111654961481690407e-03
3.600315917968750000e+03 -2.111794427037239075e-03
3.600178710937500000e+03 -2.111934125423431396e-03
3.600041748046875000e+03 -2.112073590978980064e-03
3.599891113281250000e+03 -2.112227026373147964e-03
3.599754150390625000e+03 -2.112366491928696632e-03
3.599616943359375000e+03 -2.112505957484245300e-03
3.599479980468750000e+03 -2.112645423039793968e-03
3.599329345703125000e+03 -2.112798625603318214e-03
3.599192382812500000e+03 -2.112938091158866882e-03
3.599055419921875000e+03 -2.113077323883771896e-03
3.598904541015625000e+03 -2.113230526447296143e-03
3.598767578125000000e+03 -2.113369759172201157e-03
3.598630615234375000e+03 -2.113508991897106171e-03
3.598493652343750000e+03 -2.113648224622011185e-03
3.598342773437500000e+03 -2.113801427185535431e-03
3.598205810546875000e+03 -2.113940427079796791e-03
3.598068847656250000e+03 -2.114079659804701805e-03
3.597931884765625000e+03 -2.114218659698963165e-03
3.597781005859375000e+03 -2.114371629431843758e-03
3.597644042968750000e+03 -2.114510629326105118e-03
3.597507080078125000e+03 -2.114649629220366478e-03
3.597369140625000000e+03 -2.114789560437202454e-03
