5.652148925781250000e+03 0.000000000000000000e+00
5.652145019531250000e+03 -1.483303080362929904e-08
5.652118164062500000e+03 -1.165661700497366837e-07
5.652053222656250000e+03 -3.605864833389205160e-07
5.651917968750000000e+03 -8.640108717372640967e-07
5.651715332031250000e+03 -1.615644578123465180e-06
5.651421386718750000e+03 -2.703794280023430474e-06
5.650981445312500000e+03 -4.327641363488510251e-06
5.650446289062500000e+03 -6.291356839938089252e-06
5.649709960937500000e+03 -8.934403012972325087e-06
5.648870117187500000e+03 -1.050374794431263581e-05
5.647770019531250000e+03 -7.836390977900009602e-06
5.646565429687500000e+03 -7.567365173599682748e-06
5.645039550781250000e+03 -7.150080818973947316e-06
5.643415039062500000e+03 -7.158586413424927741e-06
5.641405761718750000e+03 -7.126043783500790596e-06
5.639310058593750000e+03 -7.257481684064259753e-06
5.636971191406250000e+03 -7.436779469571774825e-06
5.634151367187500000e+03 -7.760026164760347456e-06
5.631273925781250000e+03 -8.185702426999341697e-06
5.627848144531250000e+03 -8.817356501822359860e-06
5.624391113281250000e+03 -9.586025953467469662e-06
5.620316894531250000e+03 -1.064647858584066853e-05
5.616244140625000000e+03 -1.186052941193338484e-05
5.611484375000000000e+03 -1.345460987067781389e-05
5.606762695312500000e+03 -1.520095247542485595e-05
5.601718750000000000e+03 -1.722011256788391620e-05
5.595883789062500000e+03 -1.969449658645316958e-05
5.590149414062500000e+03 -2.204585325671359897e-05
5.583553710937500000e+03 -2.308535295014735311e-05
5.577104980468750000e+03 -1.589219937159214169e-05
5.569723632812500000e+03 -1.564641752338502556e-05
5.562541015625000000e+03 -1.724104185996111482e-05
5.554354980468750000e+03 -1.955824518518056720e-05
5.546421386718750000e+03 -2.148636485799215734e-05
5.537414550781250000e+03 -2.435795067867729813e-05
5.528716308593750000e+03 -2.717085953918285668e-05
5.519647949218750000e+03 -3.044427830900531262e-05
5.509403320312500000e+03 -3.433478195802308619e-05
5.499557128906250000e+03 -3.837277836282737553e-05
5.488466308593750000e+03 -4.321341475588269532e-05
5.477836425781250000e+03 -4.806935612577944994e-05
5.465895019531250000e+03 -5.374254760681651533e-05
5.454479003906250000e+03 -5.921390766161493957e-05
5.441686035156250000e+03 -6.519528687931597233e-05
5.429484375000000000e+03 -7.103617099346593022e-05
5.416906738281250000e+03 -7.742196612525731325e-05
5.402857421875000000e+03 -8.519913535565137863e-05
5.389500000000000000e+03 -9.328453597845509648e-05
5.374609375000000000e+03 -1.030499697662889957e-04
5.360479003906250000e+03 -1.130099990405142307e-04
5.344756347656250000e+03 -1.248734333785250783e-04
5.329862792968750000e+03 -1.368450903100892901e-04
5.313319824218750000e+03 -1.509547728346660733e-04
5.297675292968750000e+03 -1.650779886404052377e-04
5.280326171875000000e+03 -1.816069125197827816e-04
5.263945312500000000e+03 -1.980303059099242091e-04
5.247216308593750000e+03 -2.156105911126360297e-04
5.228706054687500000e+03 -2.359944774070754647e-04
5.211266113281250000e+03 -2.560720895417034626e-04
5.191996093750000000e+03 -2.792216546367853880e-04
5.173864746093750000e+03 -3.019034629687666893e-04
5.153857421875000000e+03 -3.279166412539780140e-04
5.135057128906250000e+03 -3.532759728841483593e-04
5.114337402343750000e+03 -3.822200233116745949e-04
5.094891601562500000e+03 -4.103012033738195896e-04
5.075144531250000000e+03 -4.396935401018708944e-04
5.053419921875000000e+03 -4.730089276563376188e-04
5.033065917968750000e+03 -5.051081534475088120e-04
5.010698730468750000e+03 -5.413166945800185204e-04
4.989765625000000000e+03 -5.760301137343049049e-04
4.966786621093750000e+03 -6.149800028651952744e-04
4.945304199218750000e+03 -6.521086907014250755e-04
4.921746093750000000e+03 -6.935053388588130474e-04
4.899745605468750000e+03 -7.326798513531684875e-04
4.875643554687500000e+03 -7.759764557704329491e-04
4.853156250000000000e+03 -8.165035396814346313e-04
4.830448242187500000e+03 -8.572626975364983082e-04
4.805606445312500000e+03 -9.011957445181906223e-04
4.782462402343750000e+03 -9.409180493094027042e-04
4.757167480468750000e+03 -9.820682462304830551e-04
4.733623046875000000e+03 -1.017090748064219952e-03
4.707914062500000000e+03 -1.050033140927553177e-03
4.684005371093750000e+03 -1.074042171239852905e-03
4.657921875000000000e+03 -1.091862446628510952e-03
4.633686035156250000e+03 -1.101640635170042515e-03
4.609307128906250000e+03 -1.107956864871084690e-03
4.582744628906250000e+03 -1.114209764637053013e-03
4.558095214843750000e+03 -1.120940782129764557e-03
4.531261230468750000e+03 -1.129672047682106495e-03
4.506380859375000000e+03 -1.139080384746193886e-03
4.479525878906250000e+03 -1.147095696069300175e-03
4.454334960937500000e+03 -1.157846301794052124e-03
4.427086914062500000e+03 -1.170294824987649918e-03
4.401863769531250000e+03 -1.184526132419705391e-03
4.374473144531250000e+03 -1.199928228743374348e-03
4.349139160156250000e+03 -1.214577001519501209e-03
4.322642578125000000e+03 -1.229889923706650734e-03
4.297133789062500000e+03 -1.245560357347130775e-03
4.271151367187500000e+03 -1.250340021215379238e-03
4.243499511718750000e+03 -1.279961434192955494e-03
4.218066406250000000e+03 -1.289316685870289803e-03
4.190525878906250000e+03 -1.308906124904751778e-03
4.165124511718750000e+03 -1.326745026744902134e-03
4.137640136718750000e+03 -1.350781647488474846e-03
4.112824707031250000e+03 -1.365317031741142273e-03
4.084850585937500000e+03 -1.384817180223762989e-03
4.059634521484375000e+03 -1.403874019160866737e-03
4.034487304687500000e+03 -1.424556947313249111e-03
4.007332763671875000e+03 -1.443667220883071423e-03
3.982321777343750000e+03 -1.460587489418685436e-03
3.955354492187500000e+03 -1.478712190873920918e-03
3.930593261718750000e+03 -1.499784877523779869e-03
3.904833740234375000e+03 -1.519480254501104355e-03
3.880094482421875000e+03 -1.543792663142085075e-03
3.854495361328125000e+03 -1.553490874357521534e-03
3.829638916015625000e+03 -1.573845976963639259e-03
3.804269775390625000e+03 -1.595129375346004963e-03
3.779397460937500000e+03 -1.616380526684224606e-03
3.754006835937500000e+03 -1.630759797990322113e-03
3.730890380859375000e+03 -1.640860922634601593e-03
3.706504150390625000e+03 -1.663826522417366505e-03
3.681583251953125000e+03 -1.684045884758234024e-03
3.658509277343750000e+03 -1.704119844362139702e-03
3.635109619140625000e+03 -1.721323002129793167e-03
3.611709472656250000e+03 -1.740493346005678177e-03
3.588411376953125000e+03 -1.764098065905272961e-03
3.565822021484375000e+03 -1.784952706657350063e-03
3.543368896484375000e+03 -1.804064726456999779e-03
3.521210693359375000e+03 -1.825267449021339417e-03
3.499292968750000000e+03 -1.818161108531057835e-03
3.477541503906250000e+03 -1.846476690843701363e-03
3.456026855468750000e+03 -1.864204416051506996e-03
3.434778076171875000e+03 -1.888076309114694595e-03
3.414202636718750000e+03 -1.912712352350354195e-03
3.393789062500000000e+03 -1.909937593154609203e-03
3.373540527343750000e+03 -1.926631317473948002e-03
3.353763183593750000e+03 -1.950684003531932831e-03
3.334305419921875000e+03 -1.966859912499785423e-03
3.314912841796875000e+03 -1.995137659832835197e-03
3.296117675781250000e+03 -2.007241593673825264e-03
3.287057617187500000e+03 -2.006947528570890427e-03
