5.161913655903570101e-08
2.107342425544701733e-08
8.688795409866128145e-08
2.980232238769542367e-07
7.627298767608426612e-07
1.469257516258311490e-06
2.488449304718194883e-06
4.035216842795996490e-06
5.917993870030413484e-06
8.516583966992249526e-06
1.150915761771857760e-05
1.544589996621896806e-05
1.979671841425010830e-05
2.535779247429130240e-05
3.136462587697095704e-05
3.891394238415725996e-05
4.699591426066329684e-05
5.644759693499857970e-05
6.913014051543854240e-05
8.511941361933775079e-05
1.108503140714172812e-04
1.577844093116435311e-04
4.918293493808468956e-04
7.139040999662568578e-04
7.845158589183339783e-04
9.117515002868098418e-04
1.140422550100653274e-03
1.330845386402885588e-03
1.530166782309462558e-03
1.796921839882305782e-03
2.043948716584370693e-03
2.345052478064984982e-03
2.638875864756032568e-03
2.958862220962211239e-03
3.282659100791682563e-03
3.658337506010095590e-03
4.026540073388074591e-03
4.424498961839183619e-03
4.882908173218795250e-03
5.332512416148079727e-03
5.852934103475017358e-03
6.361359650707380797e-03
6.944756908594145947e-03
7.515426736590042830e-03
8.168649138096076290e-03
8.808114721142101464e-03
9.485756993398267861e-03
1.024813234419951098e-02
1.096214881355004125e-02
1.176028369864060528e-02
1.250636362498222347e-02
1.331976357112713526e-02
1.406902538310149040e-02
1.486792768933541814e-02
1.556919183022091764e-02
1.574545230606868781e-02
1.568714549538359829e-02
1.690792184742251000e-02
1.818242656856414521e-02
1.962174388874661501e-02
2.121282191999970812e-02
2.266412253099965579e-02
2.447397161725275647e-02
2.618233511345824382e-02
2.810064609424814744e-02
3.003158562238477866e-02
3.201674970729005698e-02
3.425313159516962802e-02
3.642882852114709413e-02
3.882801959592342006e-02
4.106280736182943425e-02
4.344681839360131637e-02
4.544847059768790387e-02
4.710458728433254000e-02
4.770787375656065227e-02
4.705290887734932259e-02
4.609905491099039465e-02
4.573771189261471165e-02
4.576677149117623633e-02
4.577999679511988995e-02
4.593776953026778437e-02
4.638327866844081659e-02
4.696333031584021961e-02
4.751930684053278647e-02
4.829505858629595805e-02
4.917253268601854549e-02
5.011586191373138682e-02
5.123777108142317516e-02
5.243880419292318296e-02
5.391699716508861762e-02
5.543016156718578308e-02
5.728749259228372442e-02
5.928285819278594770e-02
6.183340549631207578e-02
6.467485249043070095e-02
6.873292324664369290e-02
7.561623318252956583e-02
8.995261612883813374e-02
1.204754163591380545e-01
1.671094306426449960e-01
1.885122866077197923e-01
1.583798113830865439e-01
1.664068966392352189e-01
1.656417640234850441e-01
1.914430061378888104e-01
1.924083863210856449e-01
1.896861238779108949e-01
1.921630042126458993e-01
2.053767256046261924e-01
2.159863398606892693e-01
2.166075153607969761e-01
2.181750397939590802e-01
2.262510079347883063e-01
2.369680401217739985e-01
2.435848209995009339e-01
2.462131701617556179e-01
2.509340969968599788e-01
2.600670608860264355e-01
2.696032029759513060e-01
2.745015331920033219e-01
2.786196018945598651e-01
2.852911248848039594e-01
2.941188235116434790e-01
3.019960139306150926e-01
3.077661816826335328e-01
3.128452259070231833e-01
3.199398924351480877e-01
3.284624543951994990e-01
3.361441919364384079e-01
3.418534274167859266e-01
3.476537746351537894e-01
3.546366309192870991e-01
3.626027477598041671e-01
3.698730413333071732e-01
3.759705618410709715e-01
3.822650851956431173e-01
3.887657203213309987e-01
3.959443858648726278e-01
4.029209985214809442e-01
4.078925248694776906e-01
4.131084684796214046e-01
4.194340918913632144e-01
4.256931551686710113e-01
4.317594409012545653e-01
4.372751287130038911e-01
4.418515710612224145e-01
4.471886629788879297e-01
4.539398904554167169e-01
4.593099837522104378e-01
4.646864023275037447e-01
4.699892953355890302e-01
4.746065611239492221e-01
4.800017087771178415e-01
4.857427862566940924e-01
4.906475948106596707e-01
4.984627558157690430e-01
5.036057207917702394e-01
5.071650443290912635e-01
5.125665217534250973e-01
5.159014305568589975e-01
5.194580435852973466e-01
5.255641271086525235e-01
5.296219327216968864e-01
5.323574888672316652e-01
5.365039127423358867e-01
5.400394380881833323e-01
5.408268928992514546e-01
