5.652148925781250000e+03 0.000000000000000000e+00
5.652145019531250000e+03 -2.421316835921061283e-08
5.652118164062500000e+03 -1.902557613675526227e-07
5.652053222656250000e+03 -5.885628411306242924e-07
5.651917968750000000e+03 -1.410422896697127726e-06
5.651715332031250000e+03 -2.637839088492910378e-06
5.651421386718750000e+03 -4.415649527800269425e-06
5.650981445312500000e+03 -7.071453183016274124e-06
5.650446289062500000e+03 -1.029265604302054271e-05
5.649709960937500000e+03 -1.471749783377163112e-05
5.648870117187500000e+03 -1.975086524907965213e-05
5.647770019531250000e+03 -2.631965617183595896e-05
5.646565429687500000e+03 -3.348369864397682250e-05
5.645039550781250000e+03 -4.249750782037153840e-05
5.643415039062500000e+03 -5.194947516429238021e-05
5.641406250000000000e+03 -6.001473957439884543e-05
5.639310058593750000e+03 -4.933493619319051504e-05
5.636971679687500000e+03 -4.973536124452948570e-05
5.634151855468750000e+03 -4.906913090962916613e-05
5.631273925781250000e+03 -4.857584644923917949e-05
5.627848144531250000e+03 -4.853222344536334276e-05
5.624391113281250000e+03 -4.884044756181538105e-05
5.620317382812500000e+03 -4.944537431583739817e-05
5.616244140625000000e+03 -5.020571552449837327e-05
5.611484375000000000e+03 -5.133830563863739371e-05
5.606762695312500000e+03 -5.255546057014726102e-05
5.601718750000000000e+03 -5.262692138785496354e-05
5.595884277343750000e+03 -5.771005453425459564e-05
5.590149902343750000e+03 -6.256682536331936717e-05
5.583553710937500000e+03 -6.879123975522816181e-05
5.577104980468750000e+03 -7.546739652752876282e-05
5.569724121093750000e+03 -8.324804366566240788e-05
5.562541503906250000e+03 -9.123900235863402486e-05
5.554355468750000000e+03 -1.009283732855692506e-04
5.546421875000000000e+03 -1.107108619180507958e-04
5.537414550781250000e+03 -1.221658894792199135e-04
5.528716796875000000e+03 -1.335651904810220003e-04
5.519648437500000000e+03 -1.456421305192634463e-04
5.509403808593750000e+03 -1.593150518601760268e-04
5.499557617187500000e+03 -1.722866873024031520e-04
5.488466796875000000e+03 -1.862114731920883060e-04
5.477836425781250000e+03 -1.983225665753707290e-04
5.465895507812500000e+03 -2.112060319632291794e-04
5.454479492187500000e+03 -2.231287508038803935e-04
5.441686523437500000e+03 -2.286907838424667716e-04
5.429484863281250000e+03 -2.305294474354013801e-04
5.416907226562500000e+03 -2.307998802280053496e-04
5.402857910156250000e+03 -2.020793472183868289e-04
5.389500488281250000e+03 -2.197778230765834451e-04
5.374609863281250000e+03 -2.383002429269254208e-04
5.360479492187500000e+03 -2.571202057879418135e-04
5.344756835937500000e+03 -2.785843971651047468e-04
5.329863281250000000e+03 -2.993172092828899622e-04
5.313320312500000000e+03 -3.234454779885709286e-04
5.297675781250000000e+03 -3.467987116891890764e-04
5.280326660156250000e+03 -3.732169279828667641e-04
5.263945800781250000e+03 -3.990782715845853090e-04
5.247216796875000000e+03 -4.261208232492208481e-04
5.228706542968750000e+03 -4.567520227283239365e-04
5.211266601562500000e+03 -4.865625815000385046e-04
5.191996582031250000e+03 -5.204028566367924213e-04
5.173865722656250000e+03 -5.530820926651358604e-04
5.153858398437500000e+03 -5.902237026020884514e-04
5.135058105468750000e+03 -6.260228692553937435e-04
5.114337890625000000e+03 -6.664238753728568554e-04
5.094892089843750000e+03 -7.052673026919364929e-04
5.075145507812500000e+03 -7.455134764313697815e-04
5.053420898437500000e+03 -7.906387327238917351e-04
5.033066894531250000e+03 -8.336843457072973251e-04
5.010699707031250000e+03 -8.816961781121790409e-04
4.989766601562500000e+03 -9.271639864891767502e-04
4.966787597656250000e+03 -9.775068610906600952e-04
4.945305175781250000e+03 -1.024713739752769470e-03
4.921747558593750000e+03 -1.076223910786211491e-03
4.899746582031250000e+03 -1.123509369790554047e-03
4.875644531250000000e+03 -1.173235592432320118e-03
4.853157714843750000e+03 -1.215678872540593147e-03
4.830449218750000000e+03 -1.250667730346322060e-03
4.805607421875000000e+03 -1.269863685593008995e-03
4.782463378906250000e+03 -1.256846124306321144e-03
4.757168457031250000e+03 -1.229766290634870529e-03
4.733623535156250000e+03 -1.223710132762789726e-03
4.707914550781250000e+03 -1.223953673616051674e-03
4.684005859375000000e+03 -1.228451263159513474e-03
4.657922363281250000e+03 -1.236185082234442234e-03
4.633686523437500000e+03 -1.245798077434301376e-03
4.609307617187500000e+03 -1.256343326531350613e-03
4.582745117187500000e+03 -1.268335967324674129e-03
4.558095703125000000e+03 -1.281092525459825993e-03
4.531261718750000000e+03 -1.240561832673847675e-03
4.506381347656250000e+03 -1.259495969861745834e-03
4.479318359375000000e+03 -1.288910745643079281e-03
4.454246582031250000e+03 -1.309099490754306316e-03
4.426997558593750000e+03 -1.297527574934065342e-03
4.402563476562500000e+03 -1.243473496288061142e-03
4.375636230468750000e+03 -1.320096198469400406e-03
4.348190917968750000e+03 -1.318649388849735260e-03
4.322817382812500000e+03 -1.338743139058351517e-03
4.297414062500000000e+03 -1.346755307167768478e-03
4.269872558593750000e+03 -1.367257791571319103e-03
4.244439453125000000e+03 -1.383275026455521584e-03
4.216887207031250000e+03 -1.398777589201927185e-03
4.191465332031250000e+03 -1.412434154190123081e-03
4.163947265625000000e+03 -1.430753734894096851e-03
4.138576660156250000e+03 -1.447795191779732704e-03
4.111137207031250000e+03 -1.464476459659636021e-03
4.085859619140625000e+03 -1.479612197726964951e-03
4.060641113281250000e+03 -1.496339100413024426e-03
4.033398437500000000e+03 -1.515123294666409492e-03
4.008332763671875000e+03 -1.531544839963316917e-03
3.981277343750000000e+03 -1.548909116536378860e-03
3.956404541015625000e+03 -1.566439867019653320e-03
3.929579589843750000e+03 -1.586554804816842079e-03
3.904939453125000000e+03 -1.605204073712229729e-03
3.878387695312500000e+03 -1.625253818929195404e-03
3.854019042968750000e+03 -1.643871422857046127e-03
3.827782714843750000e+03 -1.664508599787950516e-03
3.803724121093750000e+03 -1.683588488958775997e-03
3.779827880859375000e+03 -1.702357898466289043e-03
3.754133056640625000e+03 -1.719364780001342297e-03
3.730602294921875000e+03 -1.739572850055992603e-03
3.705323242187500000e+03 -1.758329453878104687e-03
3.682194091796875000e+03 -1.776499440893530846e-03
3.657369628906250000e+03 -1.794593525119125843e-03
3.634677490234375000e+03 -1.810458605177700520e-03
3.610345214843750000e+03 -1.828929642215371132e-03
3.588831054687500000e+03 -1.839190605096518993e-03
3.565893554687500000e+03 -1.860309741459786892e-03
3.542343750000000000e+03 -1.899568596854805946e-03
3.519995117187500000e+03 -1.908094505779445171e-03
3.497929687500000000e+03 -1.921948743984103203e-03
3.476587646484375000e+03 -1.941682538017630577e-03
3.455532226562500000e+03 -1.961239613592624664e-03
3.433509277343750000e+03 -1.986074959859251976e-03
3.412652832031250000e+03 -2.002041554078459740e-03
3.392932128906250000e+03 -2.015024423599243164e-03
3.373512939453125000e+03 -2.033090684562921524e-03
3.352822265625000000e+03 -2.054486190900206566e-03
3.334049560546875000e+03 -2.073091454803943634e-03
3.314072509765625000e+03 -2.089875983074307442e-03
3.295970214843750000e+03 -2.100401092320680618e-03
3.276996337890625000e+03 -2.114858711138367653e-03
3.259581054687500000e+03 -2.148880390450358391e-03
3.241092773437500000e+03 -2.154572168365120888e-03
3.224247558593750000e+03 -2.169128507375717163e-03
3.206547851562500000e+03 -2.171688713133335114e-03
3.190576660156250000e+03 -2.194478176534175873e-03
3.174961181640625000e+03 -2.219190821051597595e-03
3.158449707031250000e+03 -2.232595812529325485e-03
3.143585693359375000e+03 -2.243491588160395622e-03
3.127783691406250000e+03 -2.256182953715324402e-03
3.113903564453125000e+03 -2.269914606586098671e-03
3.099429931640625000e+03 -2.289932686835527420e-03
3.085199218750000000e+03 -2.306653186678886414e-03
3.072556396484375000e+03 -2.315865131095051765e-03
3.059303955078125000e+03 -2.326061716303229332e-03
3.046469970703125000e+03 -2.339468337595462799e-03
3.034055175781250000e+03 -2.354676835238933563e-03
3.022409667968750000e+03 -2.368971938267350197e-03
3.011318359375000000e+03 -2.379780169576406479e-03
3.000219482421875000e+03 -2.388487337157130241e-03
2.989527343750000000e+03 -2.398547250777482986e-03
2.979024414062500000e+03 -2.410904038697481155e-03
2.969749511718750000e+03 -2.422013785690069199e-03
2.960264892578125000e+03 -2.432094421237707138e-03
2.951014648437500000e+03 -2.440253039821982384e-03
2.942663818359375000e+03 -2.447552978992462158e-03
2.934378173828125000e+03 -2.456431044265627861e-03
2.926586669921875000e+03 -2.465958241373300552e-03
2.919110839843750000e+03 -2.474600449204444885e-03
2.912227783203125000e+03 -2.481456845998764038e-03
2.905352539062500000e+03 -2.487675752490758896e-03
2.899295654296875000e+03 -2.493508160114288330e-03
2.893091796875000000e+03 -2.500451169908046722e-03
2.887654541015625000e+03 -2.506945980712771416e-03
2.882554443359375000e+03 -2.512450097128748894e-03
2.877529296875000000e+03 -2.517200773581862450e-03
2.873101074218750000e+03 -2.521524205803871155e-03
2.868898437500000000e+03 -2.526052296161651611e-03
2.864876464843750000e+03 -2.530766418203711510e-03
2.861382324218750000e+03 -2.534964587539434433e-03
2.858187011718750000e+03 -2.538405125960707664e-03
2.855127685546875000e+03 -2.541131805628538132e-03
2.852510742187500000e+03 -2.543479902669787407e-03
2.850082763671875000e+03 -2.546062460169196129e-03
2.847921630859375000e+03 -2.541255671530961990e-03
2.845980468750000000e+03 -2.546888077631592751e-03
2.844354003906250000e+03 -2.547070849686861038e-03
2.842906250000000000e+03 -2.543687820434570312e-03
2.841637207031250000e+03 -2.550858771428465843e-03
2.840640869140625000e+03 -2.557640662416815758e-03
2.839758789062500000e+03 -2.552686491981148720e-03
2.839078613281250000e+03 -2.549326280131936073e-03
2.838529296875000000e+03 -2.552658319473266602e-03
2.838106689453125000e+03 -2.554341452196240425e-03
2.837802001953125000e+03 -2.555257640779018402e-03
2.837604248046875000e+03 -2.557392930611968040e-03
2.837476318359375000e+03 -2.555740531533956528e-03
2.837412109375000000e+03 -2.552459016442298889e-03
2.837389160156250000e+03 -2.553653903305530548e-03
2.837385986328125000e+03 -2.556352177634835243e-03
