2.107342425544701733e-08
2.107342425544701733e-08
6.664001874625057725e-08
2.190014489993318541e-07
5.462855929083700982e-07
1.030876073624416674e-06
1.750490087937151057e-06
2.821321498404214547e-06
4.142093979302238279e-06
5.967315074866006345e-06
8.086265841454850817e-06
1.089689631444312252e-05
1.405666903677650765e-05
1.816480275930649175e-05
2.276681899546566213e-05
2.899691691386929889e-05
3.786533130013197901e-05
8.161964651685711864e-05
1.694684491201932765e-04
2.017770317836192913e-04
2.441123441397871391e-04
3.105400156930589856e-04
3.522816885603575728e-04
4.043264449539221142e-04
4.773518618646737494e-04
5.401641015164739251e-04
6.193982155220655343e-04
7.164269146322282868e-04
8.119683738091279003e-04
9.327844924939491383e-04
1.054856989311597337e-03
1.200100011020022086e-03
1.349885902102423247e-03
1.526396838683294864e-03
1.704963529112700580e-03
1.916744734949101751e-03
2.128808855084564616e-03
2.358869402988006229e-03
2.629369869438048356e-03
2.899752307814872348e-03
3.217926336503376672e-03
3.538013486085076712e-03
3.917336439030896268e-03
4.284186532522757385e-03
4.699794678632691902e-03
5.115594491805958155e-03
5.560097496310841339e-03
6.081762357935074047e-03
6.602694176804207657e-03
7.205956252276967886e-03
7.805740385447759028e-03
8.503426683304683362e-03
9.193166442767842367e-03
9.995745327639972769e-03
1.078957547638986249e-02
1.171082446262460344e-02
1.262221714780436578e-02
1.359521415916462549e-02
1.472381309440296514e-02
1.583949776682376867e-02
1.713422103521583875e-02
1.841621778685864283e-02
1.990983883165980961e-02
2.139923168090928154e-02
2.315801822744664729e-02
2.495613581074227275e-02
2.699473371984382336e-02
2.961339949074238975e-02
3.247941871027569538e-02
3.578365348269334917e-02
3.877835761473399229e-02
4.203300222006198933e-02
4.509135724247462923e-02
4.843205589154971763e-02
5.157310742701593648e-02
5.506227286484514927e-02
5.834448834295557357e-02
6.169539831592270318e-02
6.541382799763108269e-02
6.891284504835343272e-02
7.276830982302465167e-02
7.638026787928896277e-02
8.031739688526795540e-02
8.392630378720497553e-02
8.771333956944134258e-02
9.090014659127779173e-02
9.335472929553535748e-02
9.438215538899856483e-02
9.457319983683869224e-02
9.674811675664621302e-02
1.003497892387579388e-01
1.041151626192804297e-01
1.067354576216575784e-01
1.102035803898640531e-01
1.143524220205862224e-01
1.188040800993645923e-01
1.224862817637936696e-01
1.264441636865334118e-01
1.313908076803787794e-01
1.360665742120274191e-01
1.407400217898455430e-01
1.482944335301156769e-01
1.535071854876350339e-01
1.571890323783178556e-01
1.618939723465491198e-01
1.681412991897205944e-01
1.743077470801835949e-01
1.789792181229758194e-01
1.843009679019302627e-01
1.903561153598173072e-01
1.965953827697312639e-01
2.026760834938370892e-01
2.081010655476737414e-01
2.146497777879749214e-01
2.227774564918985900e-01
2.294637974580180650e-01
2.352520741014913208e-01
2.424582792525159514e-01
2.494877697465346100e-01
2.565686732793464597e-01
2.620708497459426911e-01
2.702980181828215089e-01
2.769217920255168663e-01
2.840617415627263442e-01
2.898223194711944117e-01
2.973071795803429174e-01
3.057304428749520464e-01
3.125281339303721539e-01
3.185492169774088445e-01
3.235324384634946093e-01
3.301620949075458888e-01
3.399913336673470177e-01
3.445198871649910455e-01
