5.652143066406250000e+03 0.000000000000000000e+00
5.645106445312500000e+03 -4.875376907875761390e-05
5.638069335937500000e+03 -7.813172123860567808e-05
5.631032714843750000e+03 -7.514317258028313518e-05
5.623995605468750000e+03 -7.628629100508987904e-05
5.595848144531250000e+03 -9.637614857638254762e-05
5.567700683593750000e+03 -1.305811165366321802e-04
5.539552734375000000e+03 -1.746711495798081160e-04
5.511405273437500000e+03 -2.255414146929979324e-04
5.483257812500000000e+03 -2.801117661874741316e-04
5.455110351562500000e+03 -3.342251875437796116e-04
5.426962890625000000e+03 -3.767539456021040678e-04
5.419925781250000000e+03 -3.743852430488914251e-04
5.419486328125000000e+03 -3.732153854798525572e-04
5.419046386718750000e+03 -3.715457278303802013e-04
5.418606445312500000e+03 -3.690765006467700005e-04
5.418441406250000000e+03 -3.678276261780411005e-04
5.418194335937500000e+03 -3.650666621979326010e-04
5.417946777343750000e+03 -3.588973486330360174e-04
5.417761230468750000e+03 -3.498753940220922232e-04
5.417668457031250000e+03 -3.390553174540400505e-04
5.417503417968750000e+03 -2.724192454479634762e-04
5.417354492187500000e+03 -2.727137471083551645e-04
5.417220703125000000e+03 -2.729038824327290058e-04
5.417020019531250000e+03 -2.731813583523035049e-04
5.416718750000000000e+03 -2.735963207669556141e-04
5.416267089843750000e+03 -2.742193755693733692e-04
5.415588867187500000e+03 -2.751558204181492329e-04
5.414572265625000000e+03 -2.765647368505597115e-04
5.413047363281250000e+03 -2.786876284517347813e-04
5.410759277343750000e+03 -2.818932989612221718e-04
5.407328125000000000e+03 -2.867495059035718441e-04
5.402180664062500000e+03 -2.941400744020938873e-04
5.398814941406250000e+03 -2.990452921949326992e-04
5.370667480468750000e+03 -3.420974535401910543e-04
5.342520019531250000e+03 -3.886094200424849987e-04
5.314372558593750000e+03 -4.382759216241538525e-04
5.286224609375000000e+03 -4.908241098746657372e-04
5.258077148437500000e+03 -5.460130050778388977e-04
5.229929687500000000e+03 -6.036317208781838417e-04
5.201782226562500000e+03 -6.634943420067429543e-04
5.173634765625000000e+03 -7.254324737004935741e-04
5.145487304687500000e+03 -7.892886642366647720e-04
5.117339843750000000e+03 -8.549284539185464382e-04
5.089192382812500000e+03 -9.221472428180277348e-04
5.061044921875000000e+03 -9.907871717587113380e-04
5.032897460937500000e+03 -1.060650567524135113e-03
5.004750000000000000e+03 -1.131515367887914181e-03
