8.161702118890975363e-08
1.010645923484157145e-07
1.381876840516285754e-07
3.775614338910580249e-07
9.059121700269688678e-07
1.708897493700169896e-06
2.883365064921329283e-06
4.658275545836983384e-06
6.812129034557532799e-06
9.794790670162665104e-06
1.320184015839899884e-05
1.769129968944682636e-05
2.262898208503801549e-05
2.892378722826071229e-05
3.566720478241614499e-05
4.409346004998489601e-05
5.299777248901740211e-05
6.311750547854339346e-05
7.569376868451921652e-05
8.925888347797944565e-05
1.073532355900181566e-04
1.301256877165328420e-04
1.683468143264456752e-04
2.234887943895884647e-04
3.081858926821589781e-04
4.150616447189608787e-04
6.449951156847391186e-04
1.435685582755687152e-03
1.911780067221133684e-03
2.160548857904708627e-03
2.412641593263146166e-03
2.797300794724368305e-03
3.179333508255751187e-03
3.636892699149116281e-03
4.063931405550311876e-03
4.544020225206665126e-03
5.043214528754073368e-03
5.573552131955443814e-03
6.185000501561403047e-03
6.801071195961544413e-03
7.521936791403455690e-03
8.255423441645644983e-03
9.156453151734793294e-03
1.011763822765196844e-02
1.132377219367448375e-02
1.248510241030487827e-02
1.352891690830426881e-02
1.468437502616607403e-02
1.583538788590952220e-02
1.710091965570942688e-02
1.828660997109940109e-02
1.960306918991242681e-02
2.081761710440072077e-02
2.214952280381767002e-02
2.340336745269725946e-02
2.477823901290994446e-02
2.607308212232569908e-02
2.739387530648952282e-02
2.884017470189096169e-02
3.016570235105994063e-02
3.138550344440484141e-02
2.609406001433968447e-02
2.732034700148858186e-02
2.798284621417460732e-02
2.928380720047022920e-02
3.186984772309526398e-02
3.365788652391604741e-02
3.552373027905873087e-02
3.792796042501367371e-02
4.019310986968125526e-02
4.224633751812352511e-02
4.485922361284349485e-02
4.709718169287818723e-02
4.939065070346790320e-02
5.167524891164570339e-02
5.634212430208458688e-02
6.012623520870623295e-02
6.185332799827579497e-02
6.168122715063786843e-02
6.126942813485260209e-02
6.169083884589755817e-02
6.217213096779260900e-02
6.286231787349161326e-02
6.384154430960961579e-02
6.521311922115580195e-02
6.664897396701002785e-02
6.817061615324211676e-02
7.004181741600074007e-02
7.204800053044714547e-02
7.448633483546940326e-02
7.696560198878231451e-02
7.998236150179004189e-02
8.321139852840646334e-02
8.738495266595601441e-02
9.214807037038987014e-02
9.896283393334069645e-02
1.081139454972841613e-01
1.225712398060734426e-01
1.489684908900649196e-01
1.896244289534836924e-01
1.993835804534879463e-01
1.907436978874295641e-01
1.849337703722782611e-01
1.921674075753722899e-01
2.221086448976060113e-01
2.197355184569831643e-01
2.143956546307547728e-01
2.162824352210618306e-01
2.357382101763653981e-01
2.484982677269286511e-01
2.462100217915339506e-01
2.461277527345945293e-01
2.551762132143142181e-01
2.705667852062025869e-01
2.769880079689094887e-01
2.763442874005542227e-01
2.806560040068558637e-01
2.928447086593421456e-01
3.037620168689442735e-01
3.094457184075155021e-01
3.114370143664710322e-01
3.174377688901698913e-01
3.283582657887169076e-01
3.386844468996640378e-01
3.453520538555325259e-01
3.494863343448461612e-01
3.560010826258292460e-01
3.659253584672844117e-01
3.764984047903398579e-01
3.810075341122516335e-01
