5.652148925781250000e+03 0.000000000000000000e+00
5.652145019531250000e+03 -3.704030149265236105e-08
5.652118164062500000e+03 -2.914484582561271964e-07
5.652053222656250000e+03 -9.018915534397820011e-07
5.651917968750000000e+03 -2.161687234547571279e-06
5.651715332031250000e+03 -4.043511125928489491e-06
5.651421386718750000e+03 -6.769874289602739736e-06
5.650981445312500000e+03 -1.084418454411206767e-05
5.650446289062500000e+03 -1.578832961968146265e-05
5.649709960937500000e+03 -2.258447784697636962e-05
5.648870117187500000e+03 -3.032217318832408637e-05
5.647770019531250000e+03 -4.043273656861856580e-05
5.646565429687500000e+03 -5.147926640347577631e-05
5.645040039062500000e+03 -6.542309711221605539e-05
5.643415039062500000e+03 -8.021378016564995050e-05
5.641406250000000000e+03 -9.840128768701106310e-05
5.639310546875000000e+03 -1.172356787719763815e-04
5.636971679687500000e+03 -1.380352478008717299e-04
5.634151855468750000e+03 -1.626871089683845639e-04
5.631274414062500000e+03 -1.871141139417886734e-04
5.627848632812500000e+03 -2.145607286365702748e-04
5.624391601562500000e+03 -2.390504087088629603e-04
5.620317871093750000e+03 -2.611623494885861874e-04
5.616244628906250000e+03 -2.750210987869650126e-04
5.611485351562500000e+03 -2.836447965819388628e-04
5.606763183593750000e+03 -2.867019211407750845e-04
5.601719238281250000e+03 -2.727269311435520649e-04
5.595884765625000000e+03 -2.290564734721556306e-04
5.590150390625000000e+03 -2.345236571272835135e-04
5.583554199218750000e+03 -2.426645223749801517e-04
5.577105468750000000e+03 -2.524203446228057146e-04
5.569724609375000000e+03 -2.635020646266639233e-04
5.562541992187500000e+03 -2.751482243184000254e-04
5.554355957031250000e+03 -2.900527324527502060e-04
5.546422363281250000e+03 -3.059132432099431753e-04
5.537415039062500000e+03 -3.252428141422569752e-04
5.528717285156250000e+03 -3.449070500209927559e-04
5.519648925781250000e+03 -3.664921969175338745e-04
5.509404296875000000e+03 -3.920760937035083771e-04
5.499558105468750000e+03 -4.176367074251174927e-04
5.488467285156250000e+03 -4.474172310438007116e-04
5.477837402343750000e+03 -4.766397178173065186e-04
5.465895996093750000e+03 -5.096536478959023952e-04
5.454480468750000000e+03 -5.403582472354173660e-04
5.441687500000000000e+03 -5.721223424188792706e-04
5.429485839843750000e+03 -6.012954981997609138e-04
5.416908203125000000e+03 -6.344850989989936352e-04
5.402859375000000000e+03 -6.712857284583151340e-04
5.389501953125000000e+03 -7.051194552332162857e-04
5.374611328125000000e+03 -7.417792221531271935e-04
5.360480957031250000e+03 -7.754138787277042866e-04
5.344758300781250000e+03 -8.123750449158251286e-04
5.329865234375000000e+03 -8.485133876092731953e-04
5.313321777343750000e+03 -8.905525901354849339e-04
5.297677246093750000e+03 -9.320153039880096912e-04
5.280328125000000000e+03 -9.795975638553500175e-04
5.263947265625000000e+03 -1.025655656121671200e-03
5.247218750000000000e+03 -1.073437626473605633e-03
5.228708496093750000e+03 -1.126640359871089458e-03
5.211268554687500000e+03 -1.176059595309197903e-03
5.191998535156250000e+03 -1.224414096213877201e-03
5.173867187500000000e+03 -1.115669962018728256e-03
5.153859375000000000e+03 -1.062055118381977081e-03
5.135059570312500000e+03 -1.133396755903959274e-03
5.114339355468750000e+03 -1.196641707792878151e-03
5.094893554687500000e+03 -1.236619544215500355e-03
5.075146972656250000e+03 -1.290860003791749477e-03
5.053422363281250000e+03 -1.350316335447132587e-03
5.033068847656250000e+03 -1.400402863509953022e-03
5.010701171875000000e+03 -1.459237537346780300e-03
4.989768066406250000e+03 -1.514453324489295483e-03
4.966789062500000000e+03 -1.570626278407871723e-03
4.945306640625000000e+03 -1.623331219889223576e-03
4.921749023437500000e+03 -1.678587752394378185e-03
4.899748046875000000e+03 -1.723274006508290768e-03
4.875645996093750000e+03 -1.744561712257564068e-03
4.853159179687500000e+03 -1.776677789166569710e-03
4.830450683593750000e+03 -1.803981489501893520e-03
4.805609375000000000e+03 -1.828386564739048481e-03
4.782464843750000000e+03 -1.847564941272139549e-03
4.757170410156250000e+03 -1.874864334240555763e-03
4.733625488281250000e+03 -1.903888420201838017e-03
4.707916503906250000e+03 -1.938974368385970592e-03
4.684007812500000000e+03 -1.974195241928100586e-03
4.657924316406250000e+03 -2.014699857681989670e-03
4.633688964843750000e+03 -2.054100856184959412e-03
4.609310058593750000e+03 -2.095240401104092598e-03
4.582747558593750000e+03 -2.141315257176756859e-03
4.558098144531250000e+03 -2.184904646128416061e-03
4.531264648437500000e+03 -2.233129227533936501e-03
4.506384277343750000e+03 -2.278412925079464912e-03
4.479321289062500000e+03 -2.327865455299615860e-03
4.454249511718750000e+03 -2.373250434175133705e-03
4.427000976562500000e+03 -2.421162556856870651e-03
4.401777832031250000e+03 -2.462737262248992920e-03
4.374387207031250000e+03 -2.501475624740123749e-03
4.349052734375000000e+03 -2.524538198485970497e-03
4.323822753906250000e+03 -2.521678805351257324e-03
4.296867187500000000e+03 -2.466159872710704803e-03
4.271145996093750000e+03 -2.256099600344896317e-03
4.244741699218750000e+03 -1.942721661180257797e-03
4.218275390625000000e+03 -2.009104471653699875e-03
4.191881347656250000e+03 -2.047764835879206657e-03
4.165551269531250000e+03 -2.073334297165274620e-03
4.139306152343750000e+03 -1.950037665665149689e-03
4.112736328125000000e+03 -2.041726605966687202e-03
4.086446289062500000e+03 -2.130041131749749184e-03
4.059762207031250000e+03 -2.182268304750323296e-03
4.034375732421875000e+03 -2.108537824824452400e-03
4.008216308593750000e+03 -2.082049148157238960e-03
3.982251953125000000e+03 -2.162026939913630486e-03
3.956378417968750000e+03 -2.224547788500785828e-03
3.931092041015625000e+03 -2.231883117929100990e-03
3.904819824218750000e+03 -2.195551991462707520e-03
3.880092285156250000e+03 -2.220531925559043884e-03
3.854201904296875000e+03 -2.299214713275432587e-03
3.829505126953125000e+03 -2.337711863219738007e-03
3.802883056640625000e+03 -2.327891997992992401e-03
3.779683837890625000e+03 -2.317406004294753075e-03
3.755265625000000000e+03 -2.350975293666124344e-03
3.730248779296875000e+03 -2.414058661088347435e-03
3.706392822265625000e+03 -2.443655626848340034e-03
3.682132324218750000e+03 -2.440221840515732765e-03
3.658570800781250000e+03 -2.440253971144556999e-03
3.634978271484375000e+03 -2.467943588271737099e-03
3.611658935546875000e+03 -2.512949751690030098e-03
3.588139892578125000e+03 -2.540251705795526505e-03
3.565929931640625000e+03 -2.540668938308954239e-03
3.543431640625000000e+03 -2.537663793191313744e-03
3.531544189453125000e+03 -2.549701370298862457e-03
