5.652101074218750000e+03 0.000000000000000000e+00
5.652097167968750000e+03 -2.191501380366389640e-08
5.652070312500000000e+03 -1.722566480566456448e-07
5.652005371093750000e+03 -5.329113719199085608e-07
5.651870117187500000e+03 -1.277107003261335194e-06
5.651667480468750000e+03 -2.388600478298030794e-06
5.651373535156250000e+03 -3.998643933300627396e-06
5.650933593750000000e+03 -6.404140549420844764e-06
5.650398437500000000e+03 -9.322277037426829338e-06
5.649662109375000000e+03 -1.333180171059211716e-05
5.648822265625000000e+03 -1.789420093700755388e-05
5.647722167968750000e+03 -2.385073457844555378e-05
5.646517578125000000e+03 -3.034943983948323876e-05
5.644992187500000000e+03 -3.852198278764262795e-05
5.643367187500000000e+03 -4.700587669503875077e-05
5.641358398437500000e+03 -5.253146082395687699e-05
5.639262695312500000e+03 -3.832679794868454337e-05
5.636923828125000000e+03 -4.047606853418983519e-05
5.634104003906250000e+03 -3.750211180886253715e-05
5.631226562500000000e+03 -3.818953700829297304e-05
5.627800292968750000e+03 -3.825149906333535910e-05
5.624343750000000000e+03 -3.899637886206619442e-05
5.620269531250000000e+03 -4.029845149489119649e-05
5.616196777343750000e+03 -4.188714592601172626e-05
5.611437011718750000e+03 -4.414040813571773469e-05
5.606715332031250000e+03 -4.671794158639386296e-05
5.601671386718750000e+03 -4.980416633770801127e-05
5.595836914062500000e+03 -5.376413537305779755e-05
5.590102539062500000e+03 -5.801340012112632394e-05
5.583506347656250000e+03 -6.328286690404638648e-05
5.577058105468750000e+03 -6.877749547129496932e-05
5.569676757812500000e+03 -7.541591912740841508e-05
5.562494140625000000e+03 -8.216762944357469678e-05
5.554308105468750000e+03 -9.013652015710249543e-05
5.546375000000000000e+03 -9.806353773456066847e-05
5.537367675781250000e+03 -1.072195882443338633e-04
5.528669921875000000e+03 -1.161424079327844083e-04
5.519601562500000000e+03 -1.254569942830130458e-04
5.509356933593750000e+03 -1.359093148494139314e-04
5.499510742187500000e+03 -1.457969774492084980e-04
5.488419921875000000e+03 -1.566030259709805250e-04
5.477790039062500000e+03 -1.663675211602821946e-04
5.465849121093750000e+03 -1.762047177180647850e-04
5.454433105468750000e+03 -1.850890985224395990e-04
5.441640136718750000e+03 -1.899985654745250940e-04
5.429438476562500000e+03 -1.458777260268107057e-04
5.416860839843750000e+03 -1.435175945516675711e-04
5.402812011718750000e+03 -1.551228197058662772e-04
5.389454589843750000e+03 -1.685692695900797844e-04
5.374564453125000000e+03 -1.820568140828981996e-04
5.360434082031250000e+03 -1.950376317836344242e-04
5.344711425781250000e+03 -2.101604477502405643e-04
5.329818359375000000e+03 -2.248503733426332474e-04
5.313275390625000000e+03 -2.409180015092715621e-04
5.297630859375000000e+03 -2.563926682341843843e-04
5.280281738281250000e+03 -2.739976625889539719e-04
5.263900878906250000e+03 -2.907215966843068600e-04
5.247172363281250000e+03 -3.081823815591633320e-04
5.228662109375000000e+03 -3.281543904449790716e-04
5.211222167968750000e+03 -3.474152181297540665e-04
5.191952148437500000e+03 -3.693919861689209938e-04
5.173821289062500000e+03 -3.909157821908593178e-04
5.153813964843750000e+03 -4.154505149926990271e-04
5.135014160156250000e+03 -4.392593400552868843e-04
5.114294433593750000e+03 -4.664376319851726294e-04
5.094848632812500000e+03 -4.927378613501787186e-04
5.075102050781250000e+03 -5.201963358558714390e-04
5.053377441406250000e+03 -5.513306241482496262e-04
5.033023925781250000e+03 -5.813167081214487553e-04
5.010656250000000000e+03 -6.151141133159399033e-04
4.989723632812500000e+03 -6.475478294305503368e-04
4.966744628906250000e+03 -6.839798879809677601e-04
4.945262207031250000e+03 -7.187410374172031879e-04
4.921705078125000000e+03 -7.575879571959376335e-04
4.899704101562500000e+03 -7.944675744511187077e-04
4.875602539062500000e+03 -8.353943121619522572e-04
4.853115722656250000e+03 -8.739464683458209038e-04
4.830407226562500000e+03 -9.130651014856994152e-04
4.805565917968750000e+03 -9.557796292938292027e-04
4.782421875000000000e+03 -9.951270185410976410e-04
4.757127441406250000e+03 -1.036977628245949745e-03
4.733583007812500000e+03 -1.073835068382322788e-03
4.707874511718750000e+03 -1.109627424739301205e-03
4.683965820312500000e+03 -1.132710371166467667e-03
4.657882812500000000e+03 -1.144022098742425442e-03
4.633646972656250000e+03 -1.133504440076649189e-03
4.609268066406250000e+03 -1.115784514695405960e-03
4.582706054687500000e+03 -1.106887357309460640e-03
4.558056640625000000e+03 -1.103779417462646961e-03
4.531223144531250000e+03 -1.065893564373254776e-03
4.506342773437500000e+03 -1.055089873261749744e-03
4.479279785156250000e+03 -1.069805002771317959e-03
4.454208007812500000e+03 -1.106926938518881798e-03
4.426959960937500000e+03 -1.103790593333542347e-03
4.401736816406250000e+03 -1.103658345527946949e-03
4.374346191406250000e+03 -1.127746538259088993e-03
4.349012207031250000e+03 -1.149500254541635513e-03
4.323639648437500000e+03 -1.154787489213049412e-03
4.296119628906250000e+03 -1.162913395091891289e-03
4.270696777343750000e+03 -1.183168380521237850e-03
4.243144531250000000e+03 -1.203404390253126621e-03
4.217711914062500000e+03 -1.213075593113899231e-03
4.190171875000000000e+03 -1.224843086674809456e-03
4.164770996093750000e+03 -1.242316910065710545e-03
4.137287109375000000e+03 -1.260178978554904461e-03
4.111958496093750000e+03 -1.270816894248127937e-03
4.086679443359375000e+03 -1.280489843338727951e-03
4.059360107421875000e+03 -1.296045375056564808e-03
4.034213867187500000e+03 -1.312403590418398380e-03
4.007060302734375000e+03 -1.326986937783658504e-03
3.982086914062500000e+03 -1.339180162176489830e-03
3.955142578125000000e+03 -1.355624990537762642e-03
3.930382080078125000e+03 -1.361465314403176308e-03
3.903689697265625000e+03 -1.374554587528109550e-03
3.878809570312500000e+03 -1.354343257844448090e-03
3.854438720703125000e+03 -1.364202122204005718e-03
3.828199462890625000e+03 -1.388549804687500000e-03
3.804138183593750000e+03 -1.408049603924155235e-03
3.778254882812500000e+03 -1.448723254725337029e-03
3.754540771484375000e+03 -1.443029032088816166e-03
3.729053955078125000e+03 -1.457029487937688828e-03
3.705724121093750000e+03 -1.476757344789803028e-03
3.682591308593750000e+03 -1.503027859143912792e-03
3.657762939453125000e+03 -1.523522660136222839e-03
3.635066894531250000e+03 -1.530700945295393467e-03
3.610730224609375000e+03 -1.544902450405061245e-03
3.588505371093750000e+03 -1.565028214827179909e-03
3.564697021484375000e+03 -1.588151208125054836e-03
3.542975830078125000e+03 -1.603775075636804104e-03
3.519730712890625000e+03 -1.615692046470940113e-03
3.498545410156250000e+03 -1.629359670914709568e-03
3.475897216796875000e+03 -1.648783334530889988e-03
3.455277587890625000e+03 -1.667044940404593945e-03
3.434939941406250000e+03 -1.682076137512922287e-03
3.413233154296875000e+03 -1.695572864264249802e-03
3.393503417968750000e+03 -1.709212432615458965e-03
3.372469726562500000e+03 -1.726637477986514568e-03
3.353374267578125000e+03 -1.742873922921717167e-03
3.333041259765625000e+03 -1.758534228429198265e-03
3.314604492187500000e+03 -1.771289971657097340e-03
