3.608850822254491886e-06
4.226440598257888144e-05
2.524940433228509747e-04
4.622037125566229245e-04
6.675658849607681413e-04
8.740635088132216006e-04
1.085596439622170135e-03
1.303910584635703702e-03
1.529807115894200919e-03
1.763440581388983630e-03
2.004711713856661883e-03
2.253398556734154644e-03
2.509229918069228252e-03
2.771905672770437305e-03
3.041164049583510321e-03
3.316751494183227920e-03
3.598443398239492812e-03
3.886040000632373387e-03
4.179350140669527321e-03
4.478237452076756601e-03
4.782590641427201042e-03
5.092296989311106623e-03
5.407296488054645980e-03
5.727650083627459053e-03
6.053414219284624330e-03
6.384819491106603212e-03
6.722271688782920605e-03
7.066507566349237990e-03
7.418852786857155907e-03
7.782017669983882190e-03
8.160065056495352867e-03
8.561662232841665485e-03
9.003506652095285417e-03
9.516160454214560999e-03
1.015575485265760719e-02
1.104402517676371549e-02
1.139730835914105206e-02
7.048444581376323015e-03
7.483478453952496258e-03
7.806996646694799348e-03
8.135758575265456677e-03
8.469678933314917987e-03
8.808669567860404406e-03
9.152691103151455385e-03
9.501662303590943312e-03
9.855524821596585092e-03
1.021424048718792138e-02
1.057775851960071969e-02
1.094602243068264029e-02
1.131904491110891781e-02
1.169669612438995095e-02
1.207903818438360241e-02
1.246600660945503848e-02
1.285758166846526739e-02
1.325374415288202434e-02
1.365446964861846343e-02
1.405974645675932798e-02
1.446955407999893362e-02
1.488388162648978871e-02
1.530273548144829750e-02
1.572608756254947893e-02
1.615394108904604289e-02
1.658629496734744316e-02
1.702313940120774374e-02
1.746447774831555444e-02
1.791032272559670707e-02
1.836066065908312228e-02
1.881550625018577061e-02
1.927486191667208276e-02
1.973874175594395042e-02
2.020714490158345353e-02
2.068010703007646181e-02
2.115761234074996569e-02
2.163969062135920676e-02
2.212635827616129397e-02
2.261763443204705543e-02
2.311353122695156484e-02
2.361408016288571790e-02
2.411929038976732415e-02
2.462920292873103933e-02
2.514381998583319414e-02
2.566319076571797406e-02
2.618733116684079931e-02
2.671628036086350078e-02
2.725006107231079874e-02
2.778871277086621475e-02
2.833226875710490728e-02
2.888077144840654406e-02
2.943425144906383628e-02
2.999275901291370214e-02
3.055633410383078868e-02
3.112501878266180771e-02
3.169886959858982806e-02
3.227791224003672549e-02
3.286222968928118743e-02
3.345184337092962923e-02
3.404682535487264794e-02
3.464723024661384848e-02
3.525310857092619349e-02
3.546855269826765245e-02
3.609087266593703075e-02
3.670359446350805049e-02
3.732444709196243438e-02
3.795475621584971926e-02
3.859269907317595255e-02
3.923480254333692324e-02
3.988127864417009838e-02
4.053553671819618009e-02
4.119529047094890734e-02
4.188189435526404325e-02
4.270733356225556165e-02
4.336041666801121464e-02
