5.652148925781250000e+03 0.000000000000000000e+00
5.652145019531250000e+03 -4.725520241777303454e-08
5.652118164062500000e+03 -3.722180679233133560e-07
5.652053222656250000e+03 -1.152139475379954092e-06
5.651917968750000000e+03 -2.761973519227467477e-06
5.651715332031250000e+03 -5.167191375221591443e-06
5.651421386718750000e+03 -8.652872566017322242e-06
5.650981445312500000e+03 -1.386416352033847943e-05
5.650446289062500000e+03 -2.019171552092302591e-05
5.649709960937500000e+03 -2.889634015446063131e-05
5.648870117187500000e+03 -3.881713928421959281e-05
5.647770019531250000e+03 -5.179799336474388838e-05
5.646565429687500000e+03 -6.600575579795986414e-05
5.645040039062500000e+03 -8.398255886277183890e-05
5.643415039062500000e+03 -1.031117571983486414e-04
5.641406250000000000e+03 -1.267386687686666846e-04
5.639310546875000000e+03 -1.513614988652989268e-04
5.636971679687500000e+03 -1.788048102753236890e-04
5.634151855468750000e+03 -2.118429256370291114e-04
5.631274414062500000e+03 -2.454983186908066273e-04
5.627848632812500000e+03 -2.854843623936176300e-04
5.624392089843750000e+03 -3.257287607993930578e-04
5.620317871093750000e+03 -3.730072348844259977e-04
5.616245117187500000e+03 -4.200820403639227152e-04
5.611485839843750000e+03 -4.747934581246227026e-04
5.606764160156250000e+03 -5.286421510390937328e-04
5.601720214843750000e+03 -5.854563787579536438e-04
5.595885742187500000e+03 -6.495101843029260635e-04
5.590151367187500000e+03 -7.083984091877937317e-04
5.583555664062500000e+03 -7.626437582075595856e-04
5.577106933593750000e+03 -7.919238996692001820e-04
5.569726074218750000e+03 -8.089400362223386765e-04
5.562543457031250000e+03 -8.190742810256779194e-04
5.554357421875000000e+03 -8.279539179056882858e-04
5.546423339843750000e+03 -7.751848897896707058e-04
5.537416015625000000e+03 -6.820445414632558823e-04
5.528718261718750000e+03 -6.926758796907961369e-04
5.519649902343750000e+03 -7.216519443318247795e-04
5.509405273437500000e+03 -7.514514145441353321e-04
5.499559082031250000e+03 -7.844401407055556774e-04
5.488468261718750000e+03 -8.228461374528706074e-04
5.477838378906250000e+03 -8.610504446551203728e-04
5.465897460937500000e+03 -9.068702929653227329e-04
5.454481445312500000e+03 -9.517048601992428303e-04
5.441688476562500000e+03 -1.003827666863799095e-03
5.429487304687500000e+03 -1.055306755006313324e-03
5.416909667968750000e+03 -1.109336619265377522e-03
5.402860839843750000e+03 -1.171195995993912220e-03
5.389503417968750000e+03 -1.231067231856286526e-03
5.374612792968750000e+03 -1.298469840548932552e-03
5.360482910156250000e+03 -1.362962182611227036e-03
5.344760253906250000e+03 -1.434599398635327816e-03
5.329866699218750000e+03 -1.501665567047894001e-03
5.313323730468750000e+03 -1.574284164234995842e-03
5.297679687500000000e+03 -1.639540656469762325e-03
5.280330566406250000e+03 -1.705230446532368660e-03
5.263949707031250000e+03 -1.756128156557679176e-03
5.247220703125000000e+03 -1.787973567843437195e-03
5.228710449218750000e+03 -1.778122736141085625e-03
5.211270019531250000e+03 -1.673921477049589157e-03
5.191999511718750000e+03 -1.649758894927799702e-03
5.173868652343750000e+03 -1.707884599454700947e-03
5.153861328125000000e+03 -1.751260831952095032e-03
5.135061035156250000e+03 -1.788740744814276695e-03
5.114341308593750000e+03 -1.832082751207053661e-03
5.094895507812500000e+03 -1.877372502349317074e-03
5.075148925781250000e+03 -1.918161637149751186e-03
5.053424316406250000e+03 -1.955628162249922752e-03
5.033070312500000000e+03 -1.976846484467387199e-03
5.010702636718750000e+03 -1.978494226932525635e-03
4.989769531250000000e+03 -2.004433656111359596e-03
4.966790527343750000e+03 -2.026911824941635132e-03
4.945308105468750000e+03 -2.032598014920949936e-03
4.921750000000000000e+03 -2.034728415310382843e-03
4.899749023437500000e+03 -2.039380371570587158e-03
4.875646972656250000e+03 -2.075013006106019020e-03
4.853160156250000000e+03 -2.113111317157745361e-03
4.830451660156250000e+03 -2.148708794265985489e-03
4.805610351562500000e+03 -2.187543548643589020e-03
4.782465820312500000e+03 -2.224820200353860855e-03
4.757171386718750000e+03 -2.266429830342531204e-03
4.733626464843750000e+03 -2.304613124579191208e-03
4.707917968750000000e+03 -2.345560584217309952e-03
4.684008789062500000e+03 -2.383974380791187286e-03
4.657925781250000000e+03 -2.426206367090344429e-03
4.633689941406250000e+03 -2.464787568897008896e-03
4.609311035156250000e+03 -2.502817893400788307e-03
4.582749023437500000e+03 -2.543905982747673988e-03
4.558099609375000000e+03 -2.581633627414703369e-03
4.531265625000000000e+03 -2.621507504954934120e-03
4.506385253906250000e+03 -2.656589727848768234e-03
4.479322265625000000e+03 -2.691368106752634048e-03
4.454250488281250000e+03 -2.717934316024184227e-03
4.427001953125000000e+03 -2.734629902988672256e-03
4.401778320312500000e+03 -2.724036574363708496e-03
4.374387695312500000e+03 -2.654417185112833977e-03
4.349977539062500000e+03 -2.578445710241794586e-03
4.322489746093750000e+03 -2.530923578888177872e-03
4.297086425781250000e+03 -2.557973610237240791e-03
4.269544921875000000e+03 -2.616804558783769608e-03
4.244111816406250000e+03 -2.643675310537219048e-03
4.216559570312500000e+03 -2.633274765685200691e-03
4.191137695312500000e+03 -2.630939474329352379e-03
4.163620117187500000e+03 -2.667671302333474159e-03
4.138250488281250000e+03 -2.715527778491377831e-03
4.112327148437500000e+03 -2.743647666648030281e-03
4.086126220703125000e+03 -2.745965495705604553e-03
4.059923339843750000e+03 -2.747750841081142426e-03
4.032944335937500000e+03 -2.772153588011860847e-03
4.008305664062500000e+03 -2.806126372888684273e-03
3.982443359375000000e+03 -2.831784542649984360e-03
3.956380615234375000e+03 -2.840196480974555016e-03
3.930803466796875000e+03 -2.844335045665502548e-03
3.905455566406250000e+03 -2.859856234863400459e-03
3.879905517578125000e+03 -2.885994734242558479e-03
3.854275390625000000e+03 -2.908516908064484596e-03
3.829011962890625000e+03 -2.919001039117574692e-03
3.804594482421875000e+03 -2.923273248597979546e-03
3.779541992187500000e+03 -2.931679831817746162e-03
3.754752685546875000e+03 -2.948445966467261314e-03
3.730545898437500000e+03 -2.964286366477608681e-03
3.706618652343750000e+03 -2.966196509078145027e-03
3.682355957031250000e+03 -2.970782574266195297e-03
3.658741699218750000e+03 -2.966934349387884140e-03
3.634884033203125000e+03 -2.977315336465835571e-03
3.611813476562500000e+03 -2.983523067086935043e-03
3.588913330078125000e+03 -2.989703789353370667e-03
3.566114501953125000e+03 -2.954776166006922722e-03
3.543553222656250000e+03 -2.891053678467869759e-03
3.520877197265625000e+03 -2.989241387695074081e-03
3.499238281250000000e+03 -2.981822006404399872e-03
3.477456054687500000e+03 -2.946818713098764420e-03
3.456119140625000000e+03 -3.002773970365524292e-03
3.435029541015625000e+03 -3.098032670095562935e-03
3.414230224609375000e+03 -3.063502954319119453e-03
3.393728271484375000e+03 -3.065540920943021774e-03
3.373625000000000000e+03 -3.132985206320881844e-03
3.371906494140625000e+03 -3.136595478281378746e-03
