5.652148925781250000e+03 0.000000000000000000e+00
5.652143554687500000e+03 -5.066807418074859015e-08
5.652070312500000000e+03 -7.318669190681248438e-07
5.651867675781250000e+03 -2.602694166853325441e-06
5.651288085937500000e+03 -7.934906534501351416e-06
5.650222656250000000e+03 -1.771464485500473529e-05
5.648538085937500000e+03 -3.312009357614442706e-05
5.646111328125000000e+03 -5.520521881408058107e-05
5.642827148437500000e+03 -8.484729187330231071e-05
5.638580078125000000e+03 -1.225768501171842217e-04
5.633272949218750000e+03 -1.675424427958205342e-04
5.626817382812500000e+03 -2.083804720314219594e-04
5.622163085937500000e+03 -2.197088033426553011e-04
5.617548828125000000e+03 -1.905892422655597329e-04
5.612518554687500000e+03 -1.731079973978921771e-04
5.607060546875000000e+03 -1.720363798085600138e-04
5.601165039062500000e+03 -1.750408700900152326e-04
5.594821289062500000e+03 -1.801550097297877073e-04
5.584445312500000000e+03 -1.915364700835198164e-04
5.570777343750000000e+03 -2.109019405907019973e-04
5.555585449218750000e+03 -2.369914145674556494e-04
5.538836425781250000e+03 -2.701832563616335392e-04
5.520503906250000000e+03 -3.107369411736726761e-04
5.500568847656250000e+03 -3.586512175388634205e-04
5.479017089843750000e+03 -4.133920301683247089e-04
5.455841796875000000e+03 -4.729701322503387928e-04
5.431042480468750000e+03 -5.304518854245543480e-04
5.418035156250000000e+03 -5.554486415348947048e-04
5.404623535156250000e+03 -5.761457141488790512e-04
5.401208007812500000e+03 -5.805486580356955528e-04
5.387955078125000000e+03 -5.819860380142927170e-04
5.373822265625000000e+03 -5.315365269780158997e-04
5.359888671875000000e+03 -5.610249936580657959e-04
5.340718261718750000e+03 -6.023044115863740444e-04
5.326713867187500000e+03 -6.343179848045110703e-04
5.305116210937500000e+03 -6.856940453872084618e-04
5.271869628906250000e+03 -7.693700608797371387e-04
5.237118164062500000e+03 -8.624774636700749397e-04
5.200898437500000000e+03 -9.650383726693689823e-04
5.163251464843750000e+03 -1.076976419426500797e-03
5.124222167968750000e+03 -1.198051380924880505e-03
5.083859375000000000e+03 -1.327865407802164555e-03
5.042215332031250000e+03 -1.465782057493925095e-03
4.999347167968750000e+03 -1.610845909453928471e-03
4.955313964843750000e+03 -1.761656254529953003e-03
4.910177734375000000e+03 -1.916196430101990700e-03
4.898729003906250000e+03 -1.955373212695121765e-03
4.855236328125000000e+03 -2.100677695125341415e-03
4.848638671875000000e+03 -2.122552134096622467e-03
4.828317382812500000e+03 -2.188354963436722755e-03
4.806257812500000000e+03 -2.258185530081391335e-03
4.777387207031250000e+03 -2.344709122553467751e-03
4.755534667968750000e+03 -2.389900386333465576e-03
4.733518554687500000e+03 -2.442816039547324181e-03
4.705778808593750000e+03 -2.515526488423347473e-03
4.672187011718750000e+03 -2.600698499009013176e-03
4.655273925781250000e+03 -2.642337232828140259e-03
4.621227050781250000e+03 -2.723193261772394180e-03
4.606244628906250000e+03 -2.757210284471511841e-03
4.579332519531250000e+03 -2.814201172441244125e-03
4.554709472656250000e+03 -2.859961939975619316e-03
4.523771484375000000e+03 -2.902693348005414009e-03
4.505458496093750000e+03 -2.912596100941300392e-03
4.479235839843750000e+03 -2.881473163142800331e-03
4.454642089843750000e+03 -2.809067955240607262e-03
4.428688476562500000e+03 -2.768248086795210838e-03
4.401887695312500000e+03 -2.709197113290429115e-03
4.375927734375000000e+03 -2.498931949958205223e-03
4.349687011718750000e+03 -2.494559856131672859e-03
4.322949707031250000e+03 -2.485204488039016724e-03
4.296891113281250000e+03 -2.483635209500789642e-03
4.270261230468750000e+03 -2.468460937961935997e-03
4.244418457031250000e+03 -2.415033290162682533e-03
4.216422363281250000e+03 -2.429274376481771469e-03
4.191890136718750000e+03 -2.497306792065501213e-03
4.164231445312500000e+03 -2.530073979869484901e-03
4.138969238281250000e+03 -2.528076991438865662e-03
4.112198730468750000e+03 -2.553090685978531837e-03
4.085511718750000000e+03 -2.596921985968947411e-03
4.058096191406250000e+03 -2.630081260576844215e-03
4.034430664062500000e+03 -2.647151239216327667e-03
4.008114746093750000e+03 -2.681298181414604187e-03
3.982032714843750000e+03 -2.720453077927231789e-03
3.956734863281250000e+03 -2.743289107456803322e-03
3.930228759765625000e+03 -2.761969575658440590e-03
3.905210449218750000e+03 -2.797790104523301125e-03
3.879864990234375000e+03 -2.838504733517765999e-03
3.854584228515625000e+03 -2.866686088964343071e-03
3.829571044921875000e+03 -2.887926995754241943e-03
3.804625244140625000e+03 -2.917845966294407845e-03
3.779681396484375000e+03 -2.952108392491936684e-03
3.755213623046875000e+03 -2.980766585096716881e-03
3.730702148437500000e+03 -3.006638726219534874e-03
3.706353271484375000e+03 -3.037697169929742813e-03
3.682536376953125000e+03 -3.071014769375324249e-03
3.658880126953125000e+03 -3.098628018051385880e-03
3.634741699218750000e+03 -3.122736932709813118e-03
3.611405029296875000e+03 -3.149580443277955055e-03
3.588385009765625000e+03 -3.180915489792823792e-03
3.565872558593750000e+03 -3.209858667105436325e-03
3.543375976562500000e+03 -3.234985982999205589e-03
3.520966552734375000e+03 -3.260266501456499100e-03
3.498865478515625000e+03 -3.287558443844318390e-03
3.477457519531250000e+03 -3.313475288450717926e-03
3.456212402343750000e+03 -3.335582092404365540e-03
3.434847167968750000e+03 -3.281942801550030708e-03
3.414107177734375000e+03 -3.313669236376881599e-03
3.393699218750000000e+03 -3.245801199227571487e-03
3.373643554687500000e+03 -3.386767581105232239e-03
3.353687255859375000e+03 -3.395236330106854439e-03
3.334038330078125000e+03 -3.389255376532673836e-03
3.314949951171875000e+03 -3.435599151998758316e-03
3.296243164062500000e+03 -3.438534447923302650e-03
3.277916015625000000e+03 -3.523717168718576431e-03
3.259882568359375000e+03 -3.518828423693776131e-03
3.242182128906250000e+03 -3.524307161569595337e-03
3.224534667968750000e+03 -3.567772684618830681e-03
3.207784912109375000e+03 -3.593687899410724640e-03
3.190907470703125000e+03 -3.644132753834128380e-03
3.175006347656250000e+03 -3.652304643765091896e-03
3.159218261718750000e+03 -3.651381004601716995e-03
3.143666259765625000e+03 -3.662384347990155220e-03
3.128719482421875000e+03 -3.656556596979498863e-03
3.114059570312500000e+03 -3.722461871802806854e-03
3.099832031250000000e+03 -3.711059223860502243e-03
3.085961914062500000e+03 -3.761403262615203857e-03
3.072550048828125000e+03 -3.787233261391520500e-03
3.059506835937500000e+03 -3.777152160182595253e-03
3.046867919921875000e+03 -3.822487546131014824e-03
3.034640380859375000e+03 -3.839657176285982132e-03
3.022811523437500000e+03 -3.855618182569742203e-03
3.011390136718750000e+03 -3.886130405589938164e-03
3.000353271484375000e+03 -3.886645426973700523e-03
2.989806396484375000e+03 -3.904663259163498878e-03
2.986551513671875000e+03 -3.869833657518029213e-03
