8.429369702178808257e-08
9.185692672385243593e-08
7.300048299977716117e-08
5.960464477539063823e-08
5.960464477539063823e-08
1.210576058124894822e-07
2.308477965716973221e-07
4.075406292431783024e-07
6.318514063094420482e-07
9.296222901632060213e-07
1.272457959664501749e-06
1.725577628519044210e-06
2.232191957363831075e-06
2.875576653023505118e-06
3.559288256014973555e-06
4.410441652474723906e-06
5.322572964650829888e-06
6.352440343741229921e-06
7.613428927017678670e-06
8.933889261124922148e-06
1.054614879610369049e-05
1.223083098962199782e-05
1.430365559976439083e-05
1.649845908299475391e-05
1.924170968267525055e-05
2.220423024551393499e-05
2.574156511537570139e-05
3.048499354410562481e-05
3.613824992410529478e-05
4.450703710834903309e-05
5.585183817896563756e-05
7.572399195088289059e-05
1.089395696784155738e-04
1.849495050820710099e-04
3.576265272780302599e-04
8.337011152591706489e-04
1.499624247578717259e-03
2.154171230247951211e-03
2.868853959996626665e-03
3.556806379665694746e-03
4.306956360661905528e-03
5.024933900098129368e-03
5.830090712252569002e-03
6.591056243740537821e-03
7.442671584205444099e-03
8.243644174902600708e-03
9.049205498067007178e-03
9.909861112582218565e-03
1.065551899670728886e-02
1.134632090823695788e-02
1.179607543582366497e-02
1.202265862648124219e-02
1.206293244031319753e-02
1.207647534741014030e-02
1.211466970199609819e-02
1.217370897052344296e-02
1.219687695530339774e-02
1.210334167817758363e-02
1.162630966946756952e-02
1.025260989150841850e-02
7.056788287903304098e-03
5.227414216264677713e-03
5.495008836847566948e-03
5.425023214180029786e-03
4.709442182807631327e-03
4.549932342062093515e-03
4.488940982722567676e-03
4.071367163627426060e-03
3.843427378386545575e-03
3.743990163515539642e-03
3.486185764350782038e-03
3.239309979980169174e-03
3.122649893096490336e-03
2.924689407894509683e-03
2.716349506077067252e-03
2.566731155439366287e-03
2.424104494066483748e-03
2.248306498065970240e-03
2.089541092701347781e-03
1.967593169173612738e-03
1.817546321092984628e-03
1.681926126511688749e-03
1.561684224992531149e-03
1.455301420828365418e-03
1.336214925456894343e-03
1.239326214039233398e-03
1.156818731530903773e-03
1.070825335991143837e-03
9.952976805984508832e-04
9.264815649959081811e-04
8.729795499815063732e-04
8.195642849694771085e-04
7.759339461912827945e-04
7.385733432082664581e-04
7.114613907625926773e-04
6.867744118559162550e-04
6.689264489617391223e-04
6.570987261207181891e-04
6.508671501650908258e-04
6.489112559612539907e-04
6.507821817403835161e-04
6.572673502524145357e-04
6.685535407322816580e-04
6.841445665927068081e-04
7.032993551343260296e-04
7.261934972777134506e-04
7.543891188714497422e-04
7.868949254412285375e-04
8.249601648343610205e-04
8.669511774593332805e-04
9.192454822339699450e-04
9.750269171761108151e-04
1.039671895117524631e-03
1.119286344948802747e-03
1.213365274491673418e-03
1.331435487844468768e-03
1.481986666201682819e-03
1.689993782060280128e-03
1.990858756682640889e-03
2.527401040556030622e-03
3.440014291774175920e-03
5.485903109142409827e-03
1.010443568912567681e-02
2.396881688668681121e-02
6.476250663690009957e-02
1.292252333179372548e-01
1.543063968030502497e-01
1.656312289492061218e-01
1.782221749132252009e-01
1.864649007412816362e-01
1.925779176053089015e-01
2.081056865180413162e-01
2.278081801716567711e-01
2.318573504748572267e-01
2.291561257263615980e-01
2.411051110222613425e-01
2.548586631635763045e-01
2.561010415598344303e-01
2.573112660878388303e-01
2.730113310086222378e-01
3.232772238717864788e-01
3.258684076428723930e-01
