4.214684851089403467e-08
8.688795409866128145e-08
1.332800374925012074e-07
2.755707801715581019e-07
6.151130032703464417e-07
1.119869603398854498e-06
1.851825282920384959e-06
2.957720971431003841e-06
4.324059204306333337e-06
6.336200827579518907e-06
1.048203222607284778e-05
2.436607332364370973e-05
3.290108229029373567e-05
4.977414779367892155e-05
6.304431066161488332e-05
7.835133147783194087e-05
9.510050895564938866e-05
1.136669777341903556e-04
1.371030011005770321e-04
1.624045929719488584e-04
1.945780069124832738e-04
2.293933835525347213e-04
2.732553174960374075e-04
3.201019432088379009e-04
3.785137559522983985e-04
4.401382084344766755e-04
5.098924729884012292e-04
5.954615629364433740e-04
6.844704703610039005e-04
7.927018297574926807e-04
9.043952045913020198e-04
1.039118037808540269e-03
1.176972927508600176e-03
1.342679972566039040e-03
1.497585674062577735e-03
1.570438935694825613e-03
1.147290269950248598e-03
1.432063831064366759e-03
1.638722671604377588e-03
1.785819577660514162e-03
2.023525541552683750e-03
2.291597891642366963e-03
2.534053893679365406e-03
2.813915964731779872e-03
3.152344898237879542e-03
3.454465963768236104e-03
3.802280043652597492e-03
4.208397046107428645e-03
4.595310856434914326e-03
5.063679353428480676e-03
5.530365632078938429e-03
6.068718021729251934e-03
6.610295489071200611e-03
7.236672592773006445e-03
7.853144230897347519e-03
8.571367732261879480e-03
9.277958228249614733e-03
1.002972380179277534e-02
1.090070277574344861e-02
1.175691199087076227e-02
1.274509121813380101e-02
1.371706526374347548e-02
1.483659889878593749e-02
1.593511724750368633e-02
1.719951196490729015e-02
1.843781736866478838e-02
1.974804972796302682e-02
2.125259911205787042e-02
2.272343543327089849e-02
2.441041537905824788e-02
2.605826058734339937e-02
2.794606495885746875e-02
2.978649067616626067e-02
3.188328030894208021e-02
3.389040287507794069e-02
3.628669228589817553e-02
3.897253232572189113e-02
4.193740214723773452e-02
4.536316168851003278e-02
4.883660564946133015e-02
5.280131347592260938e-02
5.650747505781396340e-02
6.061475301116701908e-02
6.448274026974055995e-02
6.870563230061051130e-02
7.266631183489133394e-02
7.692592247491514268e-02
8.123653674855152440e-02
8.537120279512966370e-02
8.998599076308803901e-02
9.419775570660302022e-02
9.885116641766199252e-02
1.032472705502277960e-01
1.080322251955886242e-01
1.126032914890700287e-01
1.175051869441054303e-01
1.224332979930103371e-01
1.268504550900236005e-01
1.314465035821597294e-01
1.364653661147346431e-01
1.409745166171677000e-01
1.457904771962795776e-01
1.502381670607243203e-01
1.551423624418195313e-01
1.604160384696511066e-01
1.652413961278259846e-01
1.702412797306359360e-01
1.752947266367428925e-01
1.805158019161007543e-01
1.863407592943739643e-01
1.918227513749901636e-01
1.966495318317806329e-01
2.017814899787744864e-01
2.079146699714021496e-01
2.135351910954679799e-01
2.195750421977393785e-01
2.251972428177121954e-01
2.311976966305006320e-01
2.373614227720129144e-01
2.434913021477254913e-01
2.496999813444354122e-01
2.561377089942522001e-01
2.622817726760625634e-01
2.686332431089105133e-01
2.748998397380775782e-01
2.812222151879368304e-01
2.876856379257419771e-01
2.940540398421133128e-01
3.008879586543740103e-01
3.071825098672751331e-01
3.135594755441833414e-01
3.203725273734165380e-01
3.268343649165545428e-01
3.335541783940370042e-01
3.399658348807871322e-01
3.464153041257614918e-01
3.528771124127234593e-01
3.596364286432099933e-01
3.658499723980432883e-01
3.721585334283220026e-01
3.783644529726485906e-01
3.874998893168026814e-01
3.962907459455964898e-01
4.009162961590306273e-01
4.072286792827803925e-01
4.117525801472243230e-01
4.170236529046580376e-01
4.255703573828236719e-01
4.314084937285274646e-01
4.357513683086425837e-01
4.412479836483725881e-01
4.461267557449106747e-01
4.521643102041777995e-01
4.588342607650043870e-01
4.632939257770093411e-01
4.672299974248219634e-01
4.721706892573927505e-01
4.772681805511997943e-01
4.822749262352680200e-01
4.871631696063721262e-01
4.908060310212373767e-01
4.945484480248385495e-01
4.990557471020843350e-01
5.032677111247464419e-01
5.072393737483765763e-01
5.109210241326493929e-01
5.138345315391185109e-01
5.170721181410059542e-01
5.207095179621220593e-01
5.240407639454772726e-01
5.268844017625351484e-01
5.294463324960335671e-01
5.319063173511181519e-01
5.343955674337003137e-01
5.371939102760612261e-01
5.394083938319641502e-01
5.413630107671079106e-01
5.430415710090896741e-01
5.448368900494986455e-01
5.465890240443062043e-01
5.469973424322021049e-01
