5.652102050781250000e+03 0.000000000000000000e+00
5.652098144531250000e+03 -3.709798690465504478e-08
5.652071289062500000e+03 -2.916443406775215408e-07
5.652006347656250000e+03 -9.023341931424511131e-07
5.651871093750000000e+03 -2.162509190384298563e-06
5.651668457031250000e+03 -4.044649358547758311e-06
5.651374511718750000e+03 -6.770973413949832320e-06
5.650934082031250000e+03 -1.084414725482929498e-05
5.650399414062500000e+03 -1.578520095790736377e-05
5.649663085937500000e+03 -2.257408050354570150e-05
5.648823242187500000e+03 -3.029931940545793623e-05
5.647723144531250000e+03 -4.038707993458956480e-05
5.646518554687500000e+03 -5.140058783581480384e-05
5.644993164062500000e+03 -6.529138772748410702e-05
5.643368164062500000e+03 -8.001318201422691345e-05
5.641359375000000000e+03 -9.810022311285138130e-05
5.639263671875000000e+03 -1.168136805063113570e-04
5.636924804687500000e+03 -1.374536223011091352e-04
5.634104980468750000e+03 -1.618210808373987675e-04
5.631227539062500000e+03 -1.855732552940025926e-04
5.627801757812500000e+03 -2.105420717271044850e-04
5.624345214843750000e+03 -2.299550105817615986e-04
5.620270996093750000e+03 -2.472496998962014914e-04
5.616198242187500000e+03 -2.610053925309330225e-04
5.611438476562500000e+03 -2.745438541751354933e-04
5.606716796875000000e+03 -2.863524714484810829e-04
5.601672851562500000e+03 -2.978701668325811625e-04
5.595838378906250000e+03 -3.102321934420615435e-04
5.590104003906250000e+03 -3.130967088509351015e-04
5.583507324218750000e+03 -1.618562964722514153e-04
5.577059082031250000e+03 -1.824182691052556038e-04
5.569678222656250000e+03 -1.974372862605378032e-04
5.562495605468750000e+03 -2.113772643497213721e-04
5.554309570312500000e+03 -2.286530216224491596e-04
5.546375976562500000e+03 -2.466276637278497219e-04
5.537369140625000000e+03 -2.681230835150927305e-04
5.528671386718750000e+03 -2.902575943153351545e-04
5.519603027343750000e+03 -3.144436923321336508e-04
5.509358398437500000e+03 -3.430164069868624210e-04
5.499512207031250000e+03 -3.717806248459964991e-04
5.488421386718750000e+03 -4.054156015627086163e-04
5.477791992187500000e+03 -4.388389643281698227e-04
5.465850585937500000e+03 -4.776740679517388344e-04
5.454435058593750000e+03 -5.158736603334546089e-04
5.441642089843750000e+03 -5.598337738774716854e-04
5.429440917968750000e+03 -6.027161725796759129e-04
5.416863281250000000e+03 -6.476853741332888603e-04
5.402814453125000000e+03 -6.986180669628083706e-04
5.389457031250000000e+03 -7.474694284610450268e-04
5.374566894531250000e+03 -8.022112888284027576e-04
5.360437011718750000e+03 -8.544278098270297050e-04
5.344714355468750000e+03 -9.129476966336369514e-04
5.329821289062500000e+03 -9.688814170658588409e-04
5.313278320312500000e+03 -1.031635096296668053e-03
5.297633789062500000e+03 -1.091691548936069012e-03
5.280285156250000000e+03 -1.159280422143638134e-03
5.263904296875000000e+03 -1.224109786562621593e-03
5.247175781250000000e+03 -1.291245687752962112e-03
5.228665527343750000e+03 -1.366413314826786518e-03
5.211226074218750000e+03 -1.437771832570433617e-03
5.191956054687500000e+03 -1.516697229817509651e-03
5.173825683593750000e+03 -1.590213971212506294e-03
5.153818359375000000e+03 -1.668717130087316036e-03
5.135018554687500000e+03 -1.736365375109016895e-03
5.114298828125000000e+03 -1.793756149709224701e-03
5.094853027343750000e+03 -1.803453313186764717e-03
5.075105957031250000e+03 -1.656348467804491520e-03
5.053381347656250000e+03 -1.583802048116922379e-03
5.033027343750000000e+03 -1.666390919126570225e-03
5.010660156250000000e+03 -1.668487791903316975e-03
4.989727539062500000e+03 -1.725537120364606380e-03
4.966748535156250000e+03 -1.748058246448636055e-03
4.945266113281250000e+03 -1.770573551766574383e-03
4.921708496093750000e+03 -1.791884889826178551e-03
4.899707519531250000e+03 -1.813893904909491539e-03
4.875605957031250000e+03 -1.838427269831299782e-03
4.853119140625000000e+03 -1.859590294770896435e-03
4.830410644531250000e+03 -1.881042728200554848e-03
4.805569335937500000e+03 -1.910197781398892403e-03
4.782425292968750000e+03 -1.941233873367309570e-03
4.757130859375000000e+03 -1.976924017071723938e-03
4.733586425781250000e+03 -2.011921256780624390e-03
4.707877929687500000e+03 -2.052211901172995567e-03
4.683969238281250000e+03 -2.090809866786003113e-03
4.657886230468750000e+03 -2.133451867848634720e-03
4.633650878906250000e+03 -2.173915505409240723e-03
4.609271972656250000e+03 -2.215791260823607445e-03
4.582709960937500000e+03 -2.262315712869167328e-03
4.558061035156250000e+03 -2.305717440322041512e-03
4.531227050781250000e+03 -2.353168092668056488e-03
4.506347167968750000e+03 -2.397591480985283852e-03
4.479284667968750000e+03 -2.446168800815939903e-03
4.454212890625000000e+03 -2.490828745067119598e-03
4.426964355468750000e+03 -2.538372762501239777e-03
4.401741210937500000e+03 -2.580928616225719452e-03
4.374351074218750000e+03 -2.624268876388669014e-03
4.349017089843750000e+03 -2.658896381035447121e-03
4.322877929687500000e+03 -2.682681661099195480e-03
4.297145996093750000e+03 -2.674243645742535591e-03
4.269943847656250000e+03 -2.518985187634825706e-03
4.243804687500000000e+03 -2.048344351351261139e-03
4.218321777343750000e+03 -2.057852456346154213e-03
4.217082031250000000e+03 -2.036320511251688004e-03
