5.652148925781250000e+03 0.000000000000000000e+00
5.652145019531250000e+03 -1.738184174371326662e-08
5.652118164062500000e+03 -1.364967374684056267e-07
5.652053222656250000e+03 -4.221819267513637897e-07
5.651917968750000000e+03 -1.011525000649271533e-06
5.651715332031250000e+03 -1.891375404738937505e-06
5.651421386718750000e+03 -3.165082034684019163e-06
5.650981445312500000e+03 -5.066096036898670718e-06
5.650446289062500000e+03 -7.367887064901879057e-06
5.649709960937500000e+03 -1.050525042955996469e-05
5.648870117187500000e+03 -1.293459263251861557e-05
5.647770019531250000e+03 -7.213011940621072426e-06
5.646565429687500000e+03 -8.025475835893303156e-06
5.645039550781250000e+03 -7.795507372065912932e-06
5.643415039062500000e+03 -7.655385161342564970e-06
5.641405761718750000e+03 -7.749332326056901366e-06
5.639310058593750000e+03 -7.873837603256106377e-06
5.636971191406250000e+03 -8.070115654845722020e-06
5.634151367187500000e+03 -8.398492354899644852e-06
5.631273925781250000e+03 -8.834077561914455146e-06
5.627848144531250000e+03 -9.485482223681174219e-06
5.624391113281250000e+03 -1.028458427754230797e-05
5.620316894531250000e+03 -1.140052427217597142e-05
5.616244140625000000e+03 -1.269439326279098168e-05
5.611484375000000000e+03 -1.441826134396251291e-05
5.606762695312500000e+03 -1.633912506804335862e-05
5.601718750000000000e+03 -1.860580050561111420e-05
5.595883789062500000e+03 -2.148140811186749488e-05
5.590149414062500000e+03 -2.454561945341993123e-05
5.583553710937500000e+03 -2.832282734743785113e-05
5.577104980468750000e+03 -3.222674786229617894e-05
5.569724121093750000e+03 -3.686085256049409509e-05
5.562541015625000000e+03 -4.134956543566659093e-05
5.554354980468750000e+03 -4.500642899074591696e-05
5.546421386718750000e+03 -4.677603283198550344e-05
5.537414550781250000e+03 -4.504585012909956276e-05
5.528716308593750000e+03 -4.090699439984746277e-05
5.519647949218750000e+03 -4.466813697945326567e-05
5.509403320312500000e+03 -5.131989382789470255e-05
5.499557128906250000e+03 -5.804857210023328662e-05
5.488466308593750000e+03 -6.606751412618905306e-05
5.477836425781250000e+03 -7.424208160955458879e-05
5.465895019531250000e+03 -8.414535113843157887e-05
5.454479003906250000e+03 -9.407196193933486938e-05
5.441686035156250000e+03 -1.057280605891719460e-04
5.429484375000000000e+03 -1.173789205495268106e-04
5.416906738281250000e+03 -1.297531562158837914e-04
5.402857910156250000e+03 -1.440827909391373396e-04
5.389500000000000000e+03 -1.584245183039456606e-04
5.374609863281250000e+03 -1.753880933392792940e-04
5.360479492187500000e+03 -1.925644319271668792e-04
5.344756835937500000e+03 -2.128599589923396707e-04
5.329863281250000000e+03 -2.331081923330202699e-04
5.313320312500000000e+03 -2.567240735515952110e-04
5.297675781250000000e+03 -2.800966904032975435e-04
5.280326660156250000e+03 -3.071306273341178894e-04
5.263945312500000000e+03 -3.337130474392324686e-04
5.247216796875000000e+03 -3.618815098889172077e-04
5.228706542968750000e+03 -3.942033799830824137e-04
5.211266601562500000e+03 -4.257369437254965305e-04
5.191996582031250000e+03 -4.617492668330669403e-04
5.173865234375000000e+03 -4.967012791894376278e-04
5.153857910156250000e+03 -5.364193930290639400e-04
5.135057617187500000e+03 -5.747706163674592972e-04
5.114337890625000000e+03 -6.181027856655418873e-04
5.094892089843750000e+03 -6.596902967430651188e-04
5.075145507812500000e+03 -7.027095998637378216e-04
5.053420898437500000e+03 -7.507770787924528122e-04
5.033066894531250000e+03 -7.962982635945081711e-04
5.010699218750000000e+03 -8.465350256301462650e-04
4.989766601562500000e+03 -8.933353819884359837e-04
4.966787597656250000e+03 -9.438004926778376102e-04
4.945305175781250000e+03 -9.891927475109696388e-04
4.921747070312500000e+03 -1.035256893374025822e-03
4.899746093750000000e+03 -1.072015846148133278e-03
4.875644531250000000e+03 -1.110936282202601433e-03
4.853157226562500000e+03 -1.144683454185724258e-03
4.830448730468750000e+03 -1.172041753306984901e-03
4.805607421875000000e+03 -1.194711541756987572e-03
4.782462890625000000e+03 -1.208405708894133568e-03
4.757168457031250000e+03 -1.219264930114150047e-03
4.733623535156250000e+03 -1.229357672855257988e-03
4.707914550781250000e+03 -1.240993733517825603e-03
4.684005859375000000e+03 -1.252851099707186222e-03
4.657922363281250000e+03 -1.267476240172982216e-03
4.633686523437500000e+03 -1.282061683014035225e-03
4.609365234375000000e+03 -1.291617285460233688e-03
4.582803222656250000e+03 -1.310973893851041794e-03
4.558154296875000000e+03 -1.328908954747021198e-03
4.531320800781250000e+03 -1.347165089100599289e-03
4.506440429687500000e+03 -1.365787349641323090e-03
4.479377929687500000e+03 -1.385809620842337608e-03
4.454306152343750000e+03 -1.403939560987055302e-03
4.427057617187500000e+03 -1.423971028998494148e-03
4.402687988281250000e+03 -1.439020037651062012e-03
4.375695800781250000e+03 -1.458537764847278595e-03
4.348251464843750000e+03 -1.477464102208614349e-03
4.322877441406250000e+03 -1.497376593761146069e-03
4.297474609375000000e+03 -1.515554729849100113e-03
4.269932617187500000e+03 -1.535407267510890961e-03
4.244496093750000000e+03 -1.554715796373784542e-03
4.216943847656250000e+03 -1.576762646436691284e-03
4.191946777343750000e+03 -1.596234156750142574e-03
4.164995117187500000e+03 -1.617920119315385818e-03
4.139125000000000000e+03 -1.635469379834830761e-03
4.112588378906250000e+03 -1.658169203437864780e-03
4.085664062500000000e+03 -1.681209658272564411e-03
4.060507568359375000e+03 -1.701247645542025566e-03
4.034350097656250000e+03 -1.720112049952149391e-03
4.008109130859375000e+03 -1.736433128826320171e-03
3.981054443359375000e+03 -1.761729014106094837e-03
3.956561035156250000e+03 -1.784274936653673649e-03
3.930659667968750000e+03 -1.807893044315278530e-03
3.903901855468750000e+03 -1.829882385209202766e-03
3.879934814453125000e+03 -1.850971020758152008e-03
3.853716796875000000e+03 -1.872936030849814415e-03
3.829439208984375000e+03 -1.896186382509768009e-03
3.804245361328125000e+03 -1.919641043059527874e-03
3.779425048828125000e+03 -1.942042144946753979e-03
3.755081298828125000e+03 -1.964369555935263634e-03
3.730545410156250000e+03 -1.987616764381527901e-03
3.705448486328125000e+03 -2.011608099564909935e-03
3.682442871093750000e+03 -2.032748889178037643e-03
3.658863281250000000e+03 -2.054598648101091385e-03
3.634980468750000000e+03 -2.079631900414824486e-03
3.611978027343750000e+03 -2.102220896631479263e-03
3.588568603515625000e+03 -2.126139588654041290e-03
3.566058349609375000e+03 -2.147692954167723656e-03
3.542959472656250000e+03 -2.168487524613738060e-03
3.520389648437500000e+03 -2.194399246945977211e-03
3.499026611328125000e+03 -2.215785440057516098e-03
3.477338867187500000e+03 -2.235737629234790802e-03
3.456178710937500000e+03 -2.257757587358355522e-03
3.434482666015625000e+03 -2.280102809891104698e-03
3.413741210937500000e+03 -2.302516251802444458e-03
3.393486572265625000e+03 -2.323671244084835052e-03
3.373626708984375000e+03 -2.343563595786690712e-03
3.353184326171875000e+03 -2.364635700359940529e-03
3.334000000000000000e+03 -2.386180683970451355e-03
3.314532226562500000e+03 -2.408443717285990715e-03
3.296091796875000000e+03 -2.430278342217206955e-03
3.277920410156250000e+03 -2.439132425934076309e-03
3.259620117187500000e+03 -2.438245108351111412e-03
3.242103515625000000e+03 -2.472397172823548317e-03
3.224805908203125000e+03 -2.486018929630517960e-03
3.207538818359375000e+03 -2.519199158996343613e-03
3.191105468750000000e+03 -2.542797476053237915e-03
3.174917724609375000e+03 -2.536769956350326538e-03
3.158920410156250000e+03 -2.553162863478064537e-03
3.143667480468750000e+03 -2.579872962087392807e-03
3.128713378906250000e+03 -2.594630932435393333e-03
3.114104003906250000e+03 -2.620556158944964409e-03
3.099802001953125000e+03 -2.626694738864898682e-03
3.085989501953125000e+03 -2.629715483635663986e-03
3.072425781250000000e+03 -2.652347320690751076e-03
3.059519042968750000e+03 -2.675652503967285156e-03
3.046893798828125000e+03 -2.688611624762415886e-03
3.033930664062500000e+03 -2.702929312363266945e-03
3.022736328125000000e+03 -2.711003646254539490e-03
3.011316162109375000e+03 -2.721168100833892822e-03
3.000365966796875000e+03 -2.740328898653388023e-03
2.989721679687500000e+03 -2.757019130513072014e-03
2.979227783203125000e+03 -2.766771707683801651e-03
2.969623779296875000e+03 -2.775677479803562164e-03
2.960312500000000000e+03 -2.785310847684741020e-03
2.950966308593750000e+03 -2.797541907057166100e-03
2.942737548828125000e+03 -2.811329904943704605e-03
2.934468994140625000e+03 -2.822671784088015556e-03
2.926567626953125000e+03 -2.829088596627116203e-03
2.919246337890625000e+03 -2.835710300132632256e-03
2.912282714843750000e+03 -2.844786038622260094e-03
2.905566406250000000e+03 -2.854959107935428619e-03
2.899177734375000000e+03 -2.864567330107092857e-03
2.893360839843750000e+03 -2.871337113901972771e-03
2.887438964843750000e+03 -2.876142039895057678e-03
2.882522705078125000e+03 -2.881177002564072609e-03
2.877553222656250000e+03 -2.888693707063794136e-03
2.873132568359375000e+03 -2.895794808864593506e-03
2.868813476562500000e+03 -2.901479834690690041e-03
2.864987304687500000e+03 -2.905225846916437149e-03
2.864125976562500000e+03 -2.905956702306866646e-03
