1.475139697881292438e-07
1.490116119384766948e-07
2.220223013423587342e-07
4.026072050960775202e-07
7.887768905083172773e-07
1.371554553390115763e-06
2.212609194907471183e-06
3.480242679679512347e-06
5.031475876595859907e-06
7.165584026657139091e-06
9.599193416204660287e-06
1.281092615077001374e-05
1.633961077425404268e-05
2.083179137261039800e-05
2.565112740053202754e-05
3.165380547771119208e-05
3.796721715564069585e-05
4.509090392765025034e-05
5.378120773620167968e-05
6.277811993567849580e-05
7.368157876803955845e-05
8.493148431024954178e-05
9.860814347857919850e-05
1.128635669415326405e-04
1.307216687982047350e-04
1.507278575344060830e-04
1.772720262095982865e-04
2.227285435951758435e-04
2.978192357542062529e-04
4.359316690222847534e-04
6.187462066223288265e-04
8.689736945717107912e-04
1.140685710754582799e-03
1.472382433606143990e-03
1.808833157605603840e-03
2.203851888544179367e-03
2.595665143857118530e-03
3.013419470072645125e-03
3.495838172982987119e-03
3.969423498538010922e-03
4.514249163276380823e-03
5.047703418031200540e-03
5.660095468699021838e-03
6.258561457344386479e-03
6.944402416390846842e-03
7.613532112199174542e-03
8.318667647635943213e-03
9.124799168680683414e-03
9.909364914696759674e-03
1.080476015290673768e-02
1.167465482449753233e-02
1.266556433366880681e-02
1.362633449071537842e-02
1.471840011396003366e-02
1.577472707999474574e-02
1.697215078632560367e-02
1.812670776409053275e-02
1.932815669574265705e-02
2.068111145281681731e-02
2.197434983769827599e-02
2.341700861887634211e-02
2.477665723340368928e-02
2.625896274228508784e-02
2.760133116745494899e-02
2.895433262151745138e-02
2.998058359464143147e-02
3.055614276517832142e-02
3.029304588959017691e-02
2.926815539544084036e-02
2.825401677484968080e-02
2.774594977276241548e-02
2.732800192999428404e-02
2.697537103192235164e-02
2.679168848789656443e-02
2.674800462650924956e-02
2.671369417332465981e-02
2.675585031382812437e-02
2.689365362296712234e-02
2.708101585405466027e-02
2.728569197900761537e-02
2.758055341400156291e-02
2.790311607928001869e-02
2.828307916290716262e-02
2.867738871732973885e-02
2.915982625711678600e-02
2.964190737496930420e-02
3.015678833778858911e-02
3.076205026966987929e-02
3.136430510739169480e-02
3.205700727501287206e-02
3.273547091014732818e-02
3.351853614711404472e-02
3.428655916493791866e-02
3.517409815542149598e-02
3.609438967379793167e-02
3.758204738955531199e-02
4.140458632036048831e-02
5.104445028146413488e-02
6.401993971938231553e-02
7.382982120436945572e-02
8.122091052192527416e-02
8.764652365547975776e-02
9.973854454220214272e-02
1.204273052606244510e-01
1.532999805764605206e-01
2.007703846118790714e-01
2.126117257872750521e-01
2.142924581950697016e-01
2.214656974506577503e-01
2.044876581770047608e-01
2.182815170368707092e-01
2.380727081489112940e-01
2.538710805364032819e-01
2.584886463554491032e-01
2.549946024435912340e-01
2.588246497033399596e-01
2.730890703985269785e-01
2.892288394114723715e-01
2.987583914654309836e-01
3.005177937934196963e-01
3.032637844849319086e-01
3.124720558194357678e-01
3.257957502032488573e-01
3.385358525630537407e-01
3.457887698601458948e-01
3.491645637080419973e-01
3.568326513739163985e-01
3.694991679092903825e-01
3.820529697205166109e-01
3.902222801326614143e-01
4.018378555767979643e-01
4.027661625902707043e-01
4.030224798009311993e-01
