4.712160915387242321e-08
3.650024149988857397e-08
2.980232238769531250e-08
4.712160915387242321e-08
1.316034922946669618e-07
2.755707801715581019e-07
4.828528090125265432e-07
7.994025099874744184e-07
1.181052161481112816e-06
1.713957444967313977e-06
2.322574354472023446e-06
3.120574978044923559e-06
3.998456657741009544e-06
5.127601941378694868e-06
6.337532352374526133e-06
7.849362578305589330e-06
9.432917604446016893e-06
1.123037557692276489e-05
1.343884831202999418e-05
1.573580966212152876e-05
1.852471462506618532e-05
2.142951735873994262e-05
2.496089059352130836e-05
2.864807824262972225e-05
3.317655112288385650e-05
3.796183046668333435e-05
4.346805367758129179e-05
5.050707646750131975e-05
5.836023374547760100e-05
6.906263349775719235e-05
8.216709179252310090e-05
1.025510385499386738e-04
1.327785651674245871e-04
1.957758198754716605e-04
3.406201353770828364e-04
8.932246342221117569e-04
1.875342044205118627e-03
2.599710579222189177e-03
3.353436022225950251e-03
4.114045182227689737e-03
4.897705640339813753e-03
5.655270675946131101e-03
6.516833513269981726e-03
7.315844181619648307e-03
8.226700881900960230e-03
9.089673678353645328e-03
9.965477385272496560e-03
1.093406287164256675e-02
1.181561408251755561e-02
1.272295532417692769e-02
1.346143783262472235e-02
1.405316088419665717e-02
1.433819601553967295e-02
1.442617932402967020e-02
1.477436753426101743e-02
1.551770174771815308e-02
1.622909843775483668e-02
1.683840687017590723e-02
1.665387595623550598e-02
1.331600104092208608e-02
1.160818011651902279e-02
9.304429681821343653e-03
8.878355478915918308e-03
9.083508464617317396e-03
8.648609340609205581e-03
8.323407021751719898e-03
8.287256542752275204e-03
8.150516451707362497e-03
7.924686158628528945e-03
7.865116478205522177e-03
7.813183099771093751e-03
7.664644523408187422e-03
7.607440343660719709e-03
7.579091716465932195e-03
7.502965632006668682e-03
7.441947897905754929e-03
7.422814337123647375e-03
7.384759303844614688e-03
7.332050344916734609e-03
7.307371732165449801e-03
7.282507450755273080e-03
7.245802469816535474e-03
7.212217428194338427e-03
7.190476475317352650e-03
7.160380634469867313e-03
7.128199100606460656e-03
7.101290979466679323e-03
7.074399514107337743e-03
7.045446188249993198e-03
7.013343999505737732e-03
6.986955749258497682e-03
6.958849058984977083e-03
6.931146287759501132e-03
6.902353791388164163e-03
6.877460413446392744e-03
6.851343151587891735e-03
6.827882858067446485e-03
6.803699758582734680e-03
6.782724072770057733e-03
6.762438971175466391e-03
6.745478497544343463e-03
6.729009177694087948e-03
6.717459731081598315e-03
6.708883403112644514e-03
6.704725507485897844e-03
6.705932174616759806e-03
6.713883978265356225e-03
6.731576016409874727e-03
6.760667667664184075e-03
6.806425870730842959e-03
6.873685264420732743e-03
6.980931894501780921e-03
7.121028604851915682e-03
7.337874866579639083e-03
7.660413143892550250e-03
8.169559835522036823e-03
9.004131841589203128e-03
1.042461927145383292e-02
1.332115974155294834e-02
1.922362054629453421e-02
3.246536370103354774e-02
6.367692663715335266e-02
1.129027176289795070e-01
1.453149249319292680e-01
1.569590855924279105e-01
1.682477935535646452e-01
1.789657220784698355e-01
1.849420758975368617e-01
1.966602697558711144e-01
2.148864849771866536e-01
2.247967236433789373e-01
2.275492049742671996e-01
2.375393130932044738e-01
2.521814979227802178e-01
2.598486789610151004e-01
2.653832583644738508e-01
2.748485277241113356e-01
2.841264080973887607e-01
2.918399594561911781e-01
2.988483256546964895e-01
3.064005125795529749e-01
3.141312398745512158e-01
3.211950324536293477e-01
3.277831984342849947e-01
3.339623225747713198e-01
3.391536181956074647e-01
4.045109260572371523e-01
4.407278484920505446e-01
