5.652101074218750000e+03 0.000000000000000000e+00
5.652097656250000000e+03 -5.045261275427037617e-08
5.652070800781250000e+03 -3.972718616296333494e-07
5.652005371093750000e+03 -1.229617168974073138e-06
5.651870117187500000e+03 -2.947598886748892255e-06
5.651667480468750000e+03 -5.514260465133702382e-06
5.651373535156250000e+03 -9.233613127435091883e-06
5.650933593750000000e+03 -1.479358525102725253e-05
5.650398925781250000e+03 -2.154339381377212703e-05
5.649662109375000000e+03 -3.082684270339086652e-05
5.648822265625000000e+03 -4.140430610277689993e-05
5.647722656250000000e+03 -5.523924119188450277e-05
5.646517578125000000e+03 -7.037474279059097171e-05
5.644992187500000000e+03 -8.951405470725148916e-05
5.643367675781250000e+03 -1.098651991924270988e-04
5.641358886718750000e+03 -1.349777594441547990e-04
5.639263183593750000e+03 -1.611179613973945379e-04
5.636924316406250000e+03 -1.902105723274871707e-04
5.634104492187500000e+03 -2.251669648103415966e-04
5.631227050781250000e+03 -2.606884227134287357e-04
5.627801269531250000e+03 -3.027535276487469673e-04
5.624344726562500000e+03 -3.449068753980100155e-04
5.620270507812500000e+03 -3.941342874895781279e-04
5.616197753906250000e+03 -4.427492094691842794e-04
5.611438476562500000e+03 -4.985919222235679626e-04
5.606716796875000000e+03 -5.526326131075620651e-04
5.601673339843750000e+03 -6.083131302148103714e-04
5.595838378906250000e+03 -6.689269212074577808e-04
5.590104492187500000e+03 -7.224957807920873165e-04
5.583508300781250000e+03 -7.724832976236939430e-04
5.577060058593750000e+03 -8.037461666390299797e-04
5.569679199218750000e+03 -8.186785853467881680e-04
5.562496582031250000e+03 -8.265333599410951138e-04
5.554310546875000000e+03 -8.378073689527809620e-04
5.546376953125000000e+03 -8.522481657564640045e-04
5.537370117187500000e+03 -8.721579797565937042e-04
5.528672363281250000e+03 -8.942671120166778564e-04
5.519604003906250000e+03 -9.198128827847540379e-04
5.509359375000000000e+03 -9.512939141131937504e-04
5.499513183593750000e+03 -9.838429978117346764e-04
5.488422363281250000e+03 -1.022871001623570919e-03
5.477792968750000000e+03 -1.062371884472668171e-03
5.465851562500000000e+03 -1.108912983909249306e-03
5.454436035156250000e+03 -1.155300182290375233e-03
5.441643066406250000e+03 -1.209198497235774994e-03
5.429441894531250000e+03 -1.262212870642542839e-03
5.416864257812500000e+03 -1.318206079304218292e-03
5.402815429687500000e+03 -1.381962909363210201e-03
5.389458496093750000e+03 -1.443300861865282059e-03
5.374568359375000000e+03 -1.511791022494435310e-03
5.360437988281250000e+03 -1.575942849740386009e-03
5.344715820312500000e+03 -1.644631614908576012e-03
5.329822265625000000e+03 -1.704362803138792515e-03
5.313279296875000000e+03 -1.759154605679214001e-03
5.297635253906250000e+03 -1.792205031961202621e-03
5.280286132812500000e+03 -1.802478451281785965e-03
5.263905273437500000e+03 -1.797860022634267807e-03
5.247176757812500000e+03 -1.804587896913290024e-03
5.228666503906250000e+03 -1.837614574469625950e-03
5.211226562500000000e+03 -1.880449708551168442e-03
5.191956542968750000e+03 -1.922080293297767639e-03
5.173825683593750000e+03 -1.927073113620281219e-03
5.153817871093750000e+03 -1.776650198735296726e-03
5.135018066406250000e+03 -1.812621252611279488e-03
5.114298339843750000e+03 -1.848212094046175480e-03
5.094852539062500000e+03 -1.876713824458420277e-03
5.075105957031250000e+03 -1.908498583361506462e-03
5.053381347656250000e+03 -1.946877571754157543e-03
5.033027832031250000e+03 -1.982816960662603378e-03
5.010660644531250000e+03 -2.023109234869480133e-03
4.989727539062500000e+03 -2.062400570139288902e-03
4.966749023437500000e+03 -2.106091473251581192e-03
4.945266601562500000e+03 -2.147375606000423431e-03
4.921708984375000000e+03 -2.193661872297525406e-03
4.899708496093750000e+03 -2.237503882497549057e-03
4.875606445312500000e+03 -2.285951049998402596e-03
4.853119628906250000e+03 -2.331803552806377411e-03
4.830411621093750000e+03 -2.378699602559208870e-03
4.805570312500000000e+03 -2.430499996989965439e-03
4.782426269531250000e+03 -2.479320159181952477e-03
4.757131835937500000e+03 -2.533367369323968887e-03
4.733587402343750000e+03 -2.584266941994428635e-03
4.707878906250000000e+03 -2.640510909259319305e-03
4.683970214843750000e+03 -2.693519461899995804e-03
4.657887207031250000e+03 -2.752140164375305176e-03
4.633651855468750000e+03 -2.807356184348464012e-03
4.609272949218750000e+03 -2.863671863451600075e-03
4.582711425781250000e+03 -2.925964072346687317e-03
4.558062011718750000e+03 -2.984662773087620735e-03
4.531228515625000000e+03 -3.049571067094802856e-03
4.506348632812500000e+03 -3.110729856416583061e-03
4.479286132812500000e+03 -3.178356913849711418e-03
4.454214355468750000e+03 -3.242054022848606110e-03
4.426965820312500000e+03 -3.312446875497698784e-03
4.401743164062500000e+03 -3.378716064617037773e-03
4.374353027343750000e+03 -3.451907541602849960e-03
4.349019042968750000e+03 -3.520757425576448441e-03
4.323117675781250000e+03 -3.592309309169650078e-03
4.296656250000000000e+03 -3.666634205728769302e-03
4.269644531250000000e+03 -3.743792884051799774e-03
4.244145507812500000e+03 -3.817829536274075508e-03
4.216329101562500000e+03 -3.899934468790888786e-03
4.191370605468750000e+03 -3.974795341491699219e-03
4.164778808593750000e+03 -4.055795725435018539e-03
4.138295898437500000e+03 -4.137739539146423340e-03
4.111980468750000000e+03 -4.220418632030487061e-03
4.086532226562500000e+03 -4.301557783037424088e-03
4.059648193359375000e+03 -4.388533998280763626e-03
4.034489013671875000e+03 -4.471083637326955795e-03
4.008486083984375000e+03 -4.557563457638025284e-03
3.982489257812500000e+03 -4.645186010748147964e-03
3.955456298828125000e+03 -4.737483803182840347e-03
3.930898681640625000e+03 -4.822333343327045441e-03
3.905010009765625000e+03 -4.912726581096649170e-03
3.879354736328125000e+03 -5.003122147172689438e-03
3.854737060546875000e+03 -5.090400576591491699e-03
3.829413818359375000e+03 -5.180303007364273071e-03
3.803125976562500000e+03 -5.272882059216499329e-03
3.779067382812500000e+03 -5.355437751859426498e-03
3.754519042968750000e+03 -5.434868857264518738e-03
3.730621337890625000e+03 -5.503573920577764511e-03
3.705712890625000000e+03 -5.561660975217819214e-03
3.682398681640625000e+03 -5.601947195827960968e-03
3.658440917968750000e+03 -5.629050079733133316e-03
3.635056152343750000e+03 -5.625828634947538376e-03
3.611654785156250000e+03 -5.474461242556571960e-03
3.588759033203125000e+03 -5.029154475778341293e-03
3.565982666015625000e+03 -5.073759704828262329e-03
3.543447753906250000e+03 -5.313139874488115311e-03
3.520962646484375000e+03 -5.286116618663072586e-03
3.499307861328125000e+03 -5.135090090334415436e-03
3.477519042968750000e+03 -5.059062968939542770e-03
3.455759033203125000e+03 -5.098917987197637558e-03
3.434684570312500000e+03 -5.102870054543018341e-03
3.414171630859375000e+03 -5.037928931415081024e-03
3.393683593750000000e+03 -4.973630886524915695e-03
3.373631835937500000e+03 -4.950101021677255630e-03
3.353445312500000000e+03 -4.467941820621490479e-03
3.339007568359375000e+03 -4.881315864622592926e-03
