0.000000000000000000e+00
0.000000000000000000e+00
6.664001874625057725e-08
2.117852926783550053e-07
5.183377006926024721e-07
9.803106906055919063e-07
1.657180640036992323e-06
2.669845671065574764e-06
3.917276931387247396e-06
5.645396906700558697e-06
7.625901271886964799e-06
1.025910048373579117e-05
1.318430288681351989e-05
1.695821541541285595e-05
2.105605259417372949e-05
2.625564305652089322e-05
3.184007514217723669e-05
3.828349308893230101e-05
4.640274233252872669e-05
5.509188429414306996e-05
6.604700966513707145e-05
7.785102505090779710e-05
9.284776631366599311e-05
1.090655637838598073e-04
1.299092096176397259e-04
1.627708931302470480e-04
2.205137744440453589e-04
3.138784603694982933e-04
4.211217797198400130e-04
5.760269460531243935e-04
1.515794946251882184e-03
1.779832731289464820e-03
1.787214849505933123e-03
2.122068251827634658e-03
2.414052229431097249e-03
2.646098814577076304e-03
3.016103744111287357e-03
3.336440496719856631e-03
3.703600948558139188e-03
4.117775488113886717e-03
4.546152011260601311e-03
4.987545706513286589e-03
5.506097184065557662e-03
5.995351050090166715e-03
6.575435656637105067e-03
7.139660269575712377e-03
7.730796709044974492e-03
8.417237872697526380e-03
9.083225653726165541e-03
9.845931344175157598e-03
1.059278962856237925e-02
1.144499403354442939e-02
1.227759204744900343e-02
1.323202385722390372e-02
1.416327666944107097e-02
1.523279651503526948e-02
1.627881444105815090e-02
1.738429039596741180e-02
1.865128858081007215e-02
1.987889371587275161e-02
2.123462035385497576e-02
2.233846324658447097e-02
2.211938337419467118e-02
1.813542259342296875e-02
1.968776306789605732e-02
1.995219483914398642e-02
1.681981530749165205e-02
1.454490668697813391e-02
1.492743391727345374e-02
1.511692795569085333e-02
1.569065050831503286e-02
1.802729952874147085e-02
2.101111126305566998e-02
2.587437558562630593e-02
2.676764722405781255e-02
2.408827848504275365e-02
2.398358661999275970e-02
2.639693356937416677e-02
2.570669123050537200e-02
2.473855017118329128e-02
2.627955710267652900e-02
2.695324066895535275e-02
2.638703030936393260e-02
2.684273760406660769e-02
2.798937106988004866e-02
2.832704733074959541e-02
2.849390956699122956e-02
2.935878454706275162e-02
3.034522430513108410e-02
3.111297050922726126e-02
3.189798957735508200e-02
3.320553932080010096e-02
3.470379837876089169e-02
3.653853517583565552e-02
3.867404562876138735e-02
4.191080388189383915e-02
4.621576593679879025e-02
5.242012368166455022e-02
6.197846427112013029e-02
7.307451891350315309e-02
8.582758940037064910e-02
1.000561494778740429e-01
1.443719758089615779e-01
2.096847109505916018e-01
2.243786338000106628e-01
2.239135018926824705e-01
