4.214684851089403467e-08
3.650024149988857397e-08
5.161913655903570101e-08
8.940696716308596397e-08
1.908279728124397487e-07
3.285021734989986017e-07
5.491234592404517265e-07
8.691350562225666666e-07
1.267212130157394471e-06
1.812559509222155981e-06
2.430945313140074088e-06
3.245238914410382585e-06
4.143809043390765854e-06
5.286406140916498696e-06
6.501450229209456964e-06
8.003435733477536236e-06
9.587296406591404730e-06
1.136006127255423314e-05
1.351250245964237659e-05
1.571948913279020633e-05
1.836941515003486975e-05
2.107264452471416545e-05
2.429004458815927514e-05
2.754113542384316614e-05
3.139771905150382268e-05
3.526759536345136893e-05
3.948934796182515967e-05
4.446329720586135958e-05
4.946810280620485506e-05
5.538339661401006831e-05
6.133717254612254413e-05
6.840196872753625547e-05
7.557498477756132782e-05
8.416370813440833033e-05
9.300537529498495719e-05
1.038385491061109676e-04
1.158823768220640165e-04
1.436875103912880797e-04
6.140164271437778109e-04
1.409372105417449608e-03
1.976772869617419645e-03
2.669640340831040941e-03
4.157822592296059674e-03
7.000172708866212942e-03
7.985564593421911120e-03
8.770951029645110072e-03
9.779014851998399718e-03
1.064522942448972026e-02
1.121362500954227980e-02
1.175082253736274389e-02
1.191337552743082333e-02
1.229918515232897996e-02
1.312583276513449790e-02
1.395600630137431263e-02
1.480557672819413258e-02
1.585015416980795760e-02
1.675104339217828309e-02
1.743712862015842774e-02
1.662517000518593663e-02
1.380747662542101788e-02
1.369625993936826255e-02
1.254985667290388351e-02
9.255695588638824731e-03
7.898951833054971769e-03
8.929924448495996092e-03
8.933840083018444733e-03
8.237912472894761556e-03
8.525066781570091179e-03
8.808394143634679443e-03
8.492814136970670488e-03
8.549858441046173999e-03
8.863967515720659260e-03
8.827834098673681754e-03
8.821010000562526376e-03
9.048912828069124656e-03
9.182601872639256299e-03
9.205302198434813996e-03
9.351542950266262394e-03
9.553869034771924479e-03
9.651816163054187034e-03
9.772114313753398410e-03
9.952410104116203582e-03
1.012708603757252884e-02
1.025464502168943991e-02
1.042794754570892414e-02
1.061620823721093690e-02
1.078905138392050218e-02
1.097073898731468385e-02
1.116467741300483131e-02
1.139294079357019117e-02
1.160105849420444216e-02
1.183487898359895929e-02
1.207364402483869330e-02
1.233496005004709913e-02
1.261659607352348146e-02
1.290235035959727723e-02
1.322570137331121644e-02
1.355740687566036815e-02
1.392584273593460223e-02
1.432099193421658249e-02
1.474454791849415768e-02
1.519756688137546656e-02
1.570387568380072346e-02
1.627442145668086398e-02
1.693165474294109490e-02
1.770476960680351930e-02
1.860466484265266979e-02
1.980398760077716619e-02
2.149807916681686915e-02
2.401422630990420609e-02
2.839538931862809618e-02
3.636361715203857009e-02
5.056214153728690042e-02
7.154941290266469966e-02
9.228731115374515237e-02
1.062327028583862354e-01
1.146404217172236617e-01
1.214862022543419517e-01
1.307278900890660456e-01
1.434607868278944265e-01
1.571901380962169859e-01
1.684237559445470600e-01
1.758898462843600241e-01
1.818384335497113535e-01
1.884120592581207121e-01
1.972370322089462835e-01
2.072879487585188862e-01
2.175387718903138701e-01
2.262169885104055311e-01
2.335983676011567922e-01
2.415120621428860637e-01
2.560456785974138394e-01
3.146951761076770548e-01
