7.300048299977716117e-08
6.322027276634105531e-08
2.107342425544701733e-08
7.300048299977716117e-08
2.731427964541825080e-07
5.693725697560029755e-07
1.000044449303341919e-06
1.654498682234715671e-06
2.454669509169956541e-06
3.572986498095582026e-06
4.864538789661060686e-06
6.603047367240955159e-06
8.538378366849201290e-06
1.107470099220984503e-05
1.387722989280392183e-05
1.750315030197150656e-05
2.151269447892650789e-05
2.633422652174873834e-05
3.273390688069078213e-05
4.021601732496285091e-05
5.120930983819966322e-05
6.713785935666227820e-05
1.015428518839841149e-04
1.433916986401657760e-04
1.963773981288023803e-04
2.549045829976528369e-04
3.231896287136509500e-04
4.119367163774333477e-04
5.078435898021308641e-04
6.283913232838617656e-04
7.569150494332249146e-04
9.155411516778408278e-04
1.081449105735618780e-03
1.283751530530673505e-03
1.492396970148348809e-03
1.743871920224932415e-03
2.000744846111964827e-03
2.282658485660149159e-03
2.617925165519979346e-03
2.956311500382488144e-03
3.355823195623868199e-03
3.756446993529134054e-03
4.226558381991120210e-03
4.695301607994049019e-03
5.242442557657258848e-03
5.785307984021641897e-03
6.365922636323201149e-03
7.039164890813463457e-03
7.703021206192243835e-03
8.469899586236302041e-03
9.223409566881739588e-03
1.009089322997284814e-02
1.094039541912947278e-02
1.191492992558303328e-02
1.286524262943186322e-02
1.394878374034721168e-02
1.499418003017723676e-02
1.606847105831842037e-02
1.721171131143539590e-02
1.806843809488175093e-02
1.789177124753015685e-02
1.522612450676191082e-02
1.378658276328945109e-02
1.309804460388691409e-02
1.217013245495306671e-02
1.137190583752032552e-02
1.097785600254394187e-02
1.037705528300935168e-02
9.825308615142214555e-03
9.457201224891648855e-03
9.050654998040886037e-03
8.594354687698242332e-03
8.286706577128393272e-03
7.933863089729724719e-03
7.583585897043045206e-03
7.265631105000818629e-03
6.977218619509375531e-03
6.663925320990297940e-03
6.344323001140079153e-03
6.060679711149745234e-03
5.733536822356254288e-03
5.430249645781424703e-03
5.114222500170775322e-03
4.820923830967169602e-03
4.503957719137311605e-03
4.224913954428310969e-03
3.955356007754677258e-03
3.664527284826479998e-03
3.398084510376209177e-03
3.111609830406141409e-03
2.842299862030057966e-03
2.540706695656818823e-03
2.254155361655901281e-03
1.933772649542802192e-03
1.625436818334380796e-03
1.276430105031193217e-03
9.411086340378376023e-04
5.928490902547765276e-04
2.052241437727512173e-04
2.099730162320261842e-04
6.298118974854945368e-04
1.071483502818444461e-03
1.540610121368175909e-03
2.025487998191494166e-03
2.537717391384562010e-03
3.116794362847461267e-03
3.703631274586990929e-03
4.361396003336701598e-03
5.036614382378180356e-03
5.802573588070783148e-03
6.635045773782504222e-03
7.518771952181387171e-03
8.520645497366773069e-03
9.595497315088625037e-03
1.080032337716763449e-02
1.209247259098280777e-02
1.352693979741562656e-02
1.503416961922216834e-02
1.657421638464825694e-02
1.810944259898841086e-02
1.959541928742145056e-02
2.084800022508989659e-02
2.178926073852817738e-02
2.214843109549829991e-02
2.177727964591866239e-02
2.034112561030613706e-02
2.015912503831651312e-02
4.934764900709492225e-02
1.286827937360676688e-01
1.574732212058885805e-01
1.647295068806995111e-01
2.433559534508435984e-01
3.567140627521129814e-01
