5.652102050781250000e+03 0.000000000000000000e+00
5.652098144531250000e+03 -5.109124145974419662e-08
5.652071289062500000e+03 -4.024952033887529979e-07
5.652006347656250000e+03 -1.245915427716681734e-06
5.651871093750000000e+03 -2.986870185850420967e-06
5.651668457031250000e+03 -5.588079147855751216e-06
5.651374511718750000e+03 -9.357950148114468902e-06
5.650934082031250000e+03 -1.499444351793499663e-05
5.650399414062500000e+03 -2.183877950301393867e-05
5.649663085937500000e+03 -3.125522562186233699e-05
5.648823242187500000e+03 -4.198857277515344322e-05
5.647723144531250000e+03 -5.603465615422464907e-05
5.646518554687500000e+03 -7.141103560570627451e-05
5.644993164062500000e+03 -9.087059152079746127e-05
5.643368164062500000e+03 -1.115827544708736241e-04
5.641359375000000000e+03 -1.371723628835752606e-04
5.639263671875000000e+03 -1.638497196836397052e-04
5.636924804687500000e+03 -1.935942564159631729e-04
5.634105468750000000e+03 -2.294192672707140446e-04
5.631228027343750000e+03 -2.659331948962062597e-04
5.627802246093750000e+03 -3.093427803833037615e-04
5.624345214843750000e+03 -3.530655521899461746e-04
5.620271484375000000e+03 -4.044777015224099159e-04
5.616198730468750000e+03 -4.557294305413961411e-04
5.611439453125000000e+03 -5.153980455361306667e-04
5.606717773437500000e+03 -5.742947687394917011e-04
5.601673828125000000e+03 -6.367872119881212711e-04
5.595839355468750000e+03 -7.083455566316843033e-04
5.590105468750000000e+03 -7.775668636895716190e-04
5.583509277343750000e+03 -8.550277561880648136e-04
5.577061035156250000e+03 -9.267342975363135338e-04
5.569680175781250000e+03 -9.977805893868207932e-04
5.562497558593750000e+03 -1.033023698255419731e-03
5.554311523437500000e+03 -9.789792820811271667e-04
5.546377929687500000e+03 -9.673121967352926731e-04
5.537371093750000000e+03 -9.699018555693328381e-04
5.528673339843750000e+03 -9.839228587225079536e-04
5.519604980468750000e+03 -1.003782614134252071e-03
5.509360351562500000e+03 -1.030867220833897591e-03
5.499514160156250000e+03 -1.060079433955252171e-03
5.488423339843750000e+03 -1.096126972697675228e-03
5.477793945312500000e+03 -1.133115380071103573e-03
5.465852539062500000e+03 -1.176881836727261543e-03
5.454437011718750000e+03 -1.220639562234282494e-03
5.441644042968750000e+03 -1.271363813430070877e-03
5.429442871093750000e+03 -1.321010524407029152e-03
5.416865234375000000e+03 -1.373097649775445461e-03
5.402816406250000000e+03 -1.431755837984383106e-03
5.389458984375000000e+03 -1.487382221966981888e-03
5.374568847656250000e+03 -1.548296888358891010e-03
5.360438964843750000e+03 -1.603834796696901321e-03
5.344716308593750000e+03 -1.661041751503944397e-03
5.329823242187500000e+03 -1.707853632979094982e-03
5.313280273437500000e+03 -1.746445195749402046e-03
5.297635742187500000e+03 -1.765390974469482899e-03
5.280286621093750000e+03 -1.767361187376081944e-03
5.263905761718750000e+03 -1.767472713254392147e-03
5.247177246093750000e+03 -1.790347392670810223e-03
5.228666992187500000e+03 -1.829123473726212978e-03
5.211227539062500000e+03 -1.861380063928663731e-03
5.191957031250000000e+03 -1.843915088102221489e-03
5.173826171875000000e+03 -1.772279152646660805e-03
5.153818847656250000e+03 -1.775668933987617493e-03
5.135018554687500000e+03 -1.801549689844250679e-03
5.114298828125000000e+03 -1.830937340855598450e-03
5.094853027343750000e+03 -1.858569681644439697e-03
5.075106445312500000e+03 -1.888711121864616871e-03
5.053381835937500000e+03 -1.923265866935253143e-03
5.033028320312500000e+03 -1.956558553501963615e-03
5.010661132812500000e+03 -1.994155114516615868e-03
4.989728027343750000e+03 -2.030271105468273163e-03
4.966749511718750000e+03 -2.070693997666239738e-03
4.945267089843750000e+03 -2.109222579747438431e-03
4.921709472656250000e+03 -2.152272034436464310e-03
4.899708984375000000e+03 -2.193154534325003624e-03
4.875606933593750000e+03 -2.238691551610827446e-03
4.853120117187500000e+03 -2.281886758282780647e-03
4.830412109375000000e+03 -2.326196292415261269e-03
4.805570800781250000e+03 -2.375457901507616043e-03
4.782426757812500000e+03 -2.422120189294219017e-03
4.757132324218750000e+03 -2.473979257047176361e-03
4.733587890625000000e+03 -2.523069735616445541e-03
4.707879394531250000e+03 -2.577597042545676231e-03
4.683970703125000000e+03 -2.629196271300315857e-03
4.657887695312500000e+03 -2.686485880985856056e-03
4.633652343750000000e+03 -2.740664640441536903e-03
4.609273437500000000e+03 -2.796107437461614609e-03
4.582711425781250000e+03 -2.857608487829566002e-03
4.558062500000000000e+03 -2.915715565904974937e-03
4.531229003906250000e+03 -2.980120945721864700e-03
4.506348632812500000e+03 -3.040921408683061600e-03
4.479286132812500000e+03 -3.108253004029393196e-03
4.454214843750000000e+03 -3.171753603965044022e-03
4.428540527343750000e+03 -3.237908706068992615e-03
4.401217285156250000e+03 -3.309577703475952148e-03
4.375935058593750000e+03 -3.377061337232589722e-03
4.348821289062500000e+03 -3.450685879215598106e-03
4.323596679687500000e+03 -3.520349971950054169e-03
4.297421386718750000e+03 -3.593835979700088501e-03
4.270161621093750000e+03 -3.671664278954267502e-03
4.244109863281250000e+03 -3.747281152755022049e-03
4.218017089843750000e+03 -3.824230283498764038e-03
4.191800781250000000e+03 -3.902772441506385803e-03
4.165142089843750000e+03 -3.983897157013416290e-03
4.138516113281250000e+03 -4.066187422722578049e-03
4.111680175781250000e+03 -4.150399006903171539e-03
4.086204589843750000e+03 -4.231526982039213181e-03
4.060307128906250000e+03 -4.315172787755727768e-03
4.034308105468750000e+03 -4.400338511914014816e-03
4.007645507812500000e+03 -4.488903563469648361e-03
3.982269042968750000e+03 -4.574340302497148514e-03
3.956794189453125000e+03 -4.661221057176589966e-03
3.930951660156250000e+03 -4.750478081405162811e-03
3.905149902343750000e+03 -4.840696696192026138e-03
3.879719726562500000e+03 -4.930651281028985977e-03
3.853851318359375000e+03 -5.023133940994739532e-03
3.829162353515625000e+03 -5.112162791192531586e-03
3.804487792968750000e+03 -5.201519932597875595e-03
3.779531738281250000e+03 -5.291218403726816177e-03
3.755273925781250000e+03 -5.374295171350240707e-03
3.730457031250000000e+03 -5.439780652523040771e-03
3.705997802734375000e+03 -5.407811142504215240e-03
3.682034179687500000e+03 -5.017911083996295929e-03
3.658860595703125000e+03 -4.371376242488622665e-03
3.634693603515625000e+03 -4.462553188204765320e-03
3.611856201171875000e+03 -4.604633431881666183e-03
3.588549804687500000e+03 -4.412820562720298767e-03
3.565957519531250000e+03 -4.367485176771879196e-03
3.543397460937500000e+03 -4.517398308962583542e-03
3.521260009765625000e+03 -4.496355075389146805e-03
3.498941894531250000e+03 -4.418442957103252411e-03
3.477423828125000000e+03 -4.442788194864988327e-03
3.455920166015625000e+03 -4.469206091016530991e-03
3.434729492187500000e+03 -4.454524721950292587e-03
3.413613525390625000e+03 -4.453336820006370544e-03
3.393156005859375000e+03 -4.460144788026809692e-03
3.373512695312500000e+03 -4.461174365133047104e-03
3.353650390625000000e+03 -4.463368561118841171e-03
3.334137451171875000e+03 -4.466599319130182266e-03
3.315059326171875000e+03 -4.468806553632020950e-03
3.295921875000000000e+03 -4.471438936889171600e-03
3.276919921875000000e+03 -4.474240355193614960e-03
3.259592773437500000e+03 -4.476582631468772888e-03
3.241985351562500000e+03 -4.478799644857645035e-03
3.224459716796875000e+03 -4.480924457311630249e-03
3.207567871093750000e+03 -4.482824821025133133e-03
3.191139404296875000e+03 -4.484612494707107544e-03
3.174855957031250000e+03 -4.486298188567161560e-03
3.159132080078125000e+03 -4.487715661525726318e-03
3.143488769531250000e+03 -4.488537088036537170e-03
3.128620361328125000e+03 -4.487197380512952805e-03
3.114075195312500000e+03 -4.278657957911491394e-03
3.110285400390625000e+03 -4.180743824690580368e-03
