3.608850822254491886e-06
4.642196034567758233e-05
3.044117224216459790e-04
5.307128998851870071e-04
7.537765447239167449e-04
9.804118495476165426e-04
1.214268593821856389e-03
1.456773944398734094e-03
1.708400077496542496e-03
1.969092889487283719e-03
2.238591919968347440e-03
2.516544169845895060e-03
2.802581008003766222e-03
3.096361074515570962e-03
3.397573701423091137e-03
3.705909249807035153e-03
4.021136697962371734e-03
4.343040209092227308e-03
4.671440292819076072e-03
5.006245595334634334e-03
5.347318139580685761e-03
5.694688057815988809e-03
6.048397194063628510e-03
6.408791600806321848e-03
6.776382793957995768e-03
7.152188189684667574e-03
7.538412213697341484e-03
7.938400841976037473e-03
8.359708630155103862e-03
8.817203379260689713e-03
9.341782534289104142e-03
9.991472091378142406e-03
1.088535994702328341e-02
1.120045180182275939e-02
6.997230348957520982e-03
7.349934481402612893e-03
7.673114314027636336e-03
8.028197736769573239e-03
8.389411620573697728e-03
8.756648706277734770e-03
9.129825558605827659e-03
9.508857021792931075e-03
9.893674429722823169e-03
1.028419817193538914e-02
1.068043903275346304e-02
1.108220785491310575e-02
1.148957607149751065e-02
1.190247442816912311e-02
1.232084536284660040e-02
1.274467532538530942e-02
1.317392178967046780e-02
1.360856765336914027e-02
1.404858227210450602e-02
1.449396350058823439e-02
1.494468727726430343e-02
1.540074507815117691e-02
1.586210791359971006e-02
1.632879187744215241e-02
1.680078457016306523e-02
1.727808895763152663e-02
1.776070432519456788e-02
1.824863327539296906e-02
1.874186869517828827e-02
1.924045298257944306e-02
1.974436573344525228e-02
2.025362913884682509e-02
2.076827002113030771e-02
2.128828377025866053e-02
2.181370790036252574e-02
2.234455994440047791e-02
2.288086101889346205e-02
2.342264013985209670e-02
2.396991604902669326e-02
2.452273781498972086e-02
2.508112503132204837e-02
2.564510408912931347e-02
2.621473004840873047e-02
2.679002378707506446e-02
2.737104577411569525e-02
2.795782385939473216e-02
2.855041261296046434e-02
2.914885359978224705e-02
2.975321558663709606e-02
3.036353300043111506e-02
3.097986270092391650e-02
3.160229338919311876e-02
3.223084913001078577e-02
3.286562396123901553e-02
3.350666293085014652e-02
3.415405018292237693e-02
3.480785299178260767e-02
3.542679535527966384e-02
3.609025516525064814e-02
3.676354985813771320e-02
3.744341978915324831e-02
3.812820223657926305e-02
3.882325355642569226e-02
3.952207071517553627e-02
4.022939828767260056e-02
4.094425192860818435e-02
4.167509068127025346e-02
4.253758209132889323e-02
4.342325562564387093e-02
4.420226167721232752e-02
