5.652148925781250000e+03 0.000000000000000000e+00
5.652145019531250000e+03 -2.704091350835824414e-08
5.652118164062500000e+03 -2.123809110798902111e-07
5.652053222656250000e+03 -6.569538300027488731e-07
5.651917968750000000e+03 -1.574223119860107545e-06
5.651715332031250000e+03 -2.944000016213976778e-06
5.651421386718750000e+03 -4.927724148728884757e-06
5.650981445312500000e+03 -7.890452252468094230e-06
5.650446289062500000e+03 -1.148268165707122535e-05
5.649709960937500000e+03 -1.641451672185212374e-05
5.648870117187500000e+03 -2.201966890424955636e-05
5.647770019531250000e+03 -2.932271854660939425e-05
5.646565429687500000e+03 -3.725940769072622061e-05
5.645039550781250000e+03 -4.714031092589721084e-05
5.643415039062500000e+03 -5.704429713659919798e-05
5.641406250000000000e+03 -6.487325299531221390e-05
5.639310058593750000e+03 -6.150106491986662149e-05
5.636971191406250000e+03 -4.438983887666836381e-05
5.634151367187500000e+03 -4.589550007949583232e-05
5.631273925781250000e+03 -4.575645289150997996e-05
5.627848144531250000e+03 -4.569146040012128651e-05
5.624391113281250000e+03 -4.615112266037613153e-05
5.620317382812500000e+03 -4.747996354126371443e-05
5.616244140625000000e+03 -4.912474832963198423e-05
5.611484375000000000e+03 -5.149501885171048343e-05
5.606762695312500000e+03 -5.439333472168073058e-05
5.601718750000000000e+03 -5.796534242108464241e-05
5.595884277343750000e+03 -6.266486161621287465e-05
5.590149902343750000e+03 -6.785702134948223829e-05
5.583553710937500000e+03 -7.445792289217934012e-05
5.577104980468750000e+03 -8.150905341608449817e-05
5.569724121093750000e+03 -9.025034523801878095e-05
5.562541503906250000e+03 -9.938070434145629406e-05
5.554355468750000000e+03 -1.104682742152363062e-04
5.546421875000000000e+03 -1.218368197442032397e-04
5.537414550781250000e+03 -1.353929255856201053e-04
5.528716796875000000e+03 -1.490360737079754472e-04
5.519648437500000000e+03 -1.637011446291580796e-04
5.509403808593750000e+03 -1.805619976948946714e-04
5.499557617187500000e+03 -1.966111158253625035e-04
5.488466796875000000e+03 -2.130252396455034614e-04
5.477836914062500000e+03 -2.223836054326966405e-04
5.465895507812500000e+03 -2.224619238404557109e-04
5.454479492187500000e+03 -2.356671029701828957e-04
5.441686523437500000e+03 -2.346083783777430654e-04
5.429484863281250000e+03 -2.422649849904701114e-04
5.416907226562500000e+03 -2.634111733641475439e-04
5.402857910156250000e+03 -2.861790126189589500e-04
5.389500488281250000e+03 -3.101300389971584082e-04
5.374610351562500000e+03 -3.374130174051970243e-04
5.360479980468750000e+03 -3.641577495727688074e-04
5.344757324218750000e+03 -3.956844157073646784e-04
5.329863769531250000e+03 -4.261460562702268362e-04
5.313320800781250000e+03 -4.613042401615530252e-04
5.297676269531250000e+03 -4.958885256201028824e-04
5.280327148437500000e+03 -5.351498257368803024e-04
5.263946289062500000e+03 -5.734930746257305145e-04
5.247217285156250000e+03 -6.138191674835979939e-04
5.228707031250000000e+03 -6.594993756152689457e-04
5.211267578125000000e+03 -7.037571631371974945e-04
5.191997070312500000e+03 -7.538644131273031235e-04
5.173866210937500000e+03 -8.019858505576848984e-04
5.153858886718750000e+03 -8.562382427044212818e-04
5.135058593750000000e+03 -9.081204771064221859e-04
5.114338867187500000e+03 -9.661139338277280331e-04
5.094893066406250000e+03 -1.021195203065872192e-03
5.075146484375000000e+03 -1.077465713024139404e-03
5.053421875000000000e+03 -1.139331492595374584e-03
5.033067871093750000e+03 -1.196680823341012001e-03
5.010700683593750000e+03 -1.257806899957358837e-03
4.989767578125000000e+03 -1.311158412136137486e-03
4.966788574218750000e+03 -1.360304187983274460e-03
4.945306152343750000e+03 -1.385670737363398075e-03
4.921748046875000000e+03 -1.365984091535210609e-03
4.899747070312500000e+03 -1.323904492892324924e-03
4.875645019531250000e+03 -1.310646184720098972e-03
4.853157714843750000e+03 -1.304571516811847687e-03
4.830449218750000000e+03 -1.304036471992731094e-03
4.805607910156250000e+03 -1.312750042416155338e-03
4.782463378906250000e+03 -1.324854441918432713e-03
4.757168945312500000e+03 -1.339995069429278374e-03
4.733624023437500000e+03 -1.355274696834385395e-03
4.707915039062500000e+03 -1.372923725284636021e-03
4.684006347656250000e+03 -1.389769837260246277e-03
4.657922851562500000e+03 -1.408415148034691811e-03
4.633687011718750000e+03 -1.425937167368829250e-03
4.609308105468750000e+03 -1.443573390133678913e-03
4.582745605468750000e+03 -1.462643616832792759e-03
4.558096191406250000e+03 -1.480190083384513855e-03
4.531262695312500000e+03 -1.499130856245756149e-03
4.506381835937500000e+03 -1.516867312602698803e-03
4.479319335937500000e+03 -1.545742154121398926e-03
4.454247070312500000e+03 -1.511316513642668724e-03
4.426998535156250000e+03 -1.537589589133858681e-03
4.401774902343750000e+03 -1.564713311381638050e-03
4.374384277343750000e+03 -1.602337579242885113e-03
4.349050292968750000e+03 -1.601661439053714275e-03
4.323677246093750000e+03 -1.609035301953554153e-03
4.296157226562500000e+03 -1.639228779822587967e-03
4.270734375000000000e+03 -1.665426534600555897e-03
4.243181640625000000e+03 -1.676908344961702824e-03
4.217749023437500000e+03 -1.687370589934289455e-03
4.190208496093750000e+03 -1.712881610728800297e-03
4.164807617187500000e+03 -1.738087739795446396e-03
4.137323242187500000e+03 -1.755802775733172894e-03
4.111994628906250000e+03 -1.769406255334615707e-03
4.086715332031250000e+03 -1.789984526112675667e-03
4.059395996093750000e+03 -1.816615113057196140e-03
4.034249267578125000e+03 -1.837059273384511471e-03
4.007095703125000000e+03 -1.855023554526269436e-03
3.982122070312500000e+03 -1.874264096841216087e-03
3.955177490234375000e+03 -1.899434253573417664e-03
3.930416992187500000e+03 -1.921853283420205116e-03
3.903724365234375000e+03 -1.942622940987348557e-03
3.879216064453125000e+03 -1.961547415703535080e-03
3.852818115234375000e+03 -1.984594855457544327e-03
3.828600830078125000e+03 -2.007080940529704094e-03
3.804538330078125000e+03 -2.011072356253862381e-03
3.779847412109375000e+03 -2.042125910520553589e-03
3.755113037109375000e+03 -2.050546696409583092e-03
3.730312744140625000e+03 -2.083430998027324677e-03
3.705036376953125000e+03 -2.109355293214321136e-03
3.681909912109375000e+03 -2.128029242157936096e-03
3.657088134765625000e+03 -2.151125110685825348e-03
3.634466796875000000e+03 -2.172137144953012466e-03
3.611746093750000000e+03 -2.200698945671319962e-03
3.587668212890625000e+03 -2.222147071734070778e-03
3.565690429687500000e+03 -2.242111833766102791e-03
3.542158691406250000e+03 -2.263630041852593422e-03
3.520256591796875000e+03 -2.285602968186140060e-03
3.498187500000000000e+03 -2.310707932338118553e-03
3.476409423828125000e+03 -2.332433126866817474e-03
3.454678466796875000e+03 -2.350586932152509689e-03
3.433456054687500000e+03 -2.374412724748253822e-03
3.413349121093750000e+03 -2.394259441643953323e-03
3.392732177734375000e+03 -2.415526658296585083e-03
3.373105957031250000e+03 -2.434296300634741783e-03
3.353239746093750000e+03 -2.453484339639544487e-03
3.334329589843750000e+03 -2.473960630595684052e-03
3.314687988281250000e+03 -2.494490472599864006e-03
3.296294189453125000e+03 -2.513661282137036324e-03
3.277750244140625000e+03 -2.532954327762126923e-03
3.259802246093750000e+03 -2.551185665652155876e-03
3.241811279296875000e+03 -2.570366021245718002e-03
3.224122802734375000e+03 -2.589668845757842064e-03
3.207319580078125000e+03 -2.607539063319563866e-03
3.190806396484375000e+03 -2.625010441988706589e-03
3.174765625000000000e+03 -2.641982631757855415e-03
3.158978759765625000e+03 -2.658957382664084435e-03
3.143499267578125000e+03 -2.676094183698296547e-03
3.128422851562500000e+03 -2.692711306735873222e-03
3.113824707031250000e+03 -2.708429004997014999e-03
3.099779052734375000e+03 -2.721369732171297073e-03
3.085446044921875000e+03 -2.737375674769282341e-03
3.072164306640625000e+03 -2.755348570644855499e-03
3.059474365234375000e+03 -2.767778467386960983e-03
3.046660400390625000e+03 -2.780603477731347084e-03
3.034588867187500000e+03 -2.796688582748174667e-03
3.022846923828125000e+03 -2.812783233821392059e-03
3.010868408203125000e+03 -2.829196630045771599e-03
3.000248779296875000e+03 -2.844145055860280991e-03
2.989488037109375000e+03 -2.857392653822898865e-03
2.979325439453125000e+03 -2.867303788661956787e-03
2.969612792968750000e+03 -2.878778148442506790e-03
2.960215087890625000e+03 -2.894615987315773964e-03
2.951336914062500000e+03 -2.907788613811135292e-03
2.942485839843750000e+03 -2.917121630162000656e-03
2.934344238281250000e+03 -2.927786670625209808e-03
2.926515869140625000e+03 -2.935649361461400986e-03
2.919268554687500000e+03 -2.943307859823107719e-03
2.912226074218750000e+03 -2.955973381176590919e-03
2.905617187500000000e+03 -2.969175111502408981e-03
2.899307128906250000e+03 -2.966605359688401222e-03
2.893343505859375000e+03 -2.974070841446518898e-03
2.887770751953125000e+03 -2.981989877298474312e-03
2.882559082031250000e+03 -2.986570587381720543e-03
2.877686523437500000e+03 -2.995015354827046394e-03
2.873143066406250000e+03 -3.004779573529958725e-03
2.868921875000000000e+03 -3.005719743669033051e-03
2.865189697265625000e+03 -3.023311728611588478e-03
