5.960464477539063823e-08
6.322027276634105531e-08
9.185692672385243593e-08
1.861154436587812659e-07
3.833973506173099632e-07
6.677316576960234235e-07
1.092774398165942254e-06
1.724934116421887288e-06
2.512160775345112956e-06
3.567326785910829556e-06
4.792756449011201137e-06
6.388863087051376331e-06
8.160260090815541425e-06
1.039364271665469490e-05
1.279214134639710148e-05
1.576638624475253203e-05
1.888606818736963185e-05
2.240334950588289609e-05
2.666740050776077628e-05
3.106545825351139211e-05
3.635588349825780250e-05
4.175657406536238990e-05
4.821125110524915254e-05
5.476909584233847057e-05
6.257603504413147464e-05
7.048822901758570482e-05
7.913741707741897276e-05
8.943971643080302438e-05
9.991114463974603470e-05
1.124709007709535398e-04
1.254591894058057835e-04
1.417348393493635269e-04
1.608175844616622021e-04
1.963840793419772653e-04
2.935997846309172784e-04
6.205558903190756901e-04
1.031625000896209746e-03
1.491054646381651015e-03
2.034755670436523209e-03
2.573150839475912138e-03
3.190399310842537486e-03
3.896490728671872690e-03
5.331373679521236517e-03
8.033879995059405379e-03
9.608064958158097496e-03
1.058436589034696292e-02
1.173791650535554662e-02
1.286718026992069060e-02
1.378375073089732269e-02
1.493936219717116251e-02
1.589252915619108683e-02
1.676416656981902578e-02
1.742228651457970387e-02
1.772764931702631996e-02
1.775427915279774449e-02
1.853607414848762458e-02
1.959227244218184061e-02
2.067404130173799981e-02
2.197567190704936835e-02
2.318373170866879981e-02
2.437710042792337953e-02
2.533895009567854392e-02
2.397362363562055218e-02
1.937450883963479434e-02
1.850004259257162498e-02
1.824584221376309573e-02
1.730159651564525461e-02
1.694723586130035195e-02
1.761398338204834754e-02
1.767548932413138402e-02
1.737384768570873067e-02
1.777956835675562064e-02
1.815035615463467950e-02
1.814960592649788804e-02
1.834649003286440913e-02
1.877978593155320633e-02
1.900903055982467588e-02
1.919141896093095462e-02
1.955500461309139792e-02
1.990356584811758117e-02
2.019727062618511745e-02
2.050421518863019404e-02
2.090646898807394308e-02
2.126362631379922347e-02
2.163760271371235194e-02
2.202097554332633350e-02
2.243432786797468562e-02
2.288665166769066409e-02
2.332032204034040906e-02
2.382823111806626690e-02
2.432736897892633435e-02
2.489726833998464478e-02
2.546300016313324255e-02
2.609018241816375358e-02
2.681385328881015495e-02
2.753227021207552139e-02
2.839096390134078496e-02
2.937802360686427028e-02
3.059178098077999092e-02
3.197941876608330347e-02
3.374706673604906115e-02
3.639035797102268405e-02
4.003293274037934141e-02
4.629625951973163900e-02
5.615625486106503444e-02
7.171382221915174882e-02
9.018837318635465616e-02
1.054079139608626731e-01
1.138017326845373739e-01
1.182235523993758752e-01
1.246286316409233597e-01
1.359716439669093890e-01
1.494558791094117989e-01
1.603887943335723099e-01
1.677448779048062444e-01
1.747620208412330733e-01
1.846137169339126527e-01
1.968419599613669690e-01
2.087288595884933817e-01
2.165748690905129614e-01
2.214957535248412157e-01
2.271176281914673301e-01
2.358246934494492852e-01
2.464523570461089330e-01
2.567002881323827146e-01
2.646081094365370645e-01
2.720947763408182452e-01
2.800590469513707936e-01
2.899149387953736112e-01
3.002654008698693033e-01
3.062570197231714864e-01
