5.652137207031250000e+03 0.000000000000000000e+00
5.645100097656250000e+03 -6.228304118849337101e-05
5.638063476562500000e+03 -1.200768092530779541e-04
5.627508300781250000e+03 -1.639271067688241601e-04
5.623989746093750000e+03 -1.601487165316939354e-04
5.623989746093750000e+03 -1.601487165316939354e-04
5.595842285156250000e+03 -1.721059088595211506e-04
5.595842285156250000e+03 -1.721059088595211506e-04
5.567694824218750000e+03 -2.122680598404258490e-04
5.567694824218750000e+03 -2.122680598404258490e-04
5.539547363281250000e+03 -2.664402709342539310e-04
5.539547363281250000e+03 -2.664402709342539310e-04
5.511399902343750000e+03 -3.302109544165432453e-04
5.511399902343750000e+03 -3.302109544165432453e-04
5.483252441406250000e+03 -3.994654398411512375e-04
5.483252441406250000e+03 -3.994654398411512375e-04
5.455104980468750000e+03 -4.675131931435316801e-04
5.455104980468750000e+03 -4.675131931435316801e-04
5.426957519531250000e+03 -5.211557727307081223e-04
5.426957519531250000e+03 -5.211557727307081223e-04
5.425198242187500000e+03 -5.232658004388213158e-04
5.423438964843750000e+03 -5.246305372565984726e-04
5.422999023437500000e+03 -5.246032378636300564e-04
5.422669433593750000e+03 -5.243236082606017590e-04
5.422504394531250000e+03 -5.239337915554642677e-04
5.422421875000000000e+03 -5.235670832917094231e-04
5.422312500000000000e+03 -5.219833692535758018e-04
5.422166015625000000e+03 -4.417610180098563433e-04
5.421927734375000000e+03 -4.421618941705673933e-04
5.421758300781250000e+03 -4.424470243975520134e-04
5.421503906250000000e+03 -4.428751999512314796e-04
5.421122558593750000e+03 -4.435184528119862080e-04
5.420550781250000000e+03 -4.444856604095548391e-04
5.419692871093750000e+03 -4.459416086319833994e-04
5.418406250000000000e+03 -4.481368814595043659e-04
5.416475585937500000e+03 -4.514549509622156620e-04
5.413580566406250000e+03 -4.564873524941504002e-04
5.409237304687500000e+03 -4.641756240744143724e-04
5.402723144531250000e+03 -4.759615694638341665e-04
5.398809570312500000e+03 -4.831910191569477320e-04
5.398809570312500000e+03 -4.831910191569477320e-04
5.370662109375000000e+03 -5.382476956583559513e-04
5.370662109375000000e+03 -5.382476956583559513e-04
5.342514648437500000e+03 -5.983353476040065289e-04
5.342514648437500000e+03 -5.983353476040065289e-04
5.314367187500000000e+03 -6.630464922636747360e-04
5.314367187500000000e+03 -6.630464922636747360e-04
5.286219726562500000e+03 -7.320379954762756824e-04
5.286219726562500000e+03 -7.320379954762756824e-04
5.258072265625000000e+03 -8.049824391491711140e-04
5.258072265625000000e+03 -8.049824391491711140e-04
5.229924804687500000e+03 -8.815651526674628258e-04
5.229924804687500000e+03 -8.815651526674628258e-04
5.201777343750000000e+03 -9.614852606318891048e-04
5.201777343750000000e+03 -9.614852606318891048e-04
5.173629882812500000e+03 -1.044453587383031845e-03
5.173629882812500000e+03 -1.044453587383031845e-03
5.145482421875000000e+03 -1.130187767557799816e-03
5.145482421875000000e+03 -1.130187767557799816e-03
5.117335449218750000e+03 -1.218406250700354576e-03
5.117335449218750000e+03 -1.218406250700354576e-03
5.089187988281250000e+03 -1.308820443227887154e-03
5.089187988281250000e+03 -1.308820443227887154e-03
5.061040527343750000e+03 -1.401126151904463768e-03
5.061040527343750000e+03 -1.401126151904463768e-03
5.032893066406250000e+03 -1.494994503445923328e-03
5.032893066406250000e+03 -1.494994503445923328e-03
5.004745605468750000e+03 -1.590060535818338394e-03
