2.980232238769531250e-08
4.214684851089403467e-08
3.650024149988857397e-08
7.300048299977716117e-08
1.332800374925012074e-07
2.096779239098774634e-07
3.318646170395640895e-07
5.105686694089174251e-07
7.342508432123182193e-07
1.039028810546463761e-06
1.390047535898658958e-06
1.850625836403636853e-06
2.355514930512911792e-06
2.996652784755824304e-06
3.690678019624115129e-06
4.556296554538213095e-06
5.456552123316639186e-06
6.477224708338568234e-06
7.716672467499879380e-06
8.995044946479017936e-06
1.054311650240761242e-05
1.212890448162424770e-05
1.402891898351968223e-05
1.597033297876278217e-05
1.830558982193908080e-05
2.068528080264350321e-05
2.331418937290318985e-05
2.648547162683149596e-05
2.974537534742077493e-05
3.373351714006806308e-05
3.792678370364110891e-05
4.322250759054452758e-05
4.905602584276389541e-05
5.704569329648378058e-05
6.723875851524251427e-05
8.563442847819617511e-05
1.260896049118027961e-04
3.100725579342209002e-04
1.970624422672303654e-03
3.154944370869309025e-03
4.026139483348755745e-03
4.962895385414068002e-03
5.987322193934960755e-03
6.790769660960272076e-03
7.812030036652365360e-03
8.666163581117176246e-03
9.459073011946379783e-03
1.028234671781041651e-02
1.084087478894967677e-02
1.119243156084639632e-02
1.134179781158096631e-02
1.190405022735843699e-02
1.266891519458417971e-02
1.341883489002913474e-02
1.420899138090890752e-02
1.505242385565787148e-02
1.550903339654208409e-02
1.456674968340020138e-02
1.276970195697585582e-02
1.302288511413953603e-02
1.233283039244126474e-02
9.227715712602658354e-03
6.045208135619806883e-03
6.572776381311666929e-03
7.092816044576813646e-03
6.390388391161531435e-03
6.282380855370876295e-03
6.628483864001796441e-03
6.404284175198243605e-03
6.243495627014029187e-03
6.452648578317315108e-03
6.444056194030389068e-03
6.339178885455439005e-03
6.461519567569921386e-03
6.554087016679360257e-03
6.525664319305749840e-03
6.585080331596973938e-03
6.704648448816095951e-03
6.757348275224703965e-03
6.797753093846088147e-03
6.903835826161824375e-03
6.989936156415305600e-03
7.042683230438021198e-03
7.105189889867736391e-03
7.185662995024389051e-03
7.233611594743429886e-03
7.263562895808700973e-03
7.302056935907826410e-03
7.334799595236363157e-03
7.352527325157352626e-03
7.362969598681433012e-03
7.379715174174072100e-03
7.394203721297346737e-03
7.402742887916638134e-03
7.409840345773873078e-03
7.421296213239122509e-03
7.433828257364728451e-03
7.447580559644624565e-03
7.474351202846096429e-03
7.532954744016031635e-03
7.667590469902636936e-03
8.009985171224412101e-03
8.769545528651398816e-03
1.006642797076298147e-02
1.176043271967665109e-02
1.356184283348331812e-02
1.512734032780955161e-02
1.672476820113347543e-02
1.863833521594050746e-02
2.147328740510917947e-02
2.622829594945619638e-02
3.501580538094659079e-02
5.118333349349193234e-02
7.323087269043107583e-02
9.191068059814289093e-02
1.030606875338644923e-01
1.094257950116283573e-01
1.155812708574974201e-01
1.250673789802734526e-01
1.382064199065830556e-01
1.512648331903843624e-01
1.603702680487308629e-01
1.665960600111074663e-01
1.729626705408436327e-01
1.812156425152685879e-01
1.916486951771932401e-01
2.022213190361774882e-01
2.113418686645827660e-01
2.186005595801823742e-01
2.254718796909433443e-01
2.331622285785879545e-01
2.774682220446625935e-01
2.934201839321748939e-01
