5.652102050781250000e+03 0.000000000000000000e+00
5.652098144531250000e+03 -4.201712755502740038e-08
5.652071289062500000e+03 -3.305655980057053966e-07
5.652006347656250000e+03 -1.022938022288144566e-06
5.651871093750000000e+03 -2.451834916428197175e-06
5.651668457031250000e+03 -4.586293016473064199e-06
5.651374511718750000e+03 -7.678746442252304405e-06
5.650934082031250000e+03 -1.230032557941740379e-05
5.650399414062500000e+03 -1.790892201825045049e-05
5.649663085937500000e+03 -2.561919609433971345e-05
5.648823242187500000e+03 -3.439910142333246768e-05
5.647723144531250000e+03 -4.587458897731266916e-05
5.646518554687500000e+03 -5.841790334670804441e-05
5.644993164062500000e+03 -7.426263618981465697e-05
5.643368164062500000e+03 -9.108972153626382351e-05
5.641359375000000000e+03 -1.118233121815137565e-04
5.639263671875000000e+03 -1.333686959696933627e-04
5.636924804687500000e+03 -1.573022600496187806e-04
5.634105468750000000e+03 -1.859947224147617817e-04
5.631228027343750000e+03 -2.150757645722478628e-04
5.627801757812500000e+03 -2.494120853953063488e-04
5.624345214843750000e+03 -2.837031788658350706e-04
5.620271484375000000e+03 -3.235776675865054131e-04
5.616198730468750000e+03 -3.626550314947962761e-04
5.611438964843750000e+03 -4.057452897541224957e-04
5.606717285156250000e+03 -4.340242012403905392e-04
5.601673339843750000e+03 -4.515050095506012440e-04
5.595838867187500000e+03 -4.689521156251430511e-04
5.590104492187500000e+03 -4.834164574276655912e-04
5.583508300781250000e+03 -4.961133818142116070e-04
5.577059570312500000e+03 -3.565736697055399418e-04
5.569678710937500000e+03 -3.385689342394471169e-04
5.562496093750000000e+03 -3.481885651126503944e-04
5.554310058593750000e+03 -3.661052032839506865e-04
5.546376464843750000e+03 -3.853998205158859491e-04
5.537369628906250000e+03 -4.093609750270843506e-04
5.528671875000000000e+03 -4.335158737376332283e-04
5.519603515625000000e+03 -4.604619171004742384e-04
5.509358886718750000e+03 -4.925846587866544724e-04
5.499512695312500000e+03 -5.247939843684434891e-04
5.488421875000000000e+03 -5.629538209177553654e-04
5.477792480468750000e+03 -6.009726785123348236e-04
5.465851074218750000e+03 -6.452926900237798691e-04
5.454435546875000000e+03 -6.892597302794456482e-04
5.441642578125000000e+03 -7.400637841783463955e-04
5.429441406250000000e+03 -7.900029886513948441e-04
5.416863769531250000e+03 -8.428815635852515697e-04
5.402814941406250000e+03 -9.034105460159480572e-04
5.389457519531250000e+03 -9.623189107514917850e-04
5.374567382812500000e+03 -1.029353821650147438e-03
5.360437500000000000e+03 -1.094117411412298679e-03
5.344714843750000000e+03 -1.167315524071455002e-03
5.329821777343750000e+03 -1.237509190104901791e-03
5.313278808593750000e+03 -1.316156005486845970e-03
5.297634765625000000e+03 -1.390862977132201195e-03
5.280286132812500000e+03 -1.473617157898843288e-03
5.263905273437500000e+03 -1.551151624880731106e-03
5.247176757812500000e+03 -1.629060949198901653e-03
5.228666503906250000e+03 -1.712566125206649303e-03
5.211227050781250000e+03 -1.786537584848701954e-03
5.191957031250000000e+03 -1.857533119618892670e-03
5.173826660156250000e+03 -1.900185830891132355e-03
5.153818847656250000e+03 -1.859281212091445923e-03
5.135018554687500000e+03 -1.747749978676438332e-03
5.114298828125000000e+03 -1.803787657991051674e-03
5.094853027343750000e+03 -1.824161387048661709e-03
5.075106445312500000e+03 -1.798731973394751549e-03
5.053381835937500000e+03 -1.805771957151591778e-03
5.033027832031250000e+03 -1.817756099626421928e-03
5.010660644531250000e+03 -1.828826032578945160e-03
4.989727539062500000e+03 -1.842469791881740093e-03
4.966748535156250000e+03 -1.854868489317595959e-03
4.945266601562500000e+03 -1.848975662142038345e-03
4.921708984375000000e+03 -1.896928064525127411e-03
4.899708007812500000e+03 -1.918093767017126083e-03
4.875606445312500000e+03 -1.962530892342329025e-03
4.853119628906250000e+03 -2.004714915528893471e-03
4.830411132812500000e+03 -2.046819776296615601e-03
4.805569824218750000e+03 -2.097060205414891243e-03
4.782425781250000000e+03 -2.143696649000048637e-03
4.757131835937500000e+03 -2.195323817431926727e-03
4.733587402343750000e+03 -2.245091833174228668e-03
4.707878417968750000e+03 -2.301255939528346062e-03
4.683970214843750000e+03 -2.353622112423181534e-03
4.657887207031250000e+03 -2.411500085145235062e-03
4.633651367187500000e+03 -2.466927049681544304e-03
4.609272949218750000e+03 -2.523593837395310402e-03
4.582710937500000000e+03 -2.585626207292079926e-03
4.558062011718750000e+03 -2.643902087584137917e-03
4.531228027343750000e+03 -2.708581741899251938e-03
4.506348144531250000e+03 -2.769224112853407860e-03
4.479285644531250000e+03 -2.835336606949567795e-03
4.454213867187500000e+03 -2.896690508350729942e-03
4.426965820312500000e+03 -2.963403938338160515e-03
4.401742675781250000e+03 -3.024458186700940132e-03
4.374352539062500000e+03 -3.088277531787753105e-03
4.349018554687500000e+03 -3.142449539154767990e-03
4.323645996093750000e+03 -3.188152797520160675e-03
4.296126464843750000e+03 -3.223179606720805168e-03
4.270703125000000000e+03 -3.242361592128872871e-03
4.243150878906250000e+03 -3.257589414715766907e-03
4.217718261718750000e+03 -3.261949634179472923e-03
4.191526855468750000e+03 -3.051573643460869789e-03
4.165520019531250000e+03 -2.606827300041913986e-03
4.139211425781250000e+03 -2.264261944219470024e-03
4.137564453125000000e+03 -2.279144013300538063e-03
