5.652102050781250000e+03 0.000000000000000000e+00
5.652098144531250000e+03 -4.881425752500945237e-08
5.652071289062500000e+03 -3.844247373763209907e-07
5.652006347656250000e+03 -1.189884187624556944e-06
5.651871093750000000e+03 -2.852407305908855051e-06
5.651668457031250000e+03 -5.336298727343091741e-06
5.651374511718750000e+03 -8.935892765293829143e-06
5.650934082031250000e+03 -1.431726013834122568e-05
5.650399414062500000e+03 -2.085093728965148330e-05
5.649663085937500000e+03 -2.983842205139808357e-05
5.648823242187500000e+03 -4.008057658211328089e-05
5.647723144531250000e+03 -5.348018385120667517e-05
5.646518554687500000e+03 -6.814391963416710496e-05
5.644993164062500000e+03 -8.669392263982445002e-05
5.643368164062500000e+03 -1.064281386788934469e-04
5.641359375000000000e+03 -1.307947386521846056e-04
5.639263671875000000e+03 -1.561786484671756625e-04
5.636924804687500000e+03 -1.844571961555629969e-04
5.634105468750000000e+03 -2.184802724514156580e-04
5.631228027343750000e+03 -2.531127538532018661e-04
5.627802246093750000e+03 -2.942194405477494001e-04
5.624345214843750000e+03 -3.355396038386970758e-04
5.620271484375000000e+03 -3.840010031126439571e-04
5.616198730468750000e+03 -4.321468586567789316e-04
5.611438964843750000e+03 -4.879341868218034506e-04
5.606717285156250000e+03 -5.426169373095035553e-04
5.601673828125000000e+03 -6.000094581395387650e-04
5.595839355468750000e+03 -6.643102969974279404e-04
5.590104980468750000e+03 -7.232255302369594574e-04
5.583509277343750000e+03 -7.753522950224578381e-04
5.577060546875000000e+03 -7.537323981523513794e-04
5.569679687500000000e+03 -7.185405120253562927e-04
5.562497070312500000e+03 -7.172680925577878952e-04
5.554311035156250000e+03 -7.274224190041422844e-04
5.546377441406250000e+03 -7.415210129693150520e-04
5.537370605468750000e+03 -7.615740760229527950e-04
5.528672851562500000e+03 -7.837811135686933994e-04
5.519604492187500000e+03 -8.093831711448729038e-04
5.509359863281250000e+03 -8.409073925577104092e-04
5.499513671875000000e+03 -8.733081631362438202e-04
5.488422851562500000e+03 -9.120689355768263340e-04
5.477793457031250000e+03 -9.511955431662499905e-04
5.465852050781250000e+03 -9.971419349312782288e-04
5.454436523437500000e+03 -1.042858231812715530e-03
5.441643554687500000e+03 -1.095864223316311836e-03
5.429442382812500000e+03 -1.147915143519639969e-03
5.416864746093750000e+03 -1.202853862196207047e-03
5.402815917968750000e+03 -1.265399740077555180e-03
5.389458496093750000e+03 -1.325666555203497410e-03
5.374568359375000000e+03 -1.393269980326294899e-03
5.360438476562500000e+03 -1.457239850424230099e-03
5.344715820312500000e+03 -1.527323154732584953e-03
5.329822753906250000e+03 -1.591473701409995556e-03
5.313279785156250000e+03 -1.658144872635602951e-03
5.297635742187500000e+03 -1.713737030513584614e-03
5.280286621093750000e+03 -1.761167426593601704e-03
5.263905761718750000e+03 -1.784608815796673298e-03
5.247177246093750000e+03 -1.780190272256731987e-03
5.228666992187500000e+03 -1.764140441082417965e-03
5.211227050781250000e+03 -1.796322874724864960e-03
5.191957031250000000e+03 -1.834322465583682060e-03
5.173826171875000000e+03 -1.864117104560136795e-03
5.153818847656250000e+03 -1.821941230446100235e-03
5.135018554687500000e+03 -1.758654834702610970e-03
5.114298828125000000e+03 -1.781545463018119335e-03
5.094853027343750000e+03 -1.809639856219291687e-03
5.075106445312500000e+03 -1.836213748902082443e-03
5.053381835937500000e+03 -1.867596409283578396e-03
5.033028320312500000e+03 -1.898858114145696163e-03
5.010660644531250000e+03 -1.934052095748484135e-03
4.989728027343750000e+03 -1.967902062460780144e-03
4.966749023437500000e+03 -2.006126334890723228e-03
4.945267089843750000e+03 -2.042676089331507683e-03
4.921709472656250000e+03 -2.083522034808993340e-03
4.899708496093750000e+03 -2.122518839314579964e-03
4.875606933593750000e+03 -2.166099380701780319e-03
4.853120117187500000e+03 -2.207551617175340652e-03
4.830411621093750000e+03 -2.250244375318288803e-03
4.805570800781250000e+03 -2.297927159816026688e-03
4.782426757812500000e+03 -2.343252534046769142e-03
4.757132324218750000e+03 -2.393804024904966354e-03
4.733587890625000000e+03 -2.441847231239080429e-03
4.707878906250000000e+03 -2.495370106771588326e-03
4.683970703125000000e+03 -2.546134172007441521e-03
4.657887695312500000e+03 -2.602620981633663177e-03
4.633652343750000000e+03 -2.656142693012952805e-03
4.609273437500000000e+03 -2.710969420149922371e-03
4.582711425781250000e+03 -2.771838800981640816e-03
4.558062500000000000e+03 -2.829392906278371811e-03
4.531229003906250000e+03 -2.893211552873253822e-03
4.506348632812500000e+03 -2.953462768346071243e-03
4.479286132812500000e+03 -3.020189236849546432e-03
4.454214355468750000e+03 -3.083119867369532585e-03
4.426966308593750000e+03 -3.152729012072086334e-03
4.401743164062500000e+03 -3.218293190002441406e-03
4.374880371093750000e+03 -3.289322135969996452e-03
4.350075683593750000e+03 -3.356013214215636253e-03
4.322522460937500000e+03 -3.431342076510190964e-03
4.296789062500000000e+03 -3.502887673676013947e-03
4.271101562500000000e+03 -3.575453534722328186e-03
4.243866210937500000e+03 -3.653649939224123955e-03
4.218234863281250000e+03 -3.728427691385149956e-03
4.191819824218750000e+03 -3.806696273386478424e-03
4.164103515625000000e+03 -3.890136023983359337e-03
4.137753417968750000e+03 -3.970713354647159576e-03
4.110990234375000000e+03 -4.053801763802766800e-03
4.086771728515625000e+03 -4.130072426050901413e-03
4.060305175781250000e+03 -4.214600194245576859e-03
4.034256591796875000e+03 -4.298985935747623444e-03
4.008504638671875000e+03 -4.383573308587074280e-03
3.982075683593750000e+03 -4.471586551517248154e-03
3.956700927734375000e+03 -4.557222127914428711e-03
3.930842041015625000e+03 -4.645629320293664932e-03
3.904979492187500000e+03 -4.735193215310573578e-03
3.879995361328125000e+03 -4.822795279324054718e-03
3.853435791015625000e+03 -4.917067941278219223e-03
3.829011962890625000e+03 -5.004790611565113068e-03
3.803935302734375000e+03 -5.095869768410921097e-03
3.778892822265625000e+03 -5.187816452234983444e-03
3.755264648437500000e+03 -5.275429226458072662e-03
3.730367431640625000e+03 -5.368502810597419739e-03
3.705981201171875000e+03 -5.459907930344343185e-03
3.682393066406250000e+03 -5.546194501221179962e-03
3.658773681640625000e+03 -5.615188740193843842e-03
3.635119628906250000e+03 -5.530744325369596481e-03
3.611583007812500000e+03 -4.607984330505132675e-03
3.588752929687500000e+03 -3.928175196051597595e-03
3.565846435546875000e+03 -4.504762124270200729e-03
3.543310302734375000e+03 -4.222207702696323395e-03
3.520569335937500000e+03 -4.026151727885007858e-03
3.499049560546875000e+03 -3.475758479908108711e-03
3.477403320312500000e+03 -3.576060757040977478e-03
3.456007568359375000e+03 -3.477698657661676407e-03
3.434063232421875000e+03 -3.616595175117254257e-03
3.414111816406250000e+03 -3.919131122529506683e-03
3.393562255859375000e+03 -3.854308743029832840e-03
3.373434326171875000e+03 -3.753288881853222847e-03
3.353806640625000000e+03 -3.784201573580503464e-03
3.333535400390625000e+03 -3.851197659969329834e-03
3.315028564453125000e+03 -3.931899089366197586e-03
3.296217773437500000e+03 -4.034144803881645203e-03
3.277924560546875000e+03 -4.047851078212261200e-03
3.259775634765625000e+03 -3.985570278018712997e-03
3.242009521484375000e+03 -3.782531945034861565e-03
3.224146484375000000e+03 -3.914318978786468506e-03
3.207610839843750000e+03 -4.080421756953001022e-03
3.191083007812500000e+03 -4.034997429698705673e-03
3.174849853515625000e+03 -4.050706047564744949e-03
3.158796875000000000e+03 -4.113090690225362778e-03
3.143457763671875000e+03 -4.130213521420955658e-03
3.128461669921875000e+03 -4.132947418838739395e-03
3.113965087890625000e+03 -4.175828304141759872e-03
3.099797607421875000e+03 -4.217994399368762970e-03
3.085974121093750000e+03 -4.060592036694288254e-03
3.072476562500000000e+03 -4.054424352943897247e-03
3.059290527343750000e+03 -4.225173965096473694e-03
3.046552978515625000e+03 -4.232476465404033661e-03
3.034568115234375000e+03 -4.197061993181705475e-03
3.022638671875000000e+03 -4.253034014254808426e-03
3.011264404296875000e+03 -4.239357542246580124e-03
3.000379638671875000e+03 -4.176555201411247253e-03
2.999106933593750000e+03 -4.229911137372255325e-03
