5.652101074218750000e+03 0.000000000000000000e+00
5.652097656250000000e+03 -4.078225757098152826e-08
5.652070800781250000e+03 -3.203068956736387918e-07
5.652005371093750000e+03 -9.908300171446171589e-07
5.651870117187500000e+03 -2.374308223807020113e-06
5.651667480468750000e+03 -4.440255452209385112e-06
5.651373535156250000e+03 -7.432087841152679175e-06
5.650933593750000000e+03 -1.190027251141145825e-05
5.650398925781250000e+03 -1.731774318614043295e-05
5.649662109375000000e+03 -2.475606197549495846e-05
5.648822265625000000e+03 -3.321267649880610406e-05
5.647722656250000000e+03 -4.424239887157455087e-05
5.646517578125000000e+03 -5.626602433039806783e-05
5.644992187500000000e+03 -7.140092930058017373e-05
5.643367675781250000e+03 -8.740080374991521239e-05
5.641358886718750000e+03 -1.069940990419127047e-04
5.639262695312500000e+03 -1.271833170903846622e-04
5.636924316406250000e+03 -1.493488380219787359e-04
5.634104492187500000e+03 -1.754151744535192847e-04
5.631227050781250000e+03 -2.009418385569006205e-04
5.627801269531250000e+03 -2.287905517732724547e-04
5.624344238281250000e+03 -2.501872659195214510e-04
5.620270507812500000e+03 -2.534915984142571688e-04
5.616197265625000000e+03 -2.537528343964368105e-04
5.611437988281250000e+03 -2.578719577286392450e-04
5.606715820312500000e+03 -2.633127733133733273e-04
5.601672363281250000e+03 -2.701096818782389164e-04
5.595837402343750000e+03 -2.790495636872947216e-04
5.590103027343750000e+03 -2.888620947487652302e-04
5.583507324218750000e+03 -3.013147215824574232e-04
5.577058593750000000e+03 -3.146090894006192684e-04
5.569677734375000000e+03 -3.310879692435264587e-04
5.562495117187500000e+03 -3.483226464595645666e-04
5.554309082031250000e+03 -3.692985337693244219e-04
5.546375488281250000e+03 -3.908861253876239061e-04
5.537368652343750000e+03 -4.167866136413067579e-04
5.528670898437500000e+03 -4.431056731846183538e-04
5.519602539062500000e+03 -4.718232667073607445e-04
5.509358398437500000e+03 -5.057320813648402691e-04
5.499512207031250000e+03 -5.396977066993713379e-04
5.488421386718750000e+03 -5.794688477180898190e-04
5.477791503906250000e+03 -6.190025596879422665e-04
5.465850585937500000e+03 -6.649678107351064682e-04
5.454434570312500000e+03 -7.103604148142039776e-04
5.441642089843750000e+03 -7.628148887306451797e-04
5.429440429687500000e+03 -8.143168524838984013e-04
5.416863281250000000e+03 -8.688237285241484642e-04
5.402814453125000000e+03 -9.313046466559171677e-04
5.389457031250000000e+03 -9.921721648424863815e-04
5.374566894531250000e+03 -1.061579911038279533e-03
5.360437011718750000e+03 -1.128834905102849007e-03
5.344714355468750000e+03 -1.205094042234122753e-03
5.329821289062500000e+03 -1.278531039133667946e-03
5.313278320312500000e+03 -1.361199887469410896e-03
5.297634277343750000e+03 -1.440097112208604813e-03
5.280285156250000000e+03 -1.527820364572107792e-03
5.263904785156250000e+03 -1.609968137927353382e-03
5.247176269531250000e+03 -1.691520097665488720e-03
5.228666015625000000e+03 -1.774633303284645081e-03
5.211226562500000000e+03 -1.834407798014581203e-03
5.191956542968750000e+03 -1.834305003285408020e-03
5.173825195312500000e+03 -1.752764801494777203e-03
5.153817871093750000e+03 -1.743871369399130344e-03
5.135017578125000000e+03 -1.745415618643164635e-03
5.114297851562500000e+03 -1.759340520948171616e-03
5.094852539062500000e+03 -1.778200850822031498e-03
5.075105957031250000e+03 -1.802792190574109554e-03
5.053381347656250000e+03 -1.833068905398249626e-03
5.033027343750000000e+03 -1.864090329036116600e-03
5.010660156250000000e+03 -1.901009003631770611e-03
4.989727539062500000e+03 -1.937279710546135902e-03
4.966748535156250000e+03 -1.978730550035834312e-03
4.945266113281250000e+03 -2.018982311710715294e-03
4.921708496093750000e+03 -2.064363798126578331e-03
4.899708007812500000e+03 -2.107712673023343086e-03
4.875605957031250000e+03 -2.156217349693179131e-03
4.853119140625000000e+03 -2.202249830588698387e-03
4.830411132812500000e+03 -2.249332377687096596e-03
4.805569824218750000e+03 -2.301446162164211273e-03
4.782425781250000000e+03 -2.350471215322613716e-03
4.757131835937500000e+03 -2.404424594715237617e-03
4.733586914062500000e+03 -2.454925328493118286e-03
4.707878417968750000e+03 -2.510347636416554451e-03
4.683969726562500000e+03 -2.562145469710230827e-03
4.657886718750000000e+03 -2.619006205350160599e-03
4.633651367187500000e+03 -2.672300208359956741e-03
4.609272949218750000e+03 -2.726495265960693359e-03
4.582710937500000000e+03 -2.786359749734401703e-03
4.558062011718750000e+03 -2.842793939635157585e-03
4.531228027343750000e+03 -2.905290806666016579e-03
4.506348144531250000e+03 -2.964280080050230026e-03
4.479285644531250000e+03 -3.029618877917528152e-03
4.454213867187500000e+03 -3.091260557994246483e-03
4.426965820312500000e+03 -3.159474348649382591e-03
4.401742675781250000e+03 -3.223751205950975418e-03
4.374352539062500000e+03 -3.294785274192690849e-03
4.349018554687500000e+03 -3.361626528203487396e-03
4.323645996093750000e+03 -3.429668955504894257e-03
4.296126464843750000e+03 -3.504707710817456245e-03
4.270703613281250000e+03 -3.575167618691921234e-03
4.243681152343750000e+03 -3.651261096820235252e-03
4.217189453125000000e+03 -3.727050730958580971e-03
4.190642578125000000e+03 -3.804174251854419708e-03
4.164778320312500000e+03 -3.880441421642899513e-03
4.139077148437500000e+03 -3.957310225814580917e-03
4.111900390625000000e+03 -4.039756022393703461e-03
4.086237548828125000e+03 -4.118686541914939880e-03
4.059585693359375000e+03 -4.201729781925678253e-03
4.034328613281250000e+03 -4.281399305909872055e-03
4.007991210937500000e+03 -4.365432076156139374e-03
3.981855468750000000e+03 -4.449711181223392487e-03
3.956596923828125000e+03 -4.531907849013805389e-03
3.930589355468750000e+03 -4.617189057171344757e-03
3.905334960937500000e+03 -4.700442310422658920e-03
3.879670410156250000e+03 -4.785262048244476318e-03
3.854624267578125000e+03 -4.867929965257644653e-03
3.829087402343750000e+03 -4.951682407408952713e-03
3.804057128906250000e+03 -5.032714456319808960e-03
3.779548828125000000e+03 -5.110427737236022949e-03
3.755245361328125000e+03 -5.185167770832777023e-03
3.730466552734375000e+03 -5.258155986666679382e-03
3.706360351562500000e+03 -5.325228441506624222e-03
3.681300537109375000e+03 -5.389596335589885712e-03
3.658842773437500000e+03 -5.441331304609775543e-03
3.635029296875000000e+03 -5.487792193889617920e-03
3.611296875000000000e+03 -5.520734004676342010e-03
3.588740722656250000e+03 -5.528076086193323135e-03
3.565809326171875000e+03 -5.460111424326896667e-03
3.543017822265625000e+03 -5.070723593235015869e-03
3.520674316406250000e+03 -4.847682546824216843e-03
3.498722412109375000e+03 -4.835346713662147522e-03
3.477486816406250000e+03 -4.359837155789136887e-03
3.462117431640625000e+03 -3.672067774459719658e-03
