5.652137207031250000e+03 0.000000000000000000e+00
5.623989746093750000e+03 -1.888041006168350577e-04
5.623989746093750000e+03 -1.888041006168350577e-04
5.595842285156250000e+03 -1.958180509973317385e-04
5.595842285156250000e+03 -1.958180509973317385e-04
5.567694824218750000e+03 -2.275262377224862576e-04
5.567694824218750000e+03 -2.275262377224862576e-04
5.539547363281250000e+03 -2.785092801786959171e-04
5.539547363281250000e+03 -2.785092801786959171e-04
5.511399902343750000e+03 -3.406088217161595821e-04
5.511399902343750000e+03 -3.406088217161595821e-04
5.483252441406250000e+03 -4.087886190973222256e-04
5.483252441406250000e+03 -4.087886190973222256e-04
5.455104980468750000e+03 -4.775380948558449745e-04
5.455104980468750000e+03 -4.775380948558449745e-04
5.426957519531250000e+03 -5.395971820689737797e-04
5.426957519531250000e+03 -5.395971820689737797e-04
5.398810058593750000e+03 -5.889499443583190441e-04
5.398810058593750000e+03 -5.889499443583190441e-04
5.391772949218750000e+03 -5.989774363115429878e-04
5.384736328125000000e+03 -6.068400689400732517e-04
5.374180664062500000e+03 -6.027505150996148586e-04
5.370662109375000000e+03 -5.978263216093182564e-04
5.370662109375000000e+03 -5.978263216093182564e-04
5.363625488281250000e+03 -5.894479108974337578e-04
5.361866210937500000e+03 -5.877855001017451286e-04
5.360106933593750000e+03 -5.874380003660917282e-04
5.357468261718750000e+03 -5.882953410036861897e-04
5.353509765625000000e+03 -5.919021787121891975e-04
5.347572265625000000e+03 -6.007067859172821045e-04
5.342514648437500000e+03 -6.099301390349864960e-04
5.342514648437500000e+03 -6.099301390349864960e-04
5.314367187500000000e+03 -6.728540174663066864e-04
5.314367187500000000e+03 -6.728540174663066864e-04
5.286219726562500000e+03 -7.420704350806772709e-04
5.286219726562500000e+03 -7.420704350806772709e-04
5.258072265625000000e+03 -8.155736140906810760e-04
5.258072265625000000e+03 -8.155736140906810760e-04
5.229924804687500000e+03 -8.927862509153783321e-04
5.229924804687500000e+03 -8.927862509153783321e-04
5.201777343750000000e+03 -9.733858169056475163e-04
5.201777343750000000e+03 -9.733858169056475163e-04
5.173629882812500000e+03 -1.057087909430265427e-03
5.173629882812500000e+03 -1.057087909430265427e-03
5.145482910156250000e+03 -1.143618021160364151e-03
5.145482910156250000e+03 -1.143618021160364151e-03
5.117335449218750000e+03 -1.232702634297311306e-03
5.117335449218750000e+03 -1.232702634297311306e-03
5.089187988281250000e+03 -1.324062701314687729e-03
5.089187988281250000e+03 -1.324062701314687729e-03
5.061040527343750000e+03 -1.417405903339385986e-03
5.061040527343750000e+03 -1.417405903339385986e-03
5.032893066406250000e+03 -1.512418501079082489e-03
5.032893066406250000e+03 -1.512418501079082489e-03
5.004745605468750000e+03 -1.608755090273916721e-03
5.004745605468750000e+03 -1.608755090273916721e-03
4.976598632812500000e+03 -1.706028473563492298e-03
4.976598632812500000e+03 -1.706028473563492298e-03
4.948451171875000000e+03 -1.803796738386154175e-03
4.948451171875000000e+03 -1.803796738386154175e-03
4.920303710937500000e+03 -1.901550916954874992e-03
4.920303710937500000e+03 -1.901550916954874992e-03
4.892156250000000000e+03 -1.998696010559797287e-03
4.892156250000000000e+03 -1.998696010559797287e-03
4.864008789062500000e+03 -2.094524214044213295e-03
4.864008789062500000e+03 -2.094524214044213295e-03
4.835861328125000000e+03 -2.187942154705524445e-03
4.835861328125000000e+03 -2.187942154705524445e-03
4.828824707031250000e+03 -2.211093669757246971e-03
4.821788085937500000e+03 -2.233848907053470612e-03
4.814750976562500000e+03 -2.256264444440603256e-03
4.807714355468750000e+03 -2.278305357322096825e-03
4.807714355468750000e+03 -2.278305357322096825e-03
4.800677246093750000e+03 -2.299965359270572662e-03
4.793640625000000000e+03 -2.321230014786124229e-03
4.786603515625000000e+03 -2.342106774449348450e-03
4.779566894531250000e+03 -2.362607978284358978e-03
4.779566894531250000e+03 -2.362607978284358978e-03
4.772529785156250000e+03 -2.382756676524877548e-03
4.765493164062500000e+03 -2.402561018243432045e-03
4.758456054687500000e+03 -2.422083169221878052e-03
4.751419433593750000e+03 -2.441324992105364799e-03
4.751419433593750000e+03 -2.441324992105364799e-03
4.723271972656250000e+03 -2.515652915462851524e-03
4.723271972656250000e+03 -2.515652915462851524e-03
4.695124511718750000e+03 -2.587823895737528801e-03
4.695124511718750000e+03 -2.587823895737528801e-03
4.666977050781250000e+03 -2.658408600836992264e-03
4.666977050781250000e+03 -2.658408600836992264e-03
4.659939941406250000e+03 -2.675847150385379791e-03
4.652903320312500000e+03 -2.693111542612314224e-03
4.645866210937500000e+03 -2.710245549678802490e-03
4.638829589843750000e+03 -2.727225888520479202e-03
4.638829589843750000e+03 -2.727225888520479202e-03
4.631792480468750000e+03 -2.744041848927736282e-03
4.624755859375000000e+03 -2.760656643658876419e-03
4.617718750000000000e+03 -2.777074230834841728e-03
4.610682128906250000e+03 -2.793281339108943939e-03
4.610682128906250000e+03 -2.793281339108943939e-03
4.603645019531250000e+03 -2.809234429150819778e-03
4.596608398437500000e+03 -2.824940718710422516e-03
4.589571289062500000e+03 -2.840372268110513687e-03
4.582534667968750000e+03 -2.855516970157623291e-03
4.582534667968750000e+03 -2.855516970157623291e-03
4.575497558593750000e+03 -2.870352240279316902e-03
4.568460937500000000e+03 -2.884878776967525482e-03
4.561423828125000000e+03 -2.899063518270850182e-03
4.554387207031250000e+03 -2.912892494350671768e-03
4.554387207031250000e+03 -2.912892494350671768e-03
4.547350097656250000e+03 -2.926341025158762932e-03
4.540313476562500000e+03 -2.939380006864666939e-03
4.533276367187500000e+03 -2.951978938654065132e-03
4.526239746093750000e+03 -2.964087994769215584e-03
4.526239746093750000e+03 -2.964087994769215584e-03
4.519202636718750000e+03 -2.975649200379848480e-03
4.512166015625000000e+03 -2.986566629260778427e-03
4.512013671875000000e+03 -2.986798062920570374e-03
4.511882812500000000e+03 -2.986996201798319817e-03
4.511647949218750000e+03 -2.987353131175041199e-03
4.511530761718750000e+03 -2.987531479448080063e-03
4.511413574218750000e+03 -2.987709827721118927e-03
4.511295898437500000e+03 -2.987887943163514137e-03
4.511178710937500000e+03 -2.988066058605909348e-03
4.510943847656250000e+03 -2.988421590998768806e-03
4.510826171875000000e+03 -2.988599473610520363e-03
4.510708984375000000e+03 -2.988776657730340958e-03
4.510591308593750000e+03 -2.988954074680805206e-03
4.510474121093750000e+03 -2.989130793139338493e-03
4.510239257812500000e+03 -2.989484230056405067e-03
4.510121582031250000e+03 -2.989660482853651047e-03
4.510004394531250000e+03 -2.989836735650897026e-03
4.509886718750000000e+03 -2.990012522786855698e-03
4.509769531250000000e+03 -2.990188309922814369e-03
4.509534667968750000e+03 -2.990539185702800751e-03
4.509417480468750000e+03 -2.990714274346828461e-03
4.509299804687500000e+03 -2.990889130160212517e-03
4.509182617187500000e+03 -2.991063520312309265e-03
4.509064941406250000e+03 -2.991238143295049667e-03
4.508830078125000000e+03 -2.991586225107312202e-03
4.508712890625000000e+03 -2.991759916767477989e-03
4.508595214843750000e+03 -2.991933608427643776e-03
4.508478027343750000e+03 -2.992107067257165909e-03
4.508360351562500000e+03 -2.992280060425400734e-03
4.508125976562500000e+03 -2.992625813931226730e-03
4.508008300781250000e+03 -2.992798108607530594e-03
4.507891113281250000e+03 -2.992970403283834457e-03
4.507773437500000000e+03 -2.993142232298851013e-03
4.507656250000000000e+03 -2.993314294144511223e-03
4.507421386718750000e+03 -2.993657020851969719e-03
4.507303710937500000e+03 -2.993828384205698967e-03
4.507186523437500000e+03 -2.993999281898140907e-03
4.507068847656250000e+03 -2.994170179590582848e-03
4.506951660156250000e+03 -2.994340378791093826e-03
4.506716796875000000e+03 -2.994680777192115784e-03
4.506599609375000000e+03 -2.994850743561983109e-03
4.506481933593750000e+03 -2.995020011439919472e-03
4.506364746093750000e+03 -2.995189744979143143e-03
4.506247070312500000e+03 -2.995358780026435852e-03
4.506012207031250000e+03 -2.995696384459733963e-03
4.505895019531250000e+03 -2.995864953845739365e-03
4.505777343750000000e+03 -2.996033057570457458e-03
4.505660156250000000e+03 -2.996201161295175552e-03
4.505542480468750000e+03 -2.996369032189249992e-03
4.505307617187500000e+03 -2.996703842654824257e-03
4.505190429687500000e+03 -2.996870782226324081e-03
4.505072753906250000e+03 -2.997037954628467560e-03
4.504955566406250000e+03 -2.997204428538680077e-03
4.504838378906250000e+03 -2.997370902448892593e-03
4.504603515625000000e+03 -2.997702918946743011e-03
4.504485839843750000e+03 -2.997868694365024567e-03
4.504368652343750000e+03 -2.998034236952662468e-03
4.504250976562500000e+03 -2.998199313879013062e-03
4.504133789062500000e+03 -2.998364390805363655e-03
4.503898925781250000e+03 -2.998693613335490227e-03
4.503781250000000000e+03 -2.998857991769909859e-03
4.503664062500000000e+03 -2.999021904543042183e-03
4.503546386718750000e+03 -2.999185817316174507e-03
4.503429199218750000e+03 -2.999349264428019524e-03
4.503194335937500000e+03 -2.999675460159778595e-03
4.503106445312500000e+03 -2.999797696247696877e-03
4.502930175781250000e+03 -3.000041702762246132e-03
4.502842285156250000e+03 -3.000163473188877106e-03
4.502666015625000000e+03 -3.000406548380851746e-03
4.502578125000000000e+03 -3.000527620315551758e-03
4.502401855468750000e+03 -3.000769764184951782e-03
4.502313964843750000e+03 -3.000891068950295448e-03
4.502137695312500000e+03 -3.001132281497120857e-03
4.501961425781250000e+03 -3.001373028382658958e-03
4.501873535156250000e+03 -3.001493168994784355e-03
4.501697265625000000e+03 -3.001733217388391495e-03
4.501609375000000000e+03 -3.001852892339229584e-03
4.501433105468750000e+03 -3.002092009410262108e-03
4.501256835937500000e+03 -3.002330660820007324e-03
4.501168945312500000e+03 -3.002449637278914452e-03
4.500992675781250000e+03 -3.002687357366085052e-03
4.500904785156250000e+03 -3.002805868163704872e-03
4.500728515625000000e+03 -3.003042656928300858e-03
4.500552734375000000e+03 -3.003278747200965881e-03
4.500464355468750000e+03 -3.003396792337298393e-03
4.500288574218750000e+03 -3.003631951287388802e-03
4.500200195312500000e+03 -3.003749530762434006e-03
4.500024414062500000e+03 -3.003983758389949799e-03
4.499848144531250000e+03 -3.004217753186821938e-03
4.499760253906250000e+03 -3.004334168508648872e-03
4.499583984375000000e+03 -3.004566999152302742e-03
4.499495605468750000e+03 -3.004683414474129677e-03
4.499319824218750000e+03 -3.004915546625852585e-03
4.499143554687500000e+03 -3.005146747455000877e-03
4.499055664062500000e+03 -3.005261998623609543e-03
4.498879394531250000e+03 -3.005492500960826874e-03
4.498791503906250000e+03 -3.005607519298791885e-03
4.498615234375000000e+03 -3.005837090313434601e-03
4.498438964843750000e+03 -3.006065962836146355e-03
4.498351074218750000e+03 -3.006180049851536751e-03
4.498174804687500000e+03 -3.006407991051673889e-03
4.498092285156250000e+03 -3.006514860317111015e-03
4.498092285156250000e+03 -3.006514860317111015e-03
4.496333007812500000e+03 -3.008736064657568932e-03
4.494573730468750000e+03 -3.010890446603298187e-03
4.494402343750000000e+03 -3.011096734553575516e-03
4.494263183593750000e+03 -3.011263441294431686e-03
4.494124023437500000e+03 -3.011430613696575165e-03
4.493967285156250000e+03 -3.011618042364716530e-03
4.493863281250000000e+03 -3.011743072420358658e-03
4.493706542968750000e+03 -3.011929802596569061e-03
4.493549804687500000e+03 -3.012116299942135811e-03
4.493445800781250000e+03 -3.012240165844559669e-03
4.493289062500000000e+03 -3.012425731867551804e-03
4.493132324218750000e+03 -3.012610366567969322e-03
4.492976074218750000e+03 -3.012794768437743187e-03
4.492871582031250000e+03 -3.012917470186948776e-03
4.492714843750000000e+03 -3.013100707903504372e-03
4.492558593750000000e+03 -3.013283479958772659e-03
4.492454101562500000e+03 -3.013405017554759979e-03
4.492297363281250000e+03 -3.013586858287453651e-03
4.492141113281250000e+03 -3.013767767697572708e-03
4.492036621093750000e+03 -3.013888373970985413e-03
4.491879882812500000e+03 -3.014068584889173508e-03
4.491723632812500000e+03 -3.014248097315430641e-03
4.491566894531250000e+03 -3.014427144080400467e-03
4.491462890625000000e+03 -3.014545887708663940e-03
4.491306152343750000e+03 -3.014723770320415497e-03
4.491149414062500000e+03 -3.014901187270879745e-03
4.491045410156250000e+03 -3.015018999576568604e-03
4.490888671875000000e+03 -3.015195252373814583e-03
4.490731933593750000e+03 -3.015371039509773254e-03
4.490627929687500000e+03 -3.015487687662243843e-03
4.490471191406250000e+03 -3.015662077814340591e-03
4.490314453125000000e+03 -3.015836235135793686e-03
4.490210449218750000e+03 -3.015951719135046005e-03
4.490053710937500000e+03 -3.016124479472637177e-03
4.489896972656250000e+03 -3.016296774148941040e-03
4.489740722656250000e+03 -3.016468370333313942e-03
4.489636230468750000e+03 -3.016582224518060684e-03
4.489479492187500000e+03 -3.016752656549215317e-03
4.489323242187500000e+03 -3.016922622919082642e-03
4.489218750000000000e+03 -3.017035545781254768e-03
4.489062011718750000e+03 -3.017204347997903824e-03
4.488905761718750000e+03 -3.017372218891978264e-03
4.488801269531250000e+03 -3.017483744770288467e-03
4.488644531250000000e+03 -3.017650684341788292e-03
4.488488281250000000e+03 -3.017817158252000809e-03
4.488331542968750000e+03 -3.017982700839638710e-03
4.488227050781250000e+03 -3.018092596903443336e-03
4.488070800781250000e+03 -3.018256975337862968e-03
4.487914062500000000e+03 -3.018420655280351639e-03
4.487809570312500000e+03 -3.018529387190937996e-03
4.487653320312500000e+03 -3.018692135810852051e-03
4.487496582031250000e+03 -3.018853720277547836e-03
4.487392089843750000e+03 -3.018961520865559578e-03
4.487235839843750000e+03 -3.019121941179037094e-03
4.487079101562500000e+03 -3.019282128661870956e-03
4.486922851562500000e+03 -3.019441384822130203e-03
4.486818359375000000e+03 -3.019547089934349060e-03
4.486661621093750000e+03 -3.019705181941390038e-03
4.486505371093750000e+03 -3.019862575456500053e-03
4.486400878906250000e+03 -3.019967116415500641e-03
4.486244140625000000e+03 -3.020123112946748734e-03
4.486087890625000000e+03 -3.020278410986065865e-03
4.485983398437500000e+03 -3.020381554961204529e-03
4.485826660156250000e+03 -3.020535688847303391e-03
4.485670410156250000e+03 -3.020689124241471291e-03
4.485565917968750000e+03 -3.020791104063391685e-03
4.485409179687500000e+03 -3.020943142473697662e-03
4.485252929687500000e+03 -3.021094715222716331e-03
4.485096191406250000e+03 -3.021245123818516731e-03
4.484991699218750000e+03 -3.021345008164644241e-03
4.484835449218750000e+03 -3.021494485437870026e-03
4.484717773437500000e+03 -3.021605778485536575e-03
4.484561523437500000e+03 -3.021753858774900436e-03
4.484404785156250000e+03 -3.021901007741689682e-03
4.484287597656250000e+03 -3.022010903805494308e-03
4.484130859375000000e+03 -3.022156888619065285e-03
4.484013183593750000e+03 -3.022265620529651642e-03
4.483856933593750000e+03 -3.022410208359360695e-03
4.483700195312500000e+03 -3.022553632035851479e-03
4.483583007812500000e+03 -3.022660966962575912e-03
4.483426269531250000e+03 -3.022803226485848427e-03
4.483309082031250000e+03 -3.022909397259354591e-03
4.483152343750000000e+03 -3.023050026968121529e-03
4.482995605468750000e+03 -3.023190191015601158e-03
4.482878417968750000e+03 -3.023294499143958092e-03
4.482721679687500000e+03 -3.023433033376932144e-03
4.482604492187500000e+03 -3.023536410182714462e-03
4.482447753906250000e+03 -3.023673547431826591e-03
4.482291503906250000e+03 -3.023809753358364105e-03
4.482173828125000000e+03 -3.023911500349640846e-03
4.482017578125000000e+03 -3.024046076461672783e-03
4.481899902343750000e+03 -3.024146426469087601e-03
4.481743164062500000e+03 -3.024279838427901268e-03
4.481586914062500000e+03 -3.024412319064140320e-03
4.481469238281250000e+03 -3.024510806426405907e-03
4.481312988281250000e+03 -3.024641890078783035e-03
4.481195312500000000e+03 -3.024739213287830353e-03
4.481039062500000000e+03 -3.024868667125701904e-03
4.480921386718750000e+03 -3.024965059012174606e-03
4.480765136718750000e+03 -3.025092883035540581e-03
4.480608398437500000e+03 -3.025219775736331940e-03
4.480491210937500000e+03 -3.025314304977655411e-03
4.480334472656250000e+03 -3.025439567863941193e-03
4.480216796875000000e+03 -3.025532932952046394e-03
4.480060546875000000e+03 -3.025656566023826599e-03
4.479903808593750000e+03 -3.025779500603675842e-03
4.479786621093750000e+03 -3.025870770215988159e-03
4.479629882812500000e+03 -3.025992074981331825e-03
4.479512695312500000e+03 -3.026082413271069527e-03
4.479355957031250000e+03 -3.026201855391263962e-03
4.479199218750000000e+03 -3.026320599019527435e-03
4.479082031250000000e+03 -3.026408841833472252e-03
4.478925292968750000e+03 -3.026525955647230148e-03
4.478808105468750000e+03 -3.026612801477313042e-03
4.478651367187500000e+03 -3.026728285476565361e-03
4.478495117187500000e+03 -3.026842372491955757e-03
4.478377441406250000e+03 -3.026927588507533073e-03
4.478221191406250000e+03 -3.027040045708417892e-03
4.478103515625000000e+03 -3.027123864740133286e-03
4.477946777343750000e+03 -3.027234924957156181e-03
4.477790527343750000e+03 -3.027344588190317154e-03
4.477672851562500000e+03 -3.027426544576883316e-03
4.477516601562500000e+03 -3.027534577995538712e-03
4.477398925781250000e+03 -3.027614904567599297e-03
4.477242675781250000e+03 -3.027721308171749115e-03
4.477085937500000000e+03 -3.027826780453324318e-03
4.476968750000000000e+03 -3.027905244380235672e-03
4.476821777343750000e+03 -3.028002101927995682e-03
4.476674804687500000e+03 -3.028098493814468384e-03
4.476557617187500000e+03 -3.028174862265586853e-03
4.476410644531250000e+03 -3.028269391506910324e-03
4.476264160156250000e+03 -3.028362989425659180e-03
4.476117187500000000e+03 -3.028455656021833420e-03
4.475970703125000000e+03 -3.028547624126076698e-03
4.475853027343750000e+03 -3.028620500117540359e-03
4.475706542968750000e+03 -3.028710372745990753e-03
4.475559570312500000e+03 -3.028799779713153839e-03
4.475412597656250000e+03 -3.028887789696455002e-03
4.475266113281250000e+03 -3.028975334018468857e-03
4.475148437500000000e+03 -3.029044251888990402e-03
4.475001953125000000e+03 -3.029129933565855026e-03
4.474854980468750000e+03 -3.029214451089501381e-03
4.474708496093750000e+03 -3.029298037290573120e-03
4.474561523437500000e+03 -3.029380692169070244e-03
4.474444335937500000e+03 -3.029446117579936981e-03
4.474297363281250000e+03 -3.029526909813284874e-03
4.474150390625000000e+03 -3.029606770724058151e-03
4.474003906250000000e+03 -3.029685700312256813e-03
4.473856933593750000e+03 -3.029763465747237206e-03
4.473739746093750000e+03 -3.029825165867805481e-03
4.473592773437500000e+03 -3.029901068657636642e-03
4.473446289062500000e+03 -3.029976040124893188e-03
4.473299316406250000e+03 -3.030050080269575119e-03
4.473152832031250000e+03 -3.030122956261038780e-03
4.473035156250000000e+03 -3.030180698260664940e-03
4.472888183593750000e+03 -3.030251711606979370e-03
4.472741699218750000e+03 -3.030321793630719185e-03
4.472594726562500000e+03 -3.030390711501240730e-03
4.472477539062500000e+03 -3.030445193871855736e-03
4.472330566406250000e+03 -3.030512249097228050e-03
4.472184082031250000e+03 -3.030578140169382095e-03
4.472037109375000000e+03 -3.030643099918961525e-03
4.471890625000000000e+03 -3.030706895515322685e-03
4.471772949218750000e+03 -3.030756954103708267e-03
4.471625976562500000e+03 -3.030819119885563850e-03
4.471479492187500000e+03 -3.030879655852913857e-03
4.471332519531250000e+03 -3.030939260497689247e-03
4.471186035156250000e+03 -3.030997933819890022e-03
4.471068359375000000e+03 -3.031043801456689835e-03
4.470921875000000000e+03 -3.031100379303097725e-03
4.470774902343750000e+03 -3.031155792996287346e-03
4.470628417968750000e+03 -3.031210042536258698e-03
4.470481445312500000e+03 -3.031263127923011780e-03
4.470363769531250000e+03 -3.031304804608225822e-03
4.470217285156250000e+03 -3.031355794519186020e-03
4.470070312500000000e+03 -3.031405853107571602e-03
4.469944824218750000e+03 -3.031447529792785645e-03
4.469944824218750000e+03 -3.031447529792785645e-03
4.469504882812500000e+03 -3.031586762517690659e-03
4.469341308593750000e+03 -3.031637752428650856e-03
4.469233886718750000e+03 -3.031667554751038551e-03
4.469079589843750000e+03 -3.031711094081401825e-03
4.468947753906250000e+03 -3.031747182831168175e-03
4.468815429687500000e+03 -3.031782573089003563e-03
4.468661132812500000e+03 -3.031822619959712029e-03
4.468529296875000000e+03 -3.031855914741754532e-03
4.468375000000000000e+03 -3.031893633306026459e-03
4.468243164062500000e+03 -3.031924832612276077e-03
4.468110839843750000e+03 -3.031955100595951080e-03
4.467957031250000000e+03 -3.031989093869924545e-03
4.467824707031250000e+03 -3.032017033547163010e-03
4.467692871093750000e+03 -3.032043809071183205e-03
4.467538574218750000e+03 -3.032074077054858208e-03
4.467406250000000000e+03 -3.032098757103085518e-03
4.467252441406250000e+03 -3.032126231119036674e-03
4.467120117187500000e+03 -3.032148815691471100e-03
4.466988281250000000e+03 -3.032170236110687256e-03
4.466833984375000000e+03 -3.032193752005696297e-03
4.466702148437500000e+03 -3.032212844118475914e-03
4.466547851562500000e+03 -3.032234031707048416e-03
4.466416015625000000e+03 -3.032250795513391495e-03
4.466283691406250000e+03 -3.032266395166516304e-03
4.466129394531250000e+03 -3.032283158972859383e-03
4.465997558593750000e+03 -3.032296663150191307e-03
4.465843261718750000e+03 -3.032310632988810539e-03
4.465711425781250000e+03 -3.032321343198418617e-03
4.465579101562500000e+03 -3.032331354916095734e-03
4.465425292968750000e+03 -3.032341366633772850e-03
4.465292968750000000e+03 -3.032348584383726120e-03
4.465138671875000000e+03 -3.032355569303035736e-03
4.465006835937500000e+03 -3.032360691577196121e-03
4.464874511718750000e+03 -3.032364184036850929e-03
4.464720703125000000e+03 -3.032366978004574776e-03
4.464588378906250000e+03 -3.032368374988436699e-03
4.464434570312500000e+03 -3.032368142157793045e-03
4.464302246093750000e+03 -3.032366978004574776e-03
4.464170410156250000e+03 -3.032364416867494583e-03
4.464016113281250000e+03 -3.032359993085265160e-03
4.463884277343750000e+03 -3.032354870811104774e-03
4.463751953125000000e+03 -3.032348584383726120e-03
4.463597656250000000e+03 -3.032339736819267273e-03
4.463465820312500000e+03 -3.032330656424164772e-03
4.463311523437500000e+03 -3.032318782061338425e-03
4.463179687500000000e+03 -3.032307140529155731e-03
4.463047363281250000e+03 -3.032294334843754768e-03
4.462893554687500000e+03 -3.032277803868055344e-03
4.462761230468750000e+03 -3.032262204214930534e-03
4.462606933593750000e+03 -3.032242646440863609e-03
4.462475097656250000e+03 -3.032224485650658607e-03
4.462342773437500000e+03 -3.032204927876591682e-03
4.462188964843750000e+03 -3.032180480659008026e-03
4.462056640625000000e+03 -3.032158128917217255e-03
4.461902832031250000e+03 -3.032130422070622444e-03
4.461770507812500000e+03 -3.032105509191751480e-03
4.461638671875000000e+03 -3.032078966498374939e-03
4.461484375000000000e+03 -3.032046603038907051e-03
4.461352539062500000e+03 -3.032017033547163010e-03
4.461198242187500000e+03 -3.031981410458683968e-03
4.461065917968750000e+03 -3.031949046999216080e-03
4.460934082031250000e+03 -3.031915752217173576e-03
4.460779785156250000e+03 -3.031874774023890495e-03
4.460647949218750000e+03 -3.031838452443480492e-03
4.460493652343750000e+03 -3.031794214621186256e-03
4.460361816406250000e+03 -3.031754866242408752e-03
4.460229492187500000e+03 -3.031713888049125671e-03
4.460075195312500000e+03 -3.031664527952671051e-03
4.459943359375000000e+03 -3.031620755791664124e-03
4.459811035156250000e+03 -3.031575586646795273e-03
4.459657226562500000e+03 -3.031520871445536613e-03
4.459524902343750000e+03 -3.031472675502300262e-03
4.459371093750000000e+03 -3.031414467841386795e-03
4.459238769531250000e+03 -3.031363012269139290e-03
4.459106933593750000e+03 -3.031310159713029861e-03
4.458952636718750000e+03 -3.031246829777956009e-03
4.458820312500000000e+03 -3.031190717592835426e-03
4.458666503906250000e+03 -3.031123429536819458e-03
4.458534179687500000e+03 -3.031064290553331375e-03
4.458402343750000000e+03 -3.031003521755337715e-03
4.458248046875000000e+03 -3.030930645763874054e-03
4.458116210937500000e+03 -3.030866850167512894e-03
4.457961914062500000e+03 -3.030790481716394424e-03
4.457830078125000000e+03 -3.030722960829734802e-03
4.457697753906250000e+03 -3.030654275789856911e-03
4.457543457031250000e+03 -3.030572086572647095e-03
4.457411621093750000e+03 -3.030499909073114395e-03
4.457257324218750000e+03 -3.030413761734962463e-03
4.457125488281250000e+03 -3.030338324606418610e-03
4.456993164062500000e+03 -3.030261024832725525e-03
4.456839355468750000e+03 -3.030169056728482246e-03
4.456707031250000000e+03 -3.030088730156421661e-03
4.456553222656250000e+03 -3.029992338269948959e-03
4.456420898437500000e+03 -3.029908519238233566e-03
4.456288574218750000e+03 -3.029822837561368942e-03
4.456134765625000000e+03 -3.029720624908804893e-03
4.456002441406250000e+03 -3.029631450772285461e-03
4.455870605468750000e+03 -3.029540646821260452e-03
4.455716308593750000e+03 -3.029432380571961403e-03
4.455584472656250000e+03 -3.029337851330637932e-03
4.455430175781250000e+03 -3.029225394129753113e-03
4.455298339843750000e+03 -3.029127372428774834e-03
4.455166015625000000e+03 -3.029027488082647324e-03
4.455011718750000000e+03 -3.028908744454383850e-03
4.454879882812500000e+03 -3.028805134817957878e-03
4.454742187500000000e+03 -3.028695238754153252e-03
4.454593750000000000e+03 -3.028574632480740547e-03
4.454444824218750000e+03 -3.028451697900891304e-03
4.454314941406250000e+03 -3.028342267498373985e-03
4.454166503906250000e+03 -3.028215374797582626e-03
4.454039062500000000e+03 -3.028104547411203384e-03
4.453891601562500000e+03 -3.027974162250757217e-03
4.453752929687500000e+03 -3.027849365025758743e-03
4.453613769531250000e+03 -3.027722705155611038e-03
4.453475097656250000e+03 -3.027593716979026794e-03
4.453336425781250000e+03 -3.027462866157293320e-03
4.453177734375000000e+03 -3.027310827746987343e-03
4.453038574218750000e+03 -3.027175785973668098e-03
4.452899902343750000e+03 -3.027038415893912315e-03
4.452764160156250000e+03 -3.026901977136731148e-03
4.452615234375000000e+03 -3.026750637218356133e-03
4.452480468750000000e+03 -3.026610938832163811e-03
4.452337402343750000e+03 -3.026460530236363411e-03
4.452206054687500000e+03 -3.026320831850171089e-03
4.452064941406250000e+03 -3.026168560609221458e-03
4.451918457031250000e+03 -3.026007907465100288e-03
4.451787597656250000e+03 -3.025862621143460274e-03
4.451644042968750000e+03 -3.025700105354189873e-03
4.451496582031250000e+03 -3.025531535968184471e-03
4.451362304687500000e+03 -3.025375772267580032e-03
4.451211425781250000e+03 -3.025197889655828476e-03
4.451068359375000000e+03 -3.025027457624673843e-03
4.450936523437500000e+03 -3.024867735803127289e-03
4.450801757812500000e+03 -3.024702426046133041e-03
4.450655761718750000e+03 -3.024520818144083023e-03
4.450517578125000000e+03 -3.024347359314560890e-03
4.450368164062500000e+03 -3.024156205356121063e-03
4.450238769531250000e+03 -3.023988567292690277e-03
4.450087402343750000e+03 -3.023789962753653526e-03
4.449946777343750000e+03 -3.023603232577443123e-03
4.449813964843750000e+03 -3.023424884304404259e-03
4.449664550781250000e+03 -3.023221390321850777e-03
4.449532226562500000e+03 -3.023038385435938835e-03
4.449382812500000000e+03 -3.022829769179224968e-03
4.449250488281250000e+03 -3.022641874849796295e-03
4.449101074218750000e+03 -3.022428136318922043e-03
4.448968261718750000e+03 -3.022235585376620293e-03
4.448819335937500000e+03 -3.022016026079654694e-03
4.448690917968750000e+03 -3.021824872121214867e-03
4.448543457031250000e+03 -3.021603217348456383e-03
4.448405761718750000e+03 -3.021393204107880592e-03
4.448266601562500000e+03 -3.021178999915719032e-03
4.448119140625000000e+03 -3.020948497578501701e-03
4.447987792968750000e+03 -3.020741278305649757e-03
4.447835449218750000e+03 -3.020497737452387810e-03
4.447702148437500000e+03 -3.020281670615077019e-03
4.447557617187500000e+03 -3.020045114681124687e-03
4.447421386718750000e+03 -3.019818803295493126e-03
4.447283203125000000e+03 -3.019587835296988487e-03
4.447138183593750000e+03 -3.019341966137290001e-03
4.446988769531250000e+03 -3.019085619598627090e-03
4.446853515625000000e+03 -3.018850460648536682e-03
4.446713378906250000e+03 -3.018605057150125504e-03
4.446563964843750000e+03 -3.018339863047003746e-03
4.446419433593750000e+03 -3.018080024048686028e-03
4.446299804687500000e+03 -3.017863025888800621e-03
4.446146484375000000e+03 -3.017581067979335785e-03
4.446004394531250000e+03 -3.017317503690719604e-03
4.445873535156250000e+03 -3.017072100192308426e-03
4.445708496093750000e+03 -3.016758244484663010e-03
4.445585937500000000e+03 -3.016523318365216255e-03
4.445429687500000000e+03 -3.016220871359109879e-03
4.445152343750000000e+03 -3.015674417838454247e-03
4.444903320312500000e+03 -3.015173366293311119e-03
4.444891601562500000e+03 -3.015155205503106117e-03
4.444750976562500000e+03 -3.014863003045320511e-03
4.444610839843750000e+03 -3.014571499079465866e-03
4.444468750000000000e+03 -3.014273475855588913e-03
4.444326660156250000e+03 -3.013972425833344460e-03
4.444184082031250000e+03 -3.013668581843376160e-03
4.444041992187500000e+03 -3.013361711055040359e-03
4.443899902343750000e+03 -3.013051114976406097e-03
4.443757324218750000e+03 -3.012737492099404335e-03
4.443615234375000000e+03 -3.012420842424035072e-03
4.443473144531250000e+03 -3.012100700289011002e-03
4.443331054687500000e+03 -3.011777065694332123e-03
4.443188476562500000e+03 -3.011450404301285744e-03
4.443046386718750000e+03 -3.011120483279228210e-03
4.442921875000000000e+03 -3.010828746482729912e-03
4.442779785156250000e+03 -3.010492073372006416e-03
4.442637207031250000e+03 -3.010152140632271767e-03
4.442495117187500000e+03 -3.009808948263525963e-03
4.442353027343750000e+03 -3.009461797773838043e-03
4.442210449218750000e+03 -3.009111853316426277e-03
4.442068359375000000e+03 -3.008757485076785088e-03
4.441926269531250000e+03 -3.008400090038776398e-03
4.441796875000000000e+03 -3.008071566000580788e-03
4.441796875000000000e+03 -3.008071566000580788e-03
4.441648925781250000e+03 -3.007695078849792480e-03
4.441509765625000000e+03 -3.007334191352128983e-03
4.441370605468750000e+03 -3.006970044225454330e-03
4.441231445312500000e+03 -3.006603103131055832e-03
4.441092285156250000e+03 -3.006232203915715218e-03
4.440937988281250000e+03 -3.005816135555505753e-03
4.440798828125000000e+03 -3.005438251420855522e-03
4.440659667968750000e+03 -3.005056176334619522e-03
4.440520507812500000e+03 -3.004670841619372368e-03
4.440381347656250000e+03 -3.004281781613826752e-03
4.440242187500000000e+03 -3.003889461979269981e-03
4.440103027343750000e+03 -3.003492718562483788e-03
4.439963867187500000e+03 -3.003092482686042786e-03
4.439824707031250000e+03 -3.002688754349946976e-03
4.439685546875000000e+03 -3.002281533554196358e-03
4.439530761718750000e+03 -3.001823788508772850e-03
4.439391601562500000e+03 -3.001408418640494347e-03
4.439252441406250000e+03 -3.000988857820630074e-03
4.439113281250000000e+03 -3.000565571710467339e-03
4.438974121093750000e+03 -3.000138327479362488e-03
4.438834960937500000e+03 -2.999707357957959175e-03
4.438695800781250000e+03 -2.999271964654326439e-03
4.438556640625000000e+03 -2.998833078891038895e-03
4.438417480468750000e+03 -2.998390235006809235e-03
4.438278320312500000e+03 -2.997943433001637459e-03
4.438123535156250000e+03 -2.997441682964563370e-03
4.437984375000000000e+03 -2.996986033394932747e-03
4.437845703125000000e+03 -2.996526425704360008e-03
4.437706542968750000e+03 -2.996062627062201500e-03
4.437567382812500000e+03 -2.995594870299100876e-03
4.437428222656250000e+03 -2.995123155415058136e-03
4.437289550781250000e+03 -2.994649810716509819e-03
4.437146484375000000e+03 -2.994155976921319962e-03
4.436998046875000000e+03 -2.993637928739190102e-03
4.436865722656250000e+03 -2.993173897266387939e-03
4.436716308593750000e+03 -2.992644440382719040e-03
4.436579101562500000e+03 -2.992152003571391106e-03
4.436437011718750000e+03 -2.991640008985996246e-03
4.436303222656250000e+03 -2.991152461618185043e-03
4.436160156250000000e+03 -2.990627428516745567e-03
4.436024414062500000e+03 -2.990124747157096863e-03
4.435879882812500000e+03 -2.989585045725107193e-03
4.435743652343750000e+03 -2.989071654155850410e-03
4.435592285156250000e+03 -2.988495863974094391e-03
4.435456542968750000e+03 -2.987976185977458954e-03
4.435321777343750000e+03 -2.987453946843743324e-03
4.435151367187500000e+03 -2.986789913848042488e-03
4.435034667968750000e+03 -2.986330073326826096e-03
4.434895996093750000e+03 -2.985781757161021233e-03
4.434719238281250000e+03 -2.985073952004313469e-03
4.434619140625000000e+03 -2.984668128192424774e-03
4.434468750000000000e+03 -2.984057413414120674e-03
4.434336914062500000e+03 -2.983514918014407158e-03
4.434196289062500000e+03 -2.982932375743985176e-03
4.434021484375000000e+03 -2.982205478474497795e-03
4.433908691406250000e+03 -2.981729805469512939e-03
4.433770507812500000e+03 -2.981143305078148842e-03
4.433627929687500000e+03 -2.980535151436924934e-03
4.433479980468750000e+03 -2.979897195473313332e-03
4.433321289062500000e+03 -2.979206619784235954e-03
4.433199218750000000e+03 -2.978670876473188400e-03
4.433067871093750000e+03 -2.978088799864053726e-03
4.432919921875000000e+03 -2.977429889142513275e-03
4.432777343750000000e+03 -2.976788673549890518e-03
4.432636230468750000e+03 -2.976152114570140839e-03
4.432477539062500000e+03 -2.975427312776446342e-03
4.432344238281250000e+03 -2.974814502522349358e-03
4.432223632812500000e+03 -2.974253147840499878e-03
4.432062988281250000e+03 -2.973502734676003456e-03
4.431929199218750000e+03 -2.972871065139770508e-03
4.431794921875000000e+03 -2.972231013700366020e-03
4.431656250000000000e+03 -2.971568610519170761e-03
4.431518554687500000e+03 -2.970904344692826271e-03
4.431378417968750000e+03 -2.970220288261771202e-03
4.431237304687500000e+03 -2.969530411064624786e-03
4.431099121093750000e+03 -2.968849148601293564e-03
4.430950683593750000e+03 -2.968108747154474258e-03
4.430809082031250000e+03 -2.967398846521973610e-03
4.430667968750000000e+03 -2.966683590784668922e-03
4.430526367187500000e+03 -2.965962979942560196e-03
4.430384277343750000e+03 -2.965233521535992622e-03
4.430250488281250000e+03 -2.964540850371122360e-03
4.430106445312500000e+03 -2.963790437206625938e-03
4.429964843750000000e+03 -2.963046776130795479e-03
4.429829101562500000e+03 -2.962328493595123291e-03
4.429688476562500000e+03 -2.961578546091914177e-03
4.429546386718750000e+03 -2.960814628750085831e-03
4.429411621093750000e+03 -2.960085868835449219e-03
4.429256835937500000e+03 -2.959243254736065865e-03
4.429128906250000000e+03 -2.958540339022874832e-03
4.428973632812500000e+03 -2.957682358101010323e-03
4.428747070312500000e+03 -2.956418087705969810e-03
4.428585937500000000e+03 -2.955510513857007027e-03
4.428560546875000000e+03 -2.955372212454676628e-03
4.428422363281250000e+03 -2.954578958451747894e-03
4.428272949218750000e+03 -2.953718183562159538e-03
4.428142578125000000e+03 -2.952963346615433693e-03
4.427978027343750000e+03 -2.952005481347441673e-03
4.427853027343750000e+03 -2.951272530481219292e-03
4.427713378906250000e+03 -2.950447611510753632e-03
4.427566894531250000e+03 -2.949574962258338928e-03
4.427434082031250000e+03 -2.948778215795755386e-03
4.427290039062500000e+03 -2.947912085801362991e-03
4.427155273437500000e+03 -2.947092521935701370e-03
4.427012695312500000e+03 -2.946221735328435898e-03
4.426867675781250000e+03 -2.945327898487448692e-03
4.426726562500000000e+03 -2.944452455267310143e-03
4.426587890625000000e+03 -2.943585859611630440e-03
4.426453613281250000e+03 -2.942741382867097855e-03
4.426313476562500000e+03 -2.941855229437351227e-03
4.426168945312500000e+03 -2.940934617072343826e-03
4.426030761718750000e+03 -2.940046600997447968e-03
4.425891601562500000e+03 -2.939150668680667877e-03
4.425750976562500000e+03 -2.938237739726901054e-03
4.425596679687500000e+03 -2.937229117378592491e-03
4.425463378906250000e+03 -2.936350414529442787e-03
4.425327148437500000e+03 -2.935448428615927696e-03
4.425185546875000000e+03 -2.934503601863980293e-03
4.425039550781250000e+03 -2.933524316176772118e-03
4.424905761718750000e+03 -2.932619536295533180e-03
4.424759765625000000e+03 -2.931627910584211349e-03
4.424625976562500000e+03 -2.930711722001433372e-03
4.424479980468750000e+03 -2.929707756265997887e-03
4.424342285156250000e+03 -2.928755246102809906e-03
4.424195312500000000e+03 -2.927727997303009033e-03
4.424059082031250000e+03 -2.926774555817246437e-03
4.423910156250000000e+03 -2.925724722445011139e-03
4.423780273437500000e+03 -2.924801548942923546e-03
4.423607910156250000e+03 -2.923574298620223999e-03
4.423500000000000000e+03 -2.922798506915569305e-03
4.423350097656250000e+03 -2.921713748946785927e-03
4.423212402343750000e+03 -2.920716069638729095e-03
4.423074218750000000e+03 -2.919702790677547455e-03
4.422925781250000000e+03 -2.918616170063614845e-03
4.422788085937500000e+03 -2.917596604675054550e-03
4.422647460937500000e+03 -2.916551660746335983e-03
4.422510742187500000e+03 -2.915531396865844727e-03
4.422369628906250000e+03 -2.914472250267863274e-03
4.422228515625000000e+03 -2.913407748565077782e-03
4.422087402343750000e+03 -2.912336960434913635e-03
4.421946289062500000e+03 -2.911261050030589104e-03
4.421810058593750000e+03 -2.910215640440583229e-03
4.421664550781250000e+03 -2.909095957875251770e-03
4.421529296875000000e+03 -2.908047754317522049e-03
4.421382812500000000e+03 -2.906908048316836357e-03
4.421247070312500000e+03 -2.905846806243062019e-03
4.421100585937500000e+03 -2.904699416831135750e-03
4.420953125000000000e+03 -2.903533866629004478e-03
4.420822265625000000e+03 -2.902496373280882835e-03
4.420681640625000000e+03 -2.901377854868769646e-03
4.420538085937500000e+03 -2.900230698287487030e-03
4.420395019531250000e+03 -2.899080514907836914e-03
4.420251953125000000e+03 -2.897927770391106606e-03
4.420117187500000000e+03 -2.896836027503013611e-03
4.419977539062500000e+03 -2.895700046792626381e-03
4.419834472656250000e+03 -2.894531004130840302e-03
4.419693359375000000e+03 -2.893372904509305954e-03
4.419557617187500000e+03 -2.892260206863284111e-03
4.419408691406250000e+03 -2.891029696911573410e-03
4.419277343750000000e+03 -2.889943309128284454e-03
4.419125976562500000e+03 -2.888682531192898750e-03
4.418959472656250000e+03 -2.887295093387365341e-03
4.418849609375000000e+03 -2.886374481022357941e-03
4.418697753906250000e+03 -2.885101363062858582e-03
4.418569824218750000e+03 -2.884021261706948280e-03
4.418419921875000000e+03 -2.882757922634482384e-03
4.418291503906250000e+03 -2.881670370697975159e-03
4.418145507812500000e+03 -2.880429849028587341e-03
4.417998535156250000e+03 -2.879180479794740677e-03
4.417867675781250000e+03 -2.878061728551983833e-03
4.417714355468750000e+03 -2.876751823350787163e-03
4.417574707031250000e+03 -2.875556470826268196e-03
4.417442382812500000e+03 -2.874422585591673851e-03
4.417277343750000000e+03 -2.873003249987959862e-03
4.417128417968750000e+03 -2.871722681447863579e-03
4.416905273437500000e+03 -2.869806485250592232e-03
4.416884277343750000e+03 -2.869650023058056831e-03
4.416741699218750000e+03 -2.868385287001729012e-03
4.416603027343750000e+03 -2.867174800485372543e-03
4.416460937500000000e+03 -2.865938236936926842e-03
4.416302734375000000e+03 -2.864557551220059395e-03
4.416179199218750000e+03 -2.863481873646378517e-03
4.416034179687500000e+03 -2.862212015315890312e-03
4.415896484375000000e+03 -2.861009677872061729e-03
4.415758789062500000e+03 -2.859805710613727570e-03
4.415614746093750000e+03 -2.858543070033192635e-03
4.415466796875000000e+03 -2.857246669009327888e-03
4.415337402343750000e+03 -2.856112783774733543e-03
4.415185058593750000e+03 -2.854775171726942062e-03
4.415044921875000000e+03 -2.853546990081667900e-03
4.414912597656250000e+03 -2.852381207048892975e-03
4.414767578125000000e+03 -2.851109951734542847e-03
4.414626953125000000e+03 -2.849873155355453491e-03
4.414482421875000000e+03 -2.848606789484620094e-03
4.414348144531250000e+03 -2.847426803782582283e-03
4.414210937500000000e+03 -2.846219576895236969e-03
4.414061035156250000e+03 -2.844902453944087029e-03
4.413927246093750000e+03 -2.843724330887198448e-03
4.413786132812500000e+03 -2.842487767338752747e-03
4.413648925781250000e+03 -2.841280074790120125e-03
4.413648925781250000e+03 -2.841280074790120125e-03
