5.652140625000000000e+03 0.000000000000000000e+00
5.645104003906250000e+03 -6.379882688634097576e-05
5.638067382812500000e+03 -1.254076923942193389e-04
5.627512207031250000e+03 -1.668246986810117960e-04
5.623993652343750000e+03 -1.622082490939646959e-04
5.623993652343750000e+03 -1.622082490939646959e-04
5.595846191406250000e+03 -1.762105384841561317e-04
5.595846191406250000e+03 -1.762105384841561317e-04
5.567698242187500000e+03 -2.173331158701330423e-04
5.567698242187500000e+03 -2.173331158701330423e-04
5.539550781250000000e+03 -2.730359556153416634e-04
5.539550781250000000e+03 -2.730359556153416634e-04
5.537791503906250000e+03 -2.769048442132771015e-04
5.536032714843750000e+03 -2.808085700962692499e-04
5.534273437500000000e+03 -2.847409050446003675e-04
5.532514160156250000e+03 -2.886413130909204483e-04
5.530754882812500000e+03 -2.921624691225588322e-04
5.528995605468750000e+03 -2.948504115920513868e-04
5.527236328125000000e+03 -2.974606177303940058e-04
5.524597656250000000e+03 -3.024702600669115782e-04
5.520639160156250000e+03 -3.110586840193718672e-04
5.516681152343750000e+03 -3.200673090759664774e-04
5.512722656250000000e+03 -3.293009067419916391e-04
5.511403320312500000e+03 -3.324141143821179867e-04
5.511403320312500000e+03 -3.324141143821179867e-04
5.483255859375000000e+03 -4.024606896564364433e-04
5.483255859375000000e+03 -4.024606896564364433e-04
5.455108398437500000e+03 -4.755593545269221067e-04
5.455108398437500000e+03 -4.755593545269221067e-04
5.426960937500000000e+03 -5.418909131549298763e-04
5.426960937500000000e+03 -5.418909131549298763e-04
5.398813476562500000e+03 -5.941120325587689877e-04
5.398813476562500000e+03 -5.941120325587689877e-04
5.391776855468750000e+03 -6.059933220967650414e-04
5.384739746093750000e+03 -6.164471269585192204e-04
5.382980468750000000e+03 -6.183667574077844620e-04
5.382540527343750000e+03 -6.187426042743027210e-04
5.382101074218750000e+03 -6.190188578329980373e-04
5.381441406250000000e+03 -6.190749700181186199e-04
5.380781250000000000e+03 -6.181773496791720390e-04
5.380616699218750000e+03 -6.178092444315552711e-04
5.380451660156250000e+03 -6.172741996124386787e-04
5.380204101562500000e+03 -6.157260504551231861e-04
5.379972167968750000e+03 -6.131266127340495586e-04
5.379868164062500000e+03 -6.110671092756092548e-04
5.379711425781250000e+03 -6.029569194652140141e-04
5.379672363281250000e+03 -6.000932771712541580e-04
5.379486328125000000e+03 -5.677808076143264771e-04
5.379359375000000000e+03 -5.403602845035493374e-04
5.379210937500000000e+03 -5.277860327623784542e-04
5.379062500000000000e+03 -5.246395594440400600e-04
5.378950683593750000e+03 -5.242045735940337181e-04
5.378783691406250000e+03 -5.242868210189044476e-04
5.378616699218750000e+03 -5.245886859484016895e-04
5.378449218750000000e+03 -5.249368841759860516e-04
5.378198730468750000e+03 -5.254654679447412491e-04
5.377822265625000000e+03 -5.262399790808558464e-04
5.377258300781250000e+03 -5.273839924484491348e-04
5.376411621093750000e+03 -5.290927365422248840e-04
5.375142578125000000e+03 -5.316599272191524506e-04
5.373238281250000000e+03 -5.355270695872604847e-04
5.370665527343750000e+03 -5.407869466580450535e-04
5.370665527343750000e+03 -5.407869466580450535e-04
5.342518066406250000e+03 -6.009534117765724659e-04
5.342518066406250000e+03 -6.009534117765724659e-04
5.314370605468750000e+03 -6.657057092525064945e-04
5.314370605468750000e+03 -6.657057092525064945e-04
5.286223144531250000e+03 -7.347267237491905689e-04
5.286223144531250000e+03 -7.347267237491905689e-04
5.258075683593750000e+03 -8.077007951214909554e-04
5.258075683593750000e+03 -8.077007951214909554e-04
5.229928222656250000e+03 -8.843175601214170456e-04
5.229928222656250000e+03 -8.843175601214170456e-04
5.201780761718750000e+03 -9.642781224101781845e-04
5.201780761718750000e+03 -9.642781224101781845e-04
5.173633300781250000e+03 -1.047295168973505497e-03
5.173633300781250000e+03 -1.047295168973505497e-03
5.145486328125000000e+03 -1.133088720962405205e-03
5.145486328125000000e+03 -1.133088720962405205e-03
5.117338867187500000e+03 -1.221379963681101799e-03
5.117338867187500000e+03 -1.221379963681101799e-03
5.089191406250000000e+03 -1.311883912421762943e-03
5.089191406250000000e+03 -1.311883912421762943e-03
5.061043945312500000e+03 -1.404301146976649761e-03
5.061043945312500000e+03 -1.404301146976649761e-03
5.032896484375000000e+03 -1.498308498412370682e-03
5.032896484375000000e+03 -1.498308498412370682e-03
5.004749023437500000e+03 -1.593548688106238842e-03
5.004749023437500000e+03 -1.593548688106238842e-03
4.976601562500000000e+03 -1.689618104137480259e-03
4.976601562500000000e+03 -1.689618104137480259e-03
4.948454101562500000e+03 -1.786054694093763828e-03
4.948454101562500000e+03 -1.786054694093763828e-03
4.920307128906250000e+03 -1.882324577309191227e-03
4.920307128906250000e+03 -1.882324577309191227e-03
4.913270019531250000e+03 -1.906303106807172298e-03
4.906233398437500000e+03 -1.930221100337803364e-03
4.903594238281250000e+03 -1.939182402566075325e-03
4.899636230468750000e+03 -1.952588092535734177e-03
4.893698730468750000e+03 -1.972642727196216583e-03
4.893313964843750000e+03 -1.973948674276471138e-03
4.892736816406250000e+03 -1.975894439965486526e-03
4.892592285156250000e+03 -1.976381056010723114e-03
4.892375976562500000e+03 -1.977110514417290688e-03
4.892159667968750000e+03 -1.977840205654501915e-03
4.892159667968750000e+03 -1.977840205654501915e-03
4.890400390625000000e+03 -1.983766211196780205e-03
4.888641113281250000e+03 -1.989687327295541763e-03
4.888201171875000000e+03 -1.991167431697249413e-03
4.887761718750000000e+03 -1.992646371945738792e-03
4.887101562500000000e+03 -1.994863850995898247e-03
4.886112304687500000e+03 -1.998188672587275505e-03
4.885741210937500000e+03 -1.999435480684041977e-03
4.885184570312500000e+03 -2.001304412260651588e-03
4.884349609375000000e+03 -2.004106296226382256e-03
4.884036621093750000e+03 -2.005157293751835823e-03
4.883566894531250000e+03 -2.006732393056154251e-03
4.882862304687500000e+03 -2.009094459936022758e-03
4.882598144531250000e+03 -2.009980380535125732e-03
4.882202148437500000e+03 -2.011308213695883751e-03
4.881607421875000000e+03 -2.013299614191055298e-03
4.880715820312500000e+03 -2.016285201534628868e-03
4.879378417968750000e+03 -2.020759973675012589e-03
4.878876953125000000e+03 -2.022437984123826027e-03
4.878124511718750000e+03 -2.024952322244644165e-03
4.877372558593750000e+03 -2.027465729042887688e-03
4.877184082031250000e+03 -2.028094371780753136e-03
4.876902343750000000e+03 -2.029036404564976692e-03
4.876479003906250000e+03 -2.030448988080024719e-03
4.875844238281250000e+03 -2.032567281275987625e-03
4.875685546875000000e+03 -2.033097203820943832e-03
4.875526855468750000e+03 -2.033626427873969078e-03
4.875289062500000000e+03 -2.034420380368828773e-03
4.874931640625000000e+03 -2.035611076280474663e-03
4.874396484375000000e+03 -2.037396421656012535e-03
4.873592773437500000e+03 -2.040073275566101074e-03
4.873291503906250000e+03 -2.041077008470892906e-03
4.872839843750000000e+03 -2.042581792920827866e-03
4.872162109375000000e+03 -2.044837689027190208e-03
4.871907714843750000e+03 -2.045684028416872025e-03
4.871526367187500000e+03 -2.046952256932854652e-03
4.871383300781250000e+03 -2.047427929937839508e-03
4.871168945312500000e+03 -2.048141090199351311e-03
4.870847167968750000e+03 -2.049210714176297188e-03
4.870364746093750000e+03 -2.050814684480428696e-03
4.869882324218750000e+03 -2.052417956292629242e-03
4.869399414062500000e+03 -2.054020762443542480e-03
4.868916992187500000e+03 -2.055623102933168411e-03
4.868434570312500000e+03 -2.057224744930863380e-03
4.867952148437500000e+03 -2.058825688436627388e-03
4.867650390625000000e+03 -2.059826394543051720e-03
4.867378906250000000e+03 -2.060726284980773926e-03
4.866971679687500000e+03 -2.062076004222035408e-03
4.866819335937500000e+03 -2.062582410871982574e-03
4.866589843750000000e+03 -2.063341205939650536e-03
4.866246582031250000e+03 -2.064479282125830650e-03
4.866117675781250000e+03 -2.064906293526291847e-03
4.865924316406250000e+03 -2.065546344965696335e-03
4.865634765625000000e+03 -2.066506072878837585e-03
4.865199707031250000e+03 -2.067945431917905807e-03
4.865091308593750000e+03 -2.068305388092994690e-03
4.864982421875000000e+03 -2.068665111437439919e-03
4.864819335937500000e+03 -2.069204580038785934e-03
4.864574707031250000e+03 -2.070013666525483131e-03
4.864208007812500000e+03 -2.071227179840207100e-03
4.864012207031250000e+03 -2.071874914690852165e-03
4.864012207031250000e+03 -2.071874914690852165e-03
4.863791992187500000e+03 -2.072602044790983200e-03
4.863627441406250000e+03 -2.073147334158420563e-03
4.863379882812500000e+03 -2.073965035378932953e-03
4.863008789062500000e+03 -2.075191121548414230e-03
4.862869628906250000e+03 -2.075651194900274277e-03
4.862661132812500000e+03 -2.076340606436133385e-03
4.862347656250000000e+03 -2.077374607324600220e-03
4.862230468750000000e+03 -2.077762503176927567e-03
4.862054199218750000e+03 -2.078343881294131279e-03
4.861790039062500000e+03 -2.079216064885258675e-03
4.861690917968750000e+03 -2.079543191939592361e-03
4.861542480468750000e+03 -2.080033533275127411e-03
4.861319335937500000e+03 -2.080768812447786331e-03
4.860985351562500000e+03 -2.081871964037418365e-03
4.860483886718750000e+03 -2.083525760099291801e-03
4.860295410156250000e+03 -2.084146020933985710e-03
4.860013671875000000e+03 -2.085075946524739265e-03
4.859907714843750000e+03 -2.085424726828932762e-03
4.859749023437500000e+03 -2.085947431623935699e-03
4.859510742187500000e+03 -2.086731605231761932e-03
4.859153808593750000e+03 -2.087907632812857628e-03
4.859020019531250000e+03 -2.088348846882581711e-03
4.858819335937500000e+03 -2.089010085910558701e-03
4.858518066406250000e+03 -2.090001711621880531e-03
4.858235351562500000e+03 -2.090931171551346779e-03
4.857981445312500000e+03 -2.091767499223351479e-03
4.857886230468750000e+03 -2.092081354930996895e-03
4.857743164062500000e+03 -2.092551672831177711e-03
4.857528808593750000e+03 -2.093256916850805283e-03
4.857327636718750000e+03 -2.093918155878782272e-03
4.857146484375000000e+03 -2.094513038173317909e-03
4.856875000000000000e+03 -2.095405245199799538e-03
4.856773437500000000e+03 -2.095740055665373802e-03
4.856620605468750000e+03 -2.096241805702447891e-03
4.856391601562500000e+03 -2.096994081512093544e-03
4.856176757812500000e+03 -2.097699558362364769e-03
4.855983886718750000e+03 -2.098334254696965218e-03
4.855693847656250000e+03 -2.099286066368222237e-03
4.855421875000000000e+03 -2.100178273394703865e-03
4.855177246093750000e+03 -2.100980840623378754e-03
4.855085937500000000e+03 -2.101282123476266861e-03
4.854948242187500000e+03 -2.101733349263668060e-03
4.854741699218750000e+03 -2.102410420775413513e-03
4.854432128906250000e+03 -2.103425562381744385e-03
4.854122558593750000e+03 -2.104440703988075256e-03
4.853929199218750000e+03 -2.105074934661388397e-03
4.853755371093750000e+03 -2.105645602568984032e-03
4.853494140625000000e+03 -2.106501488015055656e-03
4.853395996093750000e+03 -2.106822561472654343e-03
4.853249023437500000e+03 -2.107303822413086891e-03
4.853028808593750000e+03 -2.108025597408413887e-03
4.852698242187500000e+03 -2.109108027070760727e-03
4.852574218750000000e+03 -2.109514083713293076e-03
4.852388183593750000e+03 -2.110122703015804291e-03
4.852109375000000000e+03 -2.111035631969571114e-03
4.852004882812500000e+03 -2.111377893015742302e-03
4.851848144531250000e+03 -2.111891284584999084e-03
4.851612792968750000e+03 -2.112661022692918777e-03
4.851392089843750000e+03 -2.113382564857602119e-03
4.851193359375000000e+03 -2.114031929522752762e-03
4.850895507812500000e+03 -2.115005394443869591e-03
4.850616699218750000e+03 -2.115918090566992760e-03
4.850365234375000000e+03 -2.116739284247159958e-03
4.850113769531250000e+03 -2.117560245096683502e-03
4.849862792968750000e+03 -2.118380973115563393e-03
4.849611328125000000e+03 -2.119201468303799629e-03
4.849359863281250000e+03 -2.120021730661392212e-03
4.849108886718750000e+03 -2.120841993018984795e-03
4.849014648437500000e+03 -2.121149562299251556e-03
4.848873046875000000e+03 -2.121610799804329872e-03
4.848661132812500000e+03 -2.122302306815981865e-03
4.848462402343750000e+03 -2.122950740158557892e-03
4.848283691406250000e+03 -2.123534213751554489e-03
4.848216308593750000e+03 -2.123752841725945473e-03
4.847964843750000000e+03 -2.124573104083538055e-03
4.847738281250000000e+03 -2.125310944393277168e-03
4.847653320312500000e+03 -2.125587780028581619e-03
4.847526367187500000e+03 -2.126002684235572815e-03
4.847334960937500000e+03 -2.126625040546059608e-03
4.847263671875000000e+03 -2.126858569681644440e-03
4.846994628906250000e+03 -2.127733547240495682e-03
4.846934570312500000e+03 -2.127930289134383202e-03
4.846707519531250000e+03 -2.128668362274765968e-03
4.846503906250000000e+03 -2.129332395270466805e-03
4.846197753906250000e+03 -2.130328211933374405e-03
4.846083007812500000e+03 -2.130701905116438866e-03
4.845910644531250000e+03 -2.131261862814426422e-03
4.845652832031250000e+03 -2.132101450115442276e-03
4.845265136718750000e+03 -2.133360831066966057e-03
4.844684570312500000e+03 -2.135248621925711632e-03
4.844548339843750000e+03 -2.135691465809941292e-03
4.844425781250000000e+03 -2.136089373379945755e-03
4.844241699218750000e+03 -2.136686351150274277e-03
4.844069824218750000e+03 -2.137245843186974525e-03
4.843914550781250000e+03 -2.137749455869197845e-03
4.843856445312500000e+03 -2.137938281521201134e-03
4.843638183593750000e+03 -2.138646086677908897e-03
4.843441894531250000e+03 -2.139283111318945885e-03
4.843245605468750000e+03 -2.139919903129339218e-03
4.843049316406250000e+03 -2.140556694939732552e-03
4.842975585937500000e+03 -2.140795346349477768e-03
4.842865234375000000e+03 -2.141153439879417419e-03
4.842699707031250000e+03 -2.141690347343683243e-03
4.842544433593750000e+03 -2.142193727195262909e-03
4.842404785156250000e+03 -2.142646815627813339e-03
4.842195312500000000e+03 -2.143325982615351677e-03
4.841985351562500000e+03 -2.144005149602890015e-03
4.841880859375000000e+03 -2.144344849511981010e-03
4.841684082031250000e+03 -2.144981175661087036e-03
4.841507324218750000e+03 -2.145553939044475555e-03
4.841440917968750000e+03 -2.145768608897924423e-03
4.841341796875000000e+03 -2.146090613678097725e-03
4.841192382812500000e+03 -2.146573737263679504e-03
4.841052246093750000e+03 -2.147026592865586281e-03
4.840926757812500000e+03 -2.147433813661336899e-03
4.840737792968750000e+03 -2.148044994100928307e-03
4.840548828125000000e+03 -2.148655941709876060e-03
4.840501464843750000e+03 -2.148808678612112999e-03
4.840277343750000000e+03 -2.149533713236451149e-03
4.840118164062500000e+03 -2.150048967450857162e-03
4.840058105468750000e+03 -2.150242216885089874e-03
4.839833984375000000e+03 -2.150966320186853409e-03
4.839783691406250000e+03 -2.151129301637411118e-03
4.839594726562500000e+03 -2.151740249246358871e-03
4.839424316406250000e+03 -2.152289729565382004e-03
4.839360839843750000e+03 -2.152496017515659332e-03
4.839121582031250000e+03 -2.153268549591302872e-03
4.839067382812500000e+03 -2.153442474082112312e-03
4.838865722656250000e+03 -2.154094167053699493e-03
4.838684082031250000e+03 -2.154680667445063591e-03
4.838638671875000000e+03 -2.154827350750565529e-03
4.838524902343750000e+03 -2.155193593353033066e-03
4.838269531250000000e+03 -2.156017813831567764e-03
4.838211914062500000e+03 -2.156203147023916245e-03
4.837996093750000000e+03 -2.156898379325866699e-03
4.837947753906250000e+03 -2.157054608687758446e-03
4.837765625000000000e+03 -2.157640876248478889e-03
4.837602050781250000e+03 -2.158168470486998558e-03
4.837540527343750000e+03 -2.158366376534104347e-03
4.837310546875000000e+03 -2.159107709303498268e-03
4.837258789062500000e+03 -2.159274648874998093e-03
4.837064453125000000e+03 -2.159899799153208733e-03
4.836955078125000000e+03 -2.160251606255769730e-03
4.836709472656250000e+03 -2.161042531952261925e-03
4.836653808593750000e+03 -2.161220647394657135e-03
4.836446289062500000e+03 -2.161887707188725471e-03
4.836259765625000000e+03 -2.162487711757421494e-03
4.836073242187500000e+03 -2.163087716326117516e-03
4.835979492187500000e+03 -2.163387835025787354e-03
4.835864746093750000e+03 -2.163757104426622391e-03
4.835864746093750000e+03 -2.163757104426622391e-03
4.807717285156250000e+03 -2.253072336316108704e-03
4.807717285156250000e+03 -2.253072336316108704e-03
4.779569824218750000e+03 -2.339553320780396461e-03
4.779569824218750000e+03 -2.339553320780396461e-03
4.751422363281250000e+03 -2.423479920253157616e-03
4.751422363281250000e+03 -2.423479920253157616e-03
4.723274902343750000e+03 -2.505281707271933556e-03
4.723274902343750000e+03 -2.505281707271933556e-03
4.722835449218750000e+03 -2.506559947505593300e-03
4.722395507812500000e+03 -2.507821191102266312e-03
4.721735839843750000e+03 -2.509713405743241310e-03
4.720746093750000000e+03 -2.512550912797451019e-03
4.719261718750000000e+03 -2.516802633181214333e-03
4.717035156250000000e+03 -2.523170784115791321e-03
4.716200195312500000e+03 -2.525556832551956177e-03
4.714947753906250000e+03 -2.529130782932043076e-03
4.714634765625000000e+03 -2.530024619773030281e-03
4.714321777343750000e+03 -2.530917292460799217e-03
4.714008789062500000e+03 -2.531809965148568153e-03
4.713695800781250000e+03 -2.532702637836337090e-03
4.713226074218750000e+03 -2.534040715545415878e-03
4.712521484375000000e+03 -2.536047017201781273e-03
4.711464843750000000e+03 -2.539054490625858307e-03
4.711068359375000000e+03 -2.540182089433073997e-03
4.710919921875000000e+03 -2.540604677051305771e-03
4.710771484375000000e+03 -2.541027264669537544e-03
4.710622558593750000e+03 -2.541449619457125664e-03
4.710399902343750000e+03 -2.542083384469151497e-03
4.710065429687500000e+03 -2.543033566325902939e-03
4.709563964843750000e+03 -2.544458257034420967e-03
4.708811523437500000e+03 -2.546594478189945221e-03
4.707683105468750000e+03 -2.549796365201473236e-03
4.707259765625000000e+03 -2.550996607169508934e-03
4.706836914062500000e+03 -2.552195917814970016e-03
4.706730957031250000e+03 -2.552496036514639854e-03
4.706625000000000000e+03 -2.552795689553022385e-03
4.706466308593750000e+03 -2.553245285525918007e-03
4.706228515625000000e+03 -2.553919563069939613e-03
4.705871582031250000e+03 -2.554930979385972023e-03
4.705335937500000000e+03 -2.556447172537446022e-03
4.704532714843750000e+03 -2.558720298111438751e-03
4.704231445312500000e+03 -2.559572691097855568e-03
4.703930175781250000e+03 -2.560424385592341423e-03
4.703628906250000000e+03 -2.561276080086827278e-03
4.703176757812500000e+03 -2.562553156167268753e-03
4.703007324218750000e+03 -2.563032088801264763e-03
4.702753417968750000e+03 -2.563749905675649643e-03
4.702499023437500000e+03 -2.564467722550034523e-03
4.702244628906250000e+03 -2.565185539424419403e-03
4.701863769531250000e+03 -2.566261682659387589e-03
4.701291503906250000e+03 -2.567875431850552559e-03
4.700433593750000000e+03 -2.570294309407472610e-03
4.700232910156250000e+03 -2.570861484855413437e-03
4.700112304687500000e+03 -2.571201417595148087e-03
4.699991210937500000e+03 -2.571541350334882736e-03
4.699810546875000000e+03 -2.572051249444484711e-03
4.699539062500000000e+03 -2.572815865278244019e-03
4.699131835937500000e+03 -2.573962556198239326e-03
4.698979003906250000e+03 -2.574392594397068024e-03
4.698750000000000000e+03 -2.575037069618701935e-03
4.698520996093750000e+03 -2.575681777670979500e-03
4.698291992187500000e+03 -2.576326252892613411e-03
4.697948730468750000e+03 -2.577292500063776970e-03
4.697433105468750000e+03 -2.578741637989878654e-03
4.697240234375000000e+03 -2.579285064712166786e-03
4.696950195312500000e+03 -2.580099739134311676e-03
4.696515625000000000e+03 -2.581321401521563530e-03
4.696352539062500000e+03 -2.581779379397630692e-03
4.696107910156250000e+03 -2.582466229796409607e-03
4.695893554687500000e+03 -2.583067165687680244e-03
4.695756347656250000e+03 -2.583453198894858360e-03
4.695549804687500000e+03 -2.584032481536269188e-03
4.695240234375000000e+03 -2.584900939837098122e-03
4.695127441406250000e+03 -2.585217356681823730e-03
4.695127441406250000e+03 -2.585217356681823730e-03
4.666979980468750000e+03 -2.663168590515851974e-03
4.666979980468750000e+03 -2.663168590515851974e-03
4.638832519531250000e+03 -2.738611539825797081e-03
4.638832519531250000e+03 -2.738611539825797081e-03
4.610685058593750000e+03 -2.810454694554209709e-03
4.610685058593750000e+03 -2.810454694554209709e-03
4.582537597656250000e+03 -2.876871731132268906e-03
4.582537597656250000e+03 -2.876871731132268906e-03
4.580778808593750000e+03 -2.880774904042482376e-03
4.579019531250000000e+03 -2.884650137275457382e-03
4.578579589843750000e+03 -2.885619178414344788e-03
4.578139648437500000e+03 -2.886585891246795654e-03
4.577479980468750000e+03 -2.888031769543886185e-03
4.576490722656250000e+03 -2.890193136408925056e-03
4.575006347656250000e+03 -2.893411554396152496e-03
4.572779785156250000e+03 -2.898198785260319710e-03
4.569439941406250000e+03 -2.905259840190410614e-03
4.569126953125000000e+03 -2.905915025621652603e-03
4.568813476562500000e+03 -2.906567882746458054e-03
4.568500488281250000e+03 -2.907220739871263504e-03
4.568030761718750000e+03 -2.908197464421391487e-03
4.567326660156250000e+03 -2.909657312557101250e-03
4.566269531250000000e+03 -2.911834046244621277e-03
4.564684570312500000e+03 -2.915074815973639488e-03
4.564090332031250000e+03 -2.916277386248111725e-03
4.563198730468750000e+03 -2.918073441833257675e-03
4.561861328125000000e+03 -2.920744707807898521e-03
4.559854980468750000e+03 -2.924692817032337189e-03
4.557849121093750000e+03 -2.928557107225060463e-03
4.555842773437500000e+03 -2.932305913418531418e-03
4.554390136718750000e+03 -2.934911055490374565e-03
4.554390136718750000e+03 -2.934911055490374565e-03
4.553950683593750000e+03 -2.935694064944982529e-03
4.553510742187500000e+03 -2.936426550149917603e-03
4.553070800781250000e+03 -2.937155077233910561e-03
4.552630859375000000e+03 -2.937863813713192940e-03
4.551971191406250000e+03 -2.938873833045363426e-03
4.550981933593750000e+03 -2.940227510407567024e-03
4.550610839843750000e+03 -2.940681297332048416e-03
4.550054199218750000e+03 -2.941275481134653091e-03
4.549219238281250000e+03 -2.941928571090102196e-03
4.547966796875000000e+03 -2.942201215773820877e-03
4.547653808593750000e+03 -2.942141611129045486e-03
4.547340332031250000e+03 -2.942031947895884514e-03
4.546871093750000000e+03 -2.941761631518602371e-03
4.546166503906250000e+03 -2.941117854788899422e-03
4.545990234375000000e+03 -2.940923906862735748e-03
4.545813964843750000e+03 -2.940715989097952843e-03
4.545549804687500000e+03 -2.940379083156585693e-03
4.545153808593750000e+03 -2.939809113740921021e-03
4.545004882812500000e+03 -2.939576981589198112e-03
4.544782226562500000e+03 -2.939203288406133652e-03
4.544447753906250000e+03 -2.938569989055395126e-03
4.544322265625000000e+03 -2.938315737992525101e-03
4.544134277343750000e+03 -2.937899669632315636e-03
4.543852050781250000e+03 -2.937179291620850563e-03
4.543746582031250000e+03 -2.936892211437225342e-03
4.543587890625000000e+03 -2.936415141448378563e-03
4.543349609375000000e+03 -2.935589989647269249e-03
4.543260253906250000e+03 -2.935266122221946716e-03
4.543130859375000000e+03 -2.935211872681975365e-03
4.542987792968750000e+03 -2.919564722105860710e-03
4.542821289062500000e+03 -2.915879478678107262e-03
4.542678222656250000e+03 -2.915457123890519142e-03
4.542535156250000000e+03 -2.913173986598849297e-03
4.542374511718750000e+03 -2.908541122451424599e-03
4.542267089843750000e+03 -2.904179738834500313e-03
4.542105957031250000e+03 -2.896155463531613350e-03
4.541972167968750000e+03 -2.888596383854746819e-03
4.541851562500000000e+03 -2.881170716136693954e-03
4.541690429687500000e+03 -2.870692173019051552e-03
4.541569824218750000e+03 -2.862237626686692238e-03
4.541434082031250000e+03 -2.851555356755852699e-03
4.541298339843750000e+03 -2.838302403688430786e-03
4.541117187500000000e+03 -2.811531536281108856e-03
4.540981445312500000e+03 -2.782639814540743828e-03
4.540845703125000000e+03 -2.749125473201274872e-03
4.540709960937500000e+03 -2.714048838242888451e-03
4.540574218750000000e+03 -2.678322838619351387e-03
4.540438476562500000e+03 -2.640880411490797997e-03
4.540302246093750000e+03 -2.604739274829626083e-03
4.540121582031250000e+03 -2.565081929787993431e-03
4.539951660156250000e+03 -2.538422355428338051e-03
4.539850097656250000e+03 -2.526679541915655136e-03
4.539748046875000000e+03 -2.517612883821129799e-03
4.539544433593750000e+03 -2.506159944459795952e-03
4.539442871093750000e+03 -2.503082389011979103e-03
4.539239257812500000e+03 -2.500421367585659027e-03
4.539137207031250000e+03 -2.500059083104133606e-03
4.539035644531250000e+03 -2.499993890523910522e-03
4.538832031250000000e+03 -2.500112168490886688e-03
4.538729980468750000e+03 -2.500133588910102844e-03
4.538526367187500000e+03 -2.500027650967240334e-03
4.538424804687500000e+03 -2.499918919056653976e-03
4.538322753906250000e+03 -2.499791793525218964e-03
4.538170410156250000e+03 -2.499598776921629906e-03
4.537941406250000000e+03 -2.499339869245886803e-03
4.537597656250000000e+03 -2.499053021892905235e-03
4.537082519531250000e+03 -2.498809481039643288e-03
4.536309570312500000e+03 -2.498694695532321930e-03
4.535149902343750000e+03 -2.498861635103821754e-03
4.533990722656250000e+03 -2.499043475836515427e-03
4.532831054687500000e+03 -2.499255817383527756e-03
4.531671386718750000e+03 -2.499488648027181625e-03
4.530512207031250000e+03 -2.499745460227131844e-03
4.528772949218750000e+03 -2.500152215361595154e-03
4.526241210937500000e+03 -2.500770846381783485e-03
4.526241210937500000e+03 -2.500770846381783485e-03
4.524482421875000000e+03 -2.501206705346703529e-03
4.522723144531250000e+03 -2.501646988093852997e-03
4.520963867187500000e+03 -2.502090297639369965e-03
4.518324707031250000e+03 -2.502744551748037338e-03
4.514366699218750000e+03 -2.503690076991915703e-03
4.513376953125000000e+03 -2.503890311345458031e-03
4.512387695312500000e+03 -2.504086820408701897e-03
4.511397949218750000e+03 -2.504274947568774223e-03
4.509913574218750000e+03 -2.504524542018771172e-03
4.507687011718750000e+03 -2.504821168258786201e-03
4.506573730468750000e+03 -2.504898002371191978e-03
4.505460449218750000e+03 -2.504918491467833519e-03
4.504347167968750000e+03 -2.504865406081080437e-03
4.503233886718750000e+03 -2.504705684259533882e-03
4.502955566406250000e+03 -2.504632575437426567e-03
4.502677246093750000e+03 -2.504551783204078674e-03
4.502259765625000000e+03 -2.504402771592140198e-03
4.501633789062500000e+03 -2.504114760085940361e-03
4.501007324218750000e+03 -2.503703813999891281e-03
4.500694335937500000e+03 -2.503410680219531059e-03
4.500381347656250000e+03 -2.503056079149246216e-03
4.499911621093750000e+03 -2.502300543710589409e-03
4.499441894531250000e+03 -2.501026261597871780e-03
4.499324707031250000e+03 -2.500659553334116936e-03
4.499207031250000000e+03 -2.500239061191678047e-03
4.499030761718750000e+03 -2.499415772035717964e-03
4.498854980468750000e+03 -2.498286077752709389e-03
4.498678710937500000e+03 -2.496585482731461525e-03
4.498502441406250000e+03 -2.493645530194044113e-03
4.498348632812500000e+03 -2.490025712177157402e-03
4.498216308593750000e+03 -2.485185628756880760e-03
4.498093750000000000e+03 -2.479611430317163467e-03
4.498093750000000000e+03 -2.479611430317163467e-03
4.497653808593750000e+03 -2.467905869707465172e-03
4.497509765625000000e+03 -2.464628312736749649e-03
4.497385742187500000e+03 -2.462699078023433685e-03
4.497169433593750000e+03 -2.460303949192166328e-03
4.497030273437500000e+03 -2.459110226482152939e-03
4.496821289062500000e+03 -2.457567956298589706e-03
4.496612792968750000e+03 -2.456197515130043030e-03
4.496540527343750000e+03 -2.455718116834759712e-03
4.496338867187500000e+03 -2.454544417560100555e-03
4.496213867187500000e+03 -2.453888300806283951e-03
4.496025878906250000e+03 -2.452989108860492706e-03
4.495743652343750000e+03 -2.451804699376225471e-03
4.495699707031250000e+03 -2.451610751450061798e-03
4.495558593750000000e+03 -2.451039152219891548e-03
4.495416992187500000e+03 -2.450511092320084572e-03
4.495270996093750000e+03 -2.450003754347562790e-03
4.495136230468750000e+03 -2.449565567076206207e-03
4.494995605468750000e+03 -2.449137857183814049e-03
4.494854980468750000e+03 -2.448739018291234970e-03
4.494713867187500000e+03 -2.448363229632377625e-03
4.494574218750000000e+03 -2.448014914989471436e-03
4.494433105468750000e+03 -2.447684993967413902e-03
4.494292480468750000e+03 -2.447377191856503487e-03
4.494151367187500000e+03 -2.447087550535798073e-03
4.494009765625000000e+03 -2.446814673021435738e-03
4.493870605468750000e+03 -2.446562517434358597e-03
4.493729980468750000e+03 -2.446323633193969727e-03
4.493589355468750000e+03 -2.446098951622843742e-03
4.493448730468750000e+03 -2.445888007059693336e-03
4.493307617187500000e+03 -2.445688704028725624e-03
4.493167480468750000e+03 -2.445501973852515221e-03
4.493026367187500000e+03 -2.445325488224625587e-03
4.492885742187500000e+03 -2.445159247145056725e-03
4.492744140625000000e+03 -2.445001155138015747e-03
4.492604492187500000e+03 -2.444854471832513809e-03
4.492463378906250000e+03 -2.444714307785034180e-03
4.492322265625000000e+03 -2.444581827148795128e-03
4.492181152343750000e+03 -2.444456797093153000e-03
4.492040527343750000e+03 -2.444338751956820488e-03
4.491900878906250000e+03 -2.444227226078510284e-03
4.491759765625000000e+03 -2.444120822474360466e-03
4.491619140625000000e+03 -2.444020239636301994e-03
4.491478027343750000e+03 -2.443924313411116600e-03
4.491337402343750000e+03 -2.443833276629447937e-03
4.491197265625000000e+03 -2.443747362121939659e-03
4.491056640625000000e+03 -2.443665172904729843e-03
4.490915527343750000e+03 -2.443586476147174835e-03
4.490774902343750000e+03 -2.443511737510561943e-03
4.490633789062500000e+03 -2.443440491333603859e-03
4.490492187500000000e+03 -2.443372039124369621e-03
4.490352539062500000e+03 -2.443307312205433846e-03
4.490211914062500000e+03 -2.443245146423578262e-03
4.490071289062500000e+03 -2.443185541778802872e-03
4.489930175781250000e+03 -2.443128265440464020e-03
4.489789550781250000e+03 -2.443073550239205360e-03
4.489648925781250000e+03 -2.443021163344383240e-03
4.489507812500000000e+03 -2.442970406264066696e-03
4.489367187500000000e+03 -2.442921744659543037e-03
4.489226562500000000e+03 -2.442874945700168610e-03
4.489085937500000000e+03 -2.442830009385943413e-03
4.488945312500000000e+03 -2.442786702886223793e-03
4.488880371093750000e+03 -2.442767145112156868e-03
