5.652148925781250000e+03 0.000000000000000000e+00
5.652145019531250000e+03 -5.210965525748179061e-08
5.652118164062500000e+03 -4.106243807200371521e-07
5.652053222656250000e+03 -1.271151404580450617e-06
5.651917968750000000e+03 -3.047471182071603835e-06
5.651715332031250000e+03 -5.701615464204223827e-06
5.651421386718750000e+03 -9.548388334224000573e-06
5.650981445312500000e+03 -1.530025656393263489e-05
5.650446289062500000e+03 -2.228532684966921806e-05
5.649709960937500000e+03 -3.189655399182811379e-05
5.648870117187500000e+03 -4.285358591005206108e-05
5.647770019531250000e+03 -5.719514228985644877e-05
5.646565429687500000e+03 -7.289867062354460359e-05
5.645040039062500000e+03 -9.277801291318610311e-05
5.643415039062500000e+03 -1.139444138971157372e-04
5.641406250000000000e+03 -1.401064073434099555e-04
5.639310546875000000e+03 -1.673945516813546419e-04
5.636971679687500000e+03 -1.978383515961468220e-04
5.634152343750000000e+03 -2.345334505662322044e-04
5.631274902343750000e+03 -2.719688927754759789e-04
5.627848632812500000e+03 -3.165253147017210722e-04
5.624392089843750000e+03 -3.614675952121615410e-04
5.620318359375000000e+03 -4.144105478189885616e-04
5.616245605468750000e+03 -4.673126677516847849e-04
5.611485839843750000e+03 -5.290962872095406055e-04
5.606764160156250000e+03 -5.903408746235072613e-04
5.601720703125000000e+03 -6.557008018717169762e-04
5.595885742187500000e+03 -7.312150555662810802e-04
5.590151855468750000e+03 -8.053067722357809544e-04
5.583556152343750000e+03 -8.903399575501680374e-04
5.577107421875000000e+03 -9.732042090035974979e-04
5.569726562500000000e+03 -1.067591249011456966e-03
5.562544433593750000e+03 -1.158691826276481152e-03
5.554358398437500000e+03 -1.260680495761334896e-03
5.546425292968750000e+03 -1.353098312392830849e-03
5.537417968750000000e+03 -1.365985255688428879e-03
5.528719726562500000e+03 -1.160413259640336037e-03
5.519651367187500000e+03 -1.188200199976563454e-03
5.509406738281250000e+03 -1.202432205900549889e-03
5.499560546875000000e+03 -1.218637917190790176e-03
5.488469726562500000e+03 -1.247215084731578827e-03
5.477839843750000000e+03 -1.278261886909604073e-03
5.465898437500000000e+03 -1.315867062658071518e-03
5.454482421875000000e+03 -1.355303917080163956e-03
5.441689453125000000e+03 -1.400840585120022297e-03
5.429488281250000000e+03 -1.445454778149724007e-03
5.416910644531250000e+03 -1.492168405093252659e-03
5.402861816406250000e+03 -1.543519902043044567e-03
5.389504394531250000e+03 -1.590770320035517216e-03
5.374613769531250000e+03 -1.639494788832962513e-03
5.360483398437500000e+03 -1.678651315160095692e-03
5.344760742187500000e+03 -1.707559800706803799e-03
5.329867187500000000e+03 -1.707140356302261353e-03
5.313324218750000000e+03 -1.694438047707080841e-03
5.297679687500000000e+03 -1.719197374768555164e-03
5.280330566406250000e+03 -1.753037562593817711e-03
5.263949707031250000e+03 -1.785266096703708172e-03
5.247220703125000000e+03 -1.819961005821824074e-03
5.228710449218750000e+03 -1.860514865256845951e-03
5.211270507812500000e+03 -1.895273802801966667e-03
5.192000488281250000e+03 -1.909199520014226437e-03
5.173869140625000000e+03 -1.884540659375488758e-03
5.153861816406250000e+03 -1.904893433675169945e-03
5.135061523437500000e+03 -1.902278978377580643e-03
5.114341308593750000e+03 -1.878883922472596169e-03
5.094895507812500000e+03 -1.892713364213705063e-03
5.075148925781250000e+03 -1.923410105518996716e-03
5.053424316406250000e+03 -1.958163920789957047e-03
5.033070312500000000e+03 -1.990729477256536484e-03
5.010702636718750000e+03 -2.028253627941012383e-03
4.989769531250000000e+03 -2.063950058072805405e-03
4.966790527343750000e+03 -2.104088198393583298e-03
4.945308105468750000e+03 -2.142415614798665047e-03
4.921750488281250000e+03 -2.185075310990214348e-03
4.899749511718750000e+03 -2.225563162937760353e-03
4.875647460937500000e+03 -2.270779805257916451e-03
4.853160644531250000e+03 -2.313643926754593849e-03
4.830452148437500000e+03 -2.357543911784887314e-03
4.805610839843750000e+03 -2.406382001936435699e-03
4.782466796875000000e+03 -2.452679909765720367e-03
4.757171875000000000e+03 -2.504101255908608437e-03
4.733627441406250000e+03 -2.552737481892108917e-03
4.707918457031250000e+03 -2.606758847832679749e-03
4.684009765625000000e+03 -2.657872624695301056e-03
4.657926269531250000e+03 -2.714567817747592926e-03
4.633690917968750000e+03 -2.768120495602488518e-03
4.609312011718750000e+03 -2.822879003360867500e-03
4.582749511718750000e+03 -2.883587032556533813e-03
4.558100585937500000e+03 -2.940883627161383629e-03
4.531266601562500000e+03 -3.004373982548713684e-03
4.506386230468750000e+03 -3.064349293708801270e-03
4.479323730468750000e+03 -3.130913013592362404e-03
4.454774902343750000e+03 -3.192526521161198616e-03
4.427987304687500000e+03 -3.261215984821319580e-03
4.401517089843750000e+03 -3.330507315695285797e-03
4.376350585937500000e+03 -3.397698281332850456e-03
4.349432617187500000e+03 -3.470847150310873985e-03
4.323442382812500000e+03 -3.542676102370023727e-03
4.297443359375000000e+03 -3.615600522607564926e-03
4.271038085937500000e+03 -3.690593643113970757e-03
4.244708496093750000e+03 -3.766239853575825691e-03
4.218360839843750000e+03 -3.842448815703392029e-03
4.191583984375000000e+03 -3.919567912817001343e-03
4.165509765625000000e+03 -3.992156125605106354e-03
4.138960449218750000e+03 -4.056688398122787476e-03
4.113047851562500000e+03 -4.090814385563135147e-03
4.086821289062500000e+03 -4.082948435097932816e-03
4.060167480468750000e+03 -4.081296268850564957e-03
4.033937255859375000e+03 -3.936226014047861099e-03
4.008095214843750000e+03 -3.694388782605528831e-03
3.982129882812500000e+03 -3.585107857361435890e-03
3.956545410156250000e+03 -3.631405765190720558e-03
3.931097412109375000e+03 -3.781303064897656441e-03
3.904862792968750000e+03 -3.862928599119186401e-03
3.879712402343750000e+03 -3.817504737526178360e-03
3.854338134765625000e+03 -3.734985133633017540e-03
3.828865722656250000e+03 -3.712716046720743179e-03
3.804513427734375000e+03 -3.793027484789490700e-03
3.779736572265625000e+03 -3.883087309077382088e-03
3.755167236328125000e+03 -3.907335922122001648e-03
3.730732910156250000e+03 -3.866383573040366173e-03
3.706468994140625000e+03 -3.813553368672728539e-03
3.682400390625000000e+03 -3.828680841252207756e-03
3.658591796875000000e+03 -3.898810362443327904e-03
3.635045410156250000e+03 -3.946654498577117920e-03
3.611161865234375000e+03 -3.939495887607336044e-03
3.588747802734375000e+03 -3.902098396793007851e-03
3.565839111328125000e+03 -3.882841439917683601e-03
3.543227783203125000e+03 -3.908948972821235657e-03
3.521144531250000000e+03 -3.922339063137769699e-03
3.520267822265625000e+03 -3.936676308512687683e-03
