5.652101074218750000e+03 0.000000000000000000e+00
5.652097167968750000e+03 -1.293826468184988698e-08
5.652070312500000000e+03 -1.017314446016825968e-07
5.652005371093750000e+03 -3.147290783545031445e-07
5.651870117187500000e+03 -7.541843842773232609e-07
5.651667480468750000e+03 -1.410389018019486684e-06
5.651373535156250000e+03 -2.360570761084090918e-06
5.650933593750000000e+03 -3.779085545829730108e-06
5.650398437500000000e+03 -5.496371159097179770e-06
5.649662109375000000e+03 -7.829022251826245338e-06
5.648822265625000000e+03 -9.949950253940187395e-06
5.647722167968750000e+03 -6.954227046662708744e-06
5.646517578125000000e+03 -7.052080945868510753e-06
5.644992187500000000e+03 -7.071011623338563368e-06
5.643367187500000000e+03 -6.733230748068308458e-06
5.641358398437500000e+03 -6.945950190129224211e-06
5.639262695312500000e+03 -6.938221304153557867e-06
5.636923828125000000e+03 -7.173161066020838916e-06
5.634104003906250000e+03 -7.434189228661125526e-06
5.631226562500000000e+03 -7.822924999345559627e-06
5.627800292968750000e+03 -8.367734153580386192e-06
5.624343750000000000e+03 -9.019725439429748803e-06
5.620269531250000000e+03 -9.892999514704570174e-06
5.616196777343750000e+03 -1.083772440324537456e-05
5.611437011718750000e+03 -1.195137883769348264e-05
5.606715332031250000e+03 -1.287471604882739484e-05
5.601671386718750000e+03 -1.326146229985170066e-05
5.595836914062500000e+03 -1.258919928659452125e-05
5.590102539062500000e+03 -1.194507331092609093e-05
5.583506347656250000e+03 -1.222796890942845494e-05
5.577057617187500000e+03 -1.299341238336637616e-05
5.569676757812500000e+03 -1.397957385051995516e-05
5.562494140625000000e+03 -1.455975143471732736e-05
5.554308105468750000e+03 -1.538158721814397722e-05
5.546374511718750000e+03 -1.650810918363276869e-05
5.537367675781250000e+03 -1.791011527529917657e-05
5.528669921875000000e+03 -1.934489591803867370e-05
5.519601562500000000e+03 -2.103473343595396727e-05
5.509356933593750000e+03 -2.309221417817752808e-05
5.499510253906250000e+03 -2.525745912862475961e-05
5.488419921875000000e+03 -2.791556835290975869e-05
5.477790039062500000e+03 -3.067334910156205297e-05
5.465848632812500000e+03 -3.403427763259969652e-05
5.454432617187500000e+03 -3.750083851628005505e-05
5.441639648437500000e+03 -4.168194936937652528e-05
5.429438476562500000e+03 -4.596005237544886768e-05
5.416860839843750000e+03 -5.066339508630335331e-05
5.402812011718750000e+03 -5.625814446830190718e-05
5.389454589843750000e+03 -6.190057320054620504e-05
5.374563964843750000e+03 -6.854176899651065469e-05
5.360433593750000000e+03 -7.515684410464018583e-05
5.344711425781250000e+03 -8.282440103357657790e-05
5.329817871093750000e+03 -9.031083027366548777e-05
5.313274902343750000e+03 -9.880034485831856728e-05
5.297630371093750000e+03 -1.070718280971050262e-04
5.280281250000000000e+03 -1.166209549410268664e-04
5.263900390625000000e+03 -1.262058212887495756e-04
5.247171875000000000e+03 -1.367603836115449667e-04
5.228661621093750000e+03 -1.492635492468252778e-04
5.211221679687500000e+03 -1.617500383872538805e-04
5.191951660156250000e+03 -1.763091859174892306e-04
5.173820800781250000e+03 -1.907184778247028589e-04
5.153813476562500000e+03 -2.073952200589701533e-04
5.135013671875000000e+03 -2.237981825601309538e-04
5.114293457031250000e+03 -2.426869177725166082e-04
5.094848144531250000e+03 -2.611687232274562120e-04
5.075101562500000000e+03 -2.806682314258068800e-04
5.053376953125000000e+03 -3.029550134669989347e-04
5.033022949218750000e+03 -3.246045380365103483e-04
5.010655761718750000e+03 -3.492264368105679750e-04
4.989722656250000000e+03 -3.730324388016015291e-04
4.966744140625000000e+03 -3.999817417934536934e-04
4.945261718750000000e+03 -4.259147099219262600e-04
4.921704101562500000e+03 -4.551335587166249752e-04
4.899703125000000000e+03 -4.831168043892830610e-04
4.875601562500000000e+03 -5.144884926266968250e-04
4.853114746093750000e+03 -5.443781265057623386e-04
4.830406250000000000e+03 -5.751090357080101967e-04
4.805564941406250000e+03 -6.092742551118135452e-04
4.782420898437500000e+03 -6.415290990844368935e-04
4.757126464843750000e+03 -6.771206972189247608e-04
4.733582031250000000e+03 -7.104194373823702335e-04
4.707873535156250000e+03 -7.467474788427352905e-04
4.683964843750000000e+03 -7.802422624081373215e-04
4.657881835937500000e+03 -8.160749566741287708e-04
4.633646484375000000e+03 -8.482318371534347534e-04
4.609267578125000000e+03 -8.788604754954576492e-04
4.582705566406250000e+03 -9.093559929169714451e-04
4.558056152343750000e+03 -9.339346433989703655e-04
4.531222656250000000e+03 -9.554466814734041691e-04
4.506342285156250000e+03 -9.699193760752677917e-04
4.479279785156250000e+03 -9.803260909393429756e-04
4.454208007812500000e+03 -9.867777116596698761e-04
4.426959472656250000e+03 -9.899156866595149040e-04
4.402532714843750000e+03 -9.915969567373394966e-04
4.375247070312500000e+03 -9.970886167138814926e-04
4.349554687500000000e+03 -1.006346195936203003e-03
4.322992675781250000e+03 -1.006910111755132675e-03
4.296189941406250000e+03 -1.021854346618056297e-03
4.271050781250000000e+03 -1.028890488669276237e-03
4.244145507812500000e+03 -1.036899397149682045e-03
4.216279296875000000e+03 -1.052127336151897907e-03
4.190791503906250000e+03 -1.062272000126540661e-03
4.165480468750000000e+03 -1.079494250006973743e-03
4.139225585937500000e+03 -1.091721118427813053e-03
4.111765625000000000e+03 -1.102930400520563126e-03
4.085295166015625000e+03 -1.119729247875511646e-03
4.060492187500000000e+03 -1.134111196734011173e-03
4.034039550781250000e+03 -1.149593153968453407e-03
4.007885498046875000e+03 -1.163016655482351780e-03
3.981898925781250000e+03 -1.180951483547687531e-03
3.956721923828125000e+03 -1.196723780594766140e-03
3.931074707031250000e+03 -1.211530063301324844e-03
3.904713623046875000e+03 -1.228459761478006840e-03
3.879755126953125000e+03 -1.243985258042812347e-03
3.854496826171875000e+03 -1.262739300727844238e-03
3.829249511718750000e+03 -1.274523092433810234e-03
3.804579101562500000e+03 -1.289948821067810059e-03
3.779290039062500000e+03 -1.299790921621024609e-03
3.754903076171875000e+03 -1.322780852206051350e-03
3.730447998046875000e+03 -1.341595896519720554e-03
3.706654541015625000e+03 -1.350521226413547993e-03
3.682590087890625000e+03 -1.364795723930001259e-03
3.658640625000000000e+03 -1.380880363285541534e-03
3.635201660156250000e+03 -1.406869385391473770e-03
3.611884033203125000e+03 -1.419891836121678352e-03
3.588865234375000000e+03 -1.427341485396027565e-03
3.565920166015625000e+03 -1.438838196918368340e-03
3.543467773437500000e+03 -1.460112049244344234e-03
3.521145263671875000e+03 -1.485168118961155415e-03
3.499050781250000000e+03 -1.495235366746783257e-03
3.477564941406250000e+03 -1.507772132754325867e-03
3.456182128906250000e+03 -1.521886442787945271e-03
3.434958740234375000e+03 -1.545944251120090485e-03
3.414068847656250000e+03 -1.565200393088161945e-03
3.393697021484375000e+03 -1.573287067003548145e-03
3.380037841796875000e+03 -9.905182756483554840e-03
