5.652148925781250000e+03 0.000000000000000000e+00
5.634776855468750000e+03 -1.044740929501131177e-04
5.621417480468750000e+03 -1.029221821227110922e-04
5.609394531250000000e+03 -1.056749024428427219e-04
5.595320800781250000e+03 -1.109842560254037380e-04
5.581246582031250000e+03 -1.174111384898424149e-04
5.567172851562500000e+03 -1.248695189133286476e-04
5.553099121093750000e+03 -1.333832042291760445e-04
5.539025390625000000e+03 -1.429876720067113638e-04
5.524951660156250000e+03 -1.536918862257152796e-04
5.510877441406250000e+03 -1.655028172535821795e-04
5.496803710937500000e+03 -1.784207270247861743e-04
5.482729980468750000e+03 -1.924404496094211936e-04
5.468656250000000000e+03 -2.075517259072512388e-04
5.454582519531250000e+03 -2.237390581285580993e-04
5.440508789062500000e+03 -2.409818262094631791e-04
5.426434570312500000e+03 -2.592544478829950094e-04
5.412360839843750000e+03 -2.785270626191049814e-04
5.398287109375000000e+03 -2.987663028761744499e-04
5.384213378906250000e+03 -3.199363709427416325e-04
5.370139648437500000e+03 -3.420000721234828234e-04
5.356065917968750000e+03 -3.649197751656174660e-04
5.341992187500000000e+03 -3.886582853738218546e-04
5.327918457031250000e+03 -4.131796013098210096e-04
5.313844238281250000e+03 -4.384492058306932449e-04
5.299770507812500000e+03 -4.644345608539879322e-04
5.285696777343750000e+03 -4.911050782538950443e-04
5.271623046875000000e+03 -5.184321780689060688e-04
5.257549316406250000e+03 -5.463890847750008106e-04
5.243475585937500000e+03 -5.749508272856473923e-04
5.229401855468750000e+03 -6.040937732905149460e-04
5.215328125000000000e+03 -6.337956874631345272e-04
5.201254394531250000e+03 -6.640354986302554607e-04
5.187180664062500000e+03 -6.947929505258798599e-04
5.173106933593750000e+03 -7.260483107529580593e-04
5.159033203125000000e+03 -7.577824289910495281e-04
5.144959472656250000e+03 -7.899759220890700817e-04
5.130885742187500000e+03 -8.226093486882746220e-04
5.116811523437500000e+03 -8.556628599762916565e-04
5.102737792968750000e+03 -8.891156758181750774e-04
5.088664062500000000e+03 -9.229462011717259884e-04
5.074590332031250000e+03 -9.571317932568490505e-04
5.060516601562500000e+03 -9.916482958942651749e-04
5.046442871093750000e+03 -1.026470330543816090e-03
5.032369140625000000e+03 -1.061576651409268379e-03
5.018295410156250000e+03 -1.096926862373948097e-03
5.004221679687500000e+03 -1.132496516220271587e-03
4.987509277343750000e+03 -1.174978795461356640e-03
4.976411132812500000e+03 -1.203311607241630554e-03
4.962443847656250000e+03 -1.239060307852923870e-03
4.948429687500000000e+03 -1.275005051866173744e-03
4.934371093750000000e+03 -1.311096246354281902e-03
4.920154296875000000e+03 -1.346313394606113434e-03
4.906199707031250000e+03 -1.368589815683662891e-03
4.891681152343750000e+03 -1.396413310430943966e-03
4.877378417968750000e+03 -1.424156129360198975e-03
4.863221191406250000e+03 -1.450827578082680702e-03
4.849013671875000000e+03 -1.468106405809521675e-03
4.833318847656250000e+03 -1.327735953964293003e-03
4.818916992187500000e+03 -1.334222848527133465e-03
4.805955566406250000e+03 -1.342271454632282257e-03
4.792993652343750000e+03 -1.351536717265844345e-03
4.767070800781250000e+03 -1.372247817926108837e-03
4.754109375000000000e+03 -1.383219962008297443e-03
4.741147460937500000e+03 -1.394369406625628471e-03
4.728186035156250000e+03 -1.405526301823556423e-03
4.715224609375000000e+03 -1.416445942595601082e-03
4.708743652343750000e+03 -1.421701628714799881e-03
4.694749023437500000e+03 -1.431060954928398132e-03
4.679638671875000000e+03 -1.429102965630590916e-03
4.665827636718750000e+03 -1.440201653167605400e-03
4.652016601562500000e+03 -1.451373333111405373e-03
4.638205566406250000e+03 -1.462368760257959366e-03
4.624395019531250000e+03 -1.472990377806127071e-03
4.610583984375000000e+03 -1.483016647398471832e-03
4.596279785156250000e+03 -1.492374343797564507e-03
4.582346191406250000e+03 -1.498243887908756733e-03
4.563961914062500000e+03 -1.357114408165216446e-03
4.544457031250000000e+03 -1.365796197205781937e-03
4.530383300781250000e+03 -1.372315338812768459e-03
4.516309570312500000e+03 -1.379022607579827309e-03
4.502235351562500000e+03 -1.385894021950662136e-03
4.488161621093750000e+03 -1.392920035868883133e-03
4.474087890625000000e+03 -1.400058041326701641e-03
4.460014160156250000e+03 -1.407299656420946121e-03
4.445940429687500000e+03 -1.414623227901756763e-03
4.431866210937500000e+03 -1.422005938366055489e-03
4.417792480468750000e+03 -1.429401687346398830e-03
4.410755859375000000e+03 -1.433074125088751316e-03
4.398365234375000000e+03 -1.439467887394130230e-03
4.385319824218750000e+03 -1.445905771106481552e-03
4.371395996093750000e+03 -1.452100346796214581e-03
4.354936035156250000e+03 -1.457983860746026039e-03
4.335577636718750000e+03 -1.469390583224594593e-03
4.321822753906250000e+03 -1.477586687542498112e-03
4.308067871093750000e+03 -1.485865912400186062e-03
4.294312988281250000e+03 -1.494235941208899021e-03
4.280558105468750000e+03 -1.502692699432373047e-03
4.266803222656250000e+03 -1.511227106675505638e-03
4.257776855468750000e+03 -1.516866614110767841e-03
4.244734863281250000e+03 -1.525064581073820591e-03
4.229274414062500000e+03 -1.534852897748351097e-03
4.216125976562500000e+03 -1.543235266581177711e-03
4.202145996093750000e+03 -1.552192494273185730e-03
4.188345214843750000e+03 -1.561081153340637684e-03
4.174151367187500000e+03 -1.570262364111840725e-03
4.160142578125000000e+03 -1.579358475282788277e-03
4.146158203125000000e+03 -1.588467624969780445e-03
4.132010253906250000e+03 -1.597704482264816761e-03
4.118056640625000000e+03 -1.606820733286440372e-03
4.103809570312500000e+03 -1.615699497051537037e-03
4.089441894531250000e+03 -1.625289674848318100e-03
4.075844482421875000e+03 -1.634369487874209881e-03
4.061524902343750000e+03 -1.643917639739811420e-03
4.047685058593750000e+03 -1.653124927543103695e-03
4.033654296875000000e+03 -1.662446418777108192e-03
4.019501953125000000e+03 -1.671866979449987411e-03
4.005366210937500000e+03 -1.681325142271816730e-03
3.991344970703125000e+03 -1.690764212980866432e-03
3.977361083984375000e+03 -1.700230757705867290e-03
3.963268066406250000e+03 -1.709823962301015854e-03
3.949127197265625000e+03 -1.719517516903579235e-03
3.935042236328125000e+03 -1.729262294247746468e-03
3.921002685546875000e+03 -1.739076571539044380e-03
3.906960937500000000e+03 -1.748992828652262688e-03
3.892892822265625000e+03 -1.759020495228469372e-03
3.878817626953125000e+03 -1.769137452356517315e-03
3.864731689453125000e+03 -1.779339043423533440e-03
3.850671875000000000e+03 -1.789593719877302647e-03
3.836603271484375000e+03 -1.799922902137041092e-03
3.831478515625000000e+03 -1.803701976314187050e-03
