5.652115722656250000e+03 0.000000000000000000e+00
5.645079101562500000e+03 -6.067304275347851217e-05
5.638042480468750000e+03 -1.127843279391527176e-04
5.627486816406250000e+03 -1.405977964168414474e-04
5.623968750000000000e+03 -1.424224901711568236e-04
5.623968750000000000e+03 -1.424224901711568236e-04
5.595821289062500000e+03 -1.694982493063434958e-04
5.595821289062500000e+03 -1.694982493063434958e-04
5.567673828125000000e+03 -2.138472918886691332e-04
5.567673828125000000e+03 -2.138472918886691332e-04
5.539526367187500000e+03 -2.712577406782656908e-04
5.539526367187500000e+03 -2.712577406782656908e-04
5.511378906250000000e+03 -3.387230972293764353e-04
5.511378906250000000e+03 -3.387230972293764353e-04
5.509619628906250000e+03 -3.432141675148159266e-04
5.507860351562500000e+03 -3.477249993011355400e-04
5.507420898437500000e+03 -3.488566144369542599e-04
5.506980957031250000e+03 -3.499889862723648548e-04
5.506541015625000000e+03 -3.511218528728932142e-04
5.506101562500000000e+03 -3.522541082929819822e-04
5.505661621093750000e+03 -3.533835115376859903e-04
5.505221679687500000e+03 -3.545047075022011995e-04
5.504781738281250000e+03 -3.556057345122098923e-04
5.504342285156250000e+03 -3.566614177543669939e-04
5.503902343750000000e+03 -3.576347371563315392e-04
5.503462402343750000e+03 -3.585054364521056414e-04
5.503022949218750000e+03 -3.593072178773581982e-04
5.502583007812500000e+03 -3.601205535233020782e-04
5.502143066406250000e+03 -3.609863633755594492e-04
5.501703125000000000e+03 -3.619020280893892050e-04
5.501263671875000000e+03 -3.628562262747436762e-04
5.500604003906250000e+03 -3.643278905656188726e-04
5.499614257812500000e+03 -3.665755211841315031e-04
5.498129882812500000e+03 -3.699895460158586502e-04
5.495903320312500000e+03 -3.751917975023388863e-04
5.492563476562500000e+03 -3.831401991192251444e-04
5.487554199218750000e+03 -3.953255945816636086e-04
5.483231445312500000e+03 -4.060507635585963726e-04
5.483231445312500000e+03 -4.060507635585963726e-04
5.455084472656250000e+03 -4.780837625730782747e-04
5.455084472656250000e+03 -4.780837625730782747e-04
5.426937011718750000e+03 -5.454426282085478306e-04
5.426937011718750000e+03 -5.454426282085478306e-04
5.398789550781250000e+03 -5.997008993290364742e-04
5.398789550781250000e+03 -5.997008993290364742e-04
5.370642089843750000e+03 -6.520711467601358891e-04
5.370642089843750000e+03 -6.520711467601358891e-04
5.363605468750000000e+03 -6.648449925705790520e-04
5.356568359375000000e+03 -6.765867001377046108e-04
5.354809082031250000e+03 -6.788475438952445984e-04
5.354369628906250000e+03 -6.792762433178722858e-04
5.353929687500000000e+03 -6.795986555516719818e-04
5.353489746093750000e+03 -6.796873640269041061e-04
5.353160156250000000e+03 -6.793672218918800354e-04
5.353036132812500000e+03 -6.790751940570771694e-04
5.352881835937500000e+03 -6.781502161175012589e-04
5.352757812500000000e+03 -6.757103255949914455e-04
5.352622558593750000e+03 -5.860278033651411533e-04
5.352483398437500000e+03 -5.822636885568499565e-04
5.352326660156250000e+03 -5.826185806654393673e-04
5.352185546875000000e+03 -5.829238216392695904e-04
5.351973632812500000e+03 -5.833806935697793961e-04
5.351656250000000000e+03 -5.840663798153400421e-04
5.351180664062500000e+03 -5.850958987139165401e-04
5.350466308593750000e+03 -5.866427673026919365e-04
5.349395019531250000e+03 -5.889686290174722672e-04
5.347788574218750000e+03 -5.924701108597218990e-04
5.345378417968750000e+03 -5.977506516501307487e-04
5.342494628906250000e+03 -6.041147280484437943e-04
5.342494628906250000e+03 -6.041147280484437943e-04
5.314347167968750000e+03 -6.687322747893631458e-04
5.314347167968750000e+03 -6.687322747893631458e-04
5.286199707031250000e+03 -7.376672001555562019e-04
5.286199707031250000e+03 -7.376672001555562019e-04
5.258052734375000000e+03 -8.105802116915583611e-04
5.258052734375000000e+03 -8.105802116915583611e-04
5.229905273437500000e+03 -8.871521567925810814e-04
5.229905273437500000e+03 -8.871521567925810814e-04
5.201757812500000000e+03 -9.670788422226905823e-04
5.201757812500000000e+03 -9.670788422226905823e-04
5.173610351562500000e+03 -1.050069346092641354e-03
5.173610351562500000e+03 -1.050069346092641354e-03
5.145463378906250000e+03 -1.135841943323612213e-03
5.145463378906250000e+03 -1.135841943323612213e-03
5.117315917968750000e+03 -1.224116305820643902e-03
5.117315917968750000e+03 -1.224116305820643902e-03
5.089168945312500000e+03 -1.314606401138007641e-03
5.089168945312500000e+03 -1.314606401138007641e-03
5.061021484375000000e+03 -1.407011761330068111e-03
5.061021484375000000e+03 -1.407011761330068111e-03
5.032874023437500000e+03 -1.501007936894893646e-03
5.032874023437500000e+03 -1.501007936894893646e-03
5.004727050781250000e+03 -1.596235902979969978e-03
5.004727050781250000e+03 -1.596235902979969978e-03
4.976579589843750000e+03 -1.692290650680661201e-03
4.976579589843750000e+03 -1.692290650680661201e-03
4.948432128906250000e+03 -1.788706635124981403e-03
4.948432128906250000e+03 -1.788706635124981403e-03
4.920285156250000000e+03 -1.884946366772055626e-03
4.920285156250000000e+03 -1.884946366772055626e-03
4.913248046875000000e+03 -1.908925478346645832e-03
4.906211425781250000e+03 -1.932822517119348049e-03
4.906046386718750000e+03 -1.933391205966472626e-03
4.905922851562500000e+03 -1.933810650371015072e-03
4.905768066406250000e+03 -1.934334984980523586e-03
4.905628906250000000e+03 -1.934806932695209980e-03
4.905498535156250000e+03 -1.935249310918152332e-03
4.905205078125000000e+03 -1.936244429089128971e-03
4.905040039062500000e+03 -1.936804270371794701e-03
4.904891601562500000e+03 -1.937307999469339848e-03
4.904742675781250000e+03 -1.937811728566884995e-03
4.904594238281250000e+03 -1.938315457664430141e-03
4.904501464843750000e+03 -1.938630244694650173e-03
4.904292480468750000e+03 -1.939338515512645245e-03
4.904166992187500000e+03 -1.939763431437313557e-03
4.904088378906250000e+03 -1.940028974786400795e-03
4.903912109375000000e+03 -1.940626418218016624e-03
4.903812988281250000e+03 -1.940962509252130985e-03
4.903589843750000000e+03 -1.941718510352075100e-03
4.903456054687500000e+03 -1.942172180861234665e-03
4.903322265625000000e+03 -1.942625734955072403e-03
4.903188476562500000e+03 -1.943079289048910141e-03
4.903054199218750000e+03 -1.943532843142747879e-03
4.902920410156250000e+03 -1.943986280821263790e-03
4.902786621093750000e+03 -1.944439834915101528e-03
4.902652832031250000e+03 -1.944893272593617439e-03
4.902519042968750000e+03 -1.945346710272133350e-03
4.902401855468750000e+03 -1.945743453688919544e-03
4.902213378906250000e+03 -1.946380943991243839e-03
4.902100585937500000e+03 -1.946763484738767147e-03
4.901987304687500000e+03 -1.947145909070968628e-03
4.901761718750000000e+03 -1.947910757735371590e-03
4.901648437500000000e+03 -1.948293182067573071e-03
4.901535644531250000e+03 -1.948675606399774551e-03
4.901422363281250000e+03 -1.949058030731976032e-03
4.901260253906250000e+03 -1.949607627466320992e-03
4.901128906250000000e+03 -1.950051286257803440e-03
4.900995117187500000e+03 -1.950504840351641178e-03
4.900829101562500000e+03 -1.951066195033490658e-03
4.900659667968750000e+03 -1.951640122570097446e-03
4.900563964843750000e+03 -1.951963058672845364e-03
4.900397949218750000e+03 -1.952526043169200420e-03
4.900216308593750000e+03 -1.953138737007975578e-03
4.900114746093750000e+03 -1.953483559191226959e-03
4.899988769531250000e+03 -1.953910104930400848e-03
4.899859375000000000e+03 -1.954346196725964546e-03
4.899700195312500000e+03 -1.954886130988597870e-03
4.899536621093750000e+03 -1.955438172444701195e-03
4.899438964843750000e+03 -1.955769257619976997e-03
4.899297851562500000e+03 -1.956245396286249161e-03
4.899132812500000000e+03 -1.956804189831018448e-03
4.898967285156250000e+03 -1.957362983375787735e-03
4.898843750000000000e+03 -1.957781845703721046e-03
4.898727539062500000e+03 -1.958174630999565125e-03
4.898603027343750000e+03 -1.958594424650073051e-03
4.898432128906250000e+03 -1.959172310307621956e-03
4.898329589843750000e+03 -1.959518529474735260e-03
4.898130859375000000e+03 -1.960190711542963982e-03
4.898042480468750000e+03 -1.960489200428128242e-03
4.897888671875000000e+03 -1.961009809747338295e-03
4.897720703125000000e+03 -1.961576519533991814e-03
4.897626464843750000e+03 -1.961895264685153961e-03
4.897456542968750000e+03 -1.962468959391117096e-03
4.897286621093750000e+03 -1.963042421266436577e-03
4.897201660156250000e+03 -1.963329268619418144e-03
4.897032226562500000e+03 -1.963902730494737625e-03
4.896904785156250000e+03 -1.964333001524209976e-03
4.896753417968750000e+03 -1.964843831956386566e-03
4.896605468750000000e+03 -1.965342788025736809e-03
4.896454589843750000e+03 -1.965852919965982437e-03
4.896292968750000000e+03 -1.966398209333419800e-03
4.896216796875000000e+03 -1.966656418517231941e-03
4.896063476562500000e+03 -1.967173069715499878e-03
4.895910644531250000e+03 -1.967689488083124161e-03
4.895757812500000000e+03 -1.968205906450748444e-03
4.895604492187500000e+03 -1.968722324818372726e-03
4.895451660156250000e+03 -1.969238743185997009e-03
4.895298339843750000e+03 -1.969754928722977638e-03
4.895231445312500000e+03 -1.969981007277965546e-03
4.895063476562500000e+03 -1.970548182725906372e-03
4.894927246093750000e+03 -1.971007557585835457e-03
4.894810058593750000e+03 -1.971403602510690689e-03
4.894637695312500000e+03 -1.971984980627894402e-03
4.894519042968750000e+03 -1.972385449334979057e-03
4.894363281250000000e+03 -1.972909551113843918e-03
4.894211914062500000e+03 -1.973421545699238777e-03
4.894091308593750000e+03 -1.973827369511127472e-03
4.893960449218750000e+03 -1.974269282072782516e-03
4.893781250000000000e+03 -1.974873943254351616e-03
4.893663085937500000e+03 -1.975272083654999733e-03
4.893492187500000000e+03 -1.975846942514181137e-03
4.893366210937500000e+03 -1.976272324100136757e-03
4.893246582031250000e+03 -1.976675121113657951e-03
4.893037597656250000e+03 -1.977380132302641869e-03
4.892953613281250000e+03 -1.977663254365324974e-03
4.892799804687500000e+03 -1.978181069716811180e-03
4.892672363281250000e+03 -1.978611107915639877e-03
4.892544921875000000e+03 -1.979041146114468575e-03
4.892416992187500000e+03 -1.979471184313297272e-03
4.892225585937500000e+03 -1.980116125196218491e-03
4.892137695312500000e+03 -1.980411820113658905e-03
4.892137695312500000e+03 -1.980411820113658905e-03
