6.664001874625057725e-08
6.322027276634105531e-08
6.664001874625057725e-08
1.053671212772351231e-07
2.365486005900439594e-07
4.549127078793609269e-07
7.679521278575326394e-07
1.244046179338881136e-06
1.821602200262336473e-06
2.639062537736189170e-06
3.576899514355127184e-06
4.825860166126053282e-06
6.228542782562161507e-06
8.055452522586304065e-06
1.006118635404973414e-05
1.264830364661360547e-05
1.547621717631520954e-05
1.881421344084650932e-05
2.314807982829058695e-05
2.797921482765145751e-05
3.438814163099546183e-05
4.175691439014062934e-05
5.197842861150632916e-05
6.439649866115271931e-05
8.285427794598690821e-05
1.073304957547140180e-04
1.440094144515463885e-04
2.088785080908778442e-04
3.112415175115183091e-04
4.882458514848372270e-04
6.989689805773270257e-04
9.573416031626431032e-04
1.220394454539858523e-03
1.532235058995124605e-03
1.844843111637712836e-03
2.212668482509705034e-03
2.580305366754691906e-03
2.976147458757134445e-03
3.438519899587707401e-03
3.897051866463686724e-03
4.429348379963441405e-03
4.954565462885569468e-03
5.561168468506516582e-03
6.156897306029585071e-03
6.842068295324059239e-03
7.512143212242143771e-03
8.219201504379625503e-03
9.027674123675439102e-03
9.813673607108528568e-03
1.070823471580004994e-02
1.157280712433695485e-02
1.254842378851823634e-02
1.347835659133896601e-02
1.450077276515569953e-02
1.542367479148161816e-02
1.630974422911153979e-02
1.684096773262813013e-02
1.685281294560985257e-02
1.644596409030989886e-02
1.660249237463865685e-02
1.699269269240669122e-02
1.731362332455479297e-02
1.423737977265291527e-02
8.961743903499351169e-03
9.349247147664618146e-03
9.676110138652646575e-03
8.375262556639406081e-03
8.133727632158667745e-03
8.248800257933126823e-03
7.453449550745222876e-03
7.111129723117641174e-03
7.100455710392155999e-03
6.640332787101682968e-03
6.237313294860403860e-03
6.136846070954031333e-03
5.808083694743415917e-03
5.450504523885268612e-03
5.261404812543150726e-03
5.016768739829950349e-03
4.696381640673272587e-03
4.426476023143065090e-03
4.213436086526055509e-03
3.913944679263359032e-03
3.638270400357769812e-03
3.385566125275971030e-03
3.136834569654163921e-03
2.862538864943384685e-03
2.583547207545389569e-03
2.339983106252193149e-03
2.059236116911430936e-03
1.793112742627936494e-03
1.517369389358914217e-03
1.265432309169606945e-03
9.823896287902958348e-04
7.192219097540917530e-04
4.396749939313978305e-04
1.833660787274508203e-04
1.104478330310999600e-04
3.840578251141236045e-04
6.804721928112362692e-04
9.599340384689319938e-04
1.275123244902015302e-03
1.587395758878353729e-03
1.930959112280831221e-03
2.271207482187643460e-03
2.629710279330446307e-03
3.037596601485247072e-03
3.470972472692967353e-03
3.934398860835620210e-03
4.442122618377545087e-03
5.037247063658110806e-03
5.684162157669269549e-03
6.438792974742217103e-03
7.321926043144852576e-03
8.369766272160175311e-03
9.551879936935405227e-03
1.099590068043194285e-02
1.263804976599257161e-02
1.443880172361411765e-02
1.650966435998099668e-02
1.830324404605658886e-02
1.988108182894162204e-02
2.111141719284504240e-02
2.337314872228466595e-02
3.532993038307723904e-02
7.551907671116159237e-02
1.182705221147007102e-01
1.211167603865202919e-01
1.243731491034321679e-01
1.380898347976405038e-01
1.496866556365041845e-01
1.547182003672578632e-01
1.613560842304624099e-01
1.704068111999219315e-01
1.788963925762452889e-01
1.869876140807938125e-01
1.950022097905938501e-01
2.016273360608006326e-01
1.083322162508008335e-01
4.169229323039189139e-01
4.254175314431117849e-01
