0.000000000000000000e+00
2.980232238769531250e-08
2.980232238769531250e-08
1.134838626662479670e-07
2.448510635667298035e-07
4.655271575395301003e-07
7.711260934433896788e-07
1.205797691592284135e-06
1.691002785989790854e-06
2.259676466854976965e-06
2.642509931047837699e-06
2.152379761370572349e-06
8.212283960888030579e-06
2.182630005319637084e-05
1.805912540228324110e-05
2.097457935099544048e-05
2.402289027778356666e-05
2.385622388991749351e-05
3.368663823732140073e-05
4.427322317407124511e-05
5.952117709217361611e-05
7.922174287554843578e-05
1.033896750662820040e-04
1.311002697723376764e-04
1.673120681998096506e-04
2.062915489226146049e-04
2.525884957740494601e-04
3.113212479207401267e-04
3.744941775073691646e-04
4.543882827063851714e-04
5.395914391038520927e-04
6.460625017230742012e-04
7.589646303946529209e-04
8.986993306402162518e-04
1.045520928992404357e-03
1.225720607672185812e-03
1.413303194829917042e-03
1.623097728961042999e-03
1.877474308886093205e-03
2.139317235671529122e-03
2.454583503795788706e-03
2.776930847691124696e-03
3.162565183969564403e-03
3.554449044901593184e-03
4.020516159449982752e-03
4.491487288868846114e-03
5.003983123930602801e-03
5.608839904562516916e-03
6.215674964993435012e-03
6.928742883181956275e-03
7.641291560805913569e-03
8.475585981771003793e-03
9.306704544209454255e-03
1.027739536595609002e-02
1.124260020786424161e-02
1.236869701051990754e-02
1.348830411742144540e-02
1.469162432093161323e-02
1.609913396980881470e-02
1.750524442160920902e-02
1.915985448620308521e-02
2.082647982686820776e-02
2.280919078487877658e-02
2.483383895464327112e-02
2.727981483651967243e-02
2.980241282286437421e-02
3.256803452590244924e-02
3.574951900414140987e-02
3.876250756912296563e-02
4.206386632816778298e-02
4.514149493433212285e-02
4.850712073279992570e-02
5.164506204764196529e-02
5.508303767732022904e-02
5.829133784372494964e-02
6.180081152004517075e-02
6.506759224645908279e-02
6.833874927742283889e-02
7.218431735553831885e-02
7.568195789338717783e-02
7.891359012820052532e-02
8.224298597484831774e-02
8.577677060143883148e-02
8.942572901931887530e-02
9.279686594640647324e-02
9.662590178162723531e-02
1.005980262648173140e-01
1.049556456718065550e-01
1.098164298170677816e-01
1.139109172119526781e-01
1.168745334697791904e-01
1.124834663423817938e-01
1.078345161330867275e-01
1.102806835140508201e-01
1.165852764574409339e-01
1.201717333085750711e-01
1.206207666450838656e-01
1.355841042558036391e-01
1.354932394257788442e-01
1.381743090830311604e-01
1.324705647104051920e-01
1.333940505390649456e-01
