4.712160915387242321e-08
2.980232238769531250e-08
7.300048299977716117e-08
2.690474701712704040e-07
7.043065010366867419e-07
1.359358378863497213e-06
2.318747089196473060e-06
3.749352469136531020e-06
5.504885058003036846e-06
7.938781549068608823e-06
1.071821372382464338e-05
1.438455330302012551e-05
1.844823937238631640e-05
2.363600375071277547e-05
2.923041193126295448e-05
3.624325110025491286e-05
4.369172419058861963e-05
5.218194319181708246e-05
6.271857856814512609e-05
7.395958352376309666e-05
8.845531615694621002e-05
1.054280943888225171e-04
1.315268912051039644e-04
1.682363406168432905e-04
2.269848250414923535e-04
3.012807430530542690e-04
3.983606699629623871e-04
5.751609726021339377e-04
1.232510977925792674e-03
2.124090565875150476e-03
2.257729634912380469e-03
2.547019939453185142e-03
2.954041013204472804e-03
3.253260965113530332e-03
3.622127997601682411e-03
4.068456548078862485e-03
4.444247930261309952e-03
4.894116757272188104e-03
5.402211343505374831e-03
5.878455941737824320e-03
6.453655021105574735e-03
7.002410919326576381e-03
7.626934679363078957e-03
8.245867197601858961e-03
8.942616474402313026e-03
9.621236681755671039e-03
1.033696704695995575e-02
1.114735885851897770e-02
1.193602934977248085e-02
1.283587404933491348e-02
1.370891328469277595e-02
1.470664333004866389e-02
1.567403794410543796e-02
1.677021560507115094e-02
1.782741966313645260e-02
1.902180785792007001e-02
2.017187502271946403e-02
2.137085089774827876e-02
2.272760959435000255e-02
2.403775087080596562e-02
2.552851985271263266e-02
2.698444101448786020e-02
2.866420373949264341e-02
2.988706152326686336e-02
3.157561657504918268e-02
3.287033507139146271e-02
3.408071676675576006e-02
3.667047973174664827e-02
3.859854923280684608e-02
3.921328694912000479e-02
4.009608103084991854e-02
3.987708124624334688e-02
3.836801644727728944e-02
3.786926481830685948e-02
3.793654066446829065e-02
3.752192221946837325e-02
3.737803754486226926e-02
3.769350676210727474e-02
3.792049903351408374e-02
3.806252168065951680e-02
3.851818012758234655e-02
3.903390260332195716e-02
3.951486757245663978e-02
4.006219221025079935e-02
4.081873222528321216e-02
4.153532305289571458e-02
4.227591952084334276e-02
4.320731202750254657e-02
4.417029587083456943e-02
4.527057812673743881e-02
4.637323823661867322e-02
4.771630870766110921e-02
4.909079213519600138e-02
5.072755897249601326e-02
5.242476239947337774e-02
5.454837144057179260e-02
5.692149416635228915e-02
6.059305489263851902e-02
6.928987176097639589e-02
8.414374290331587403e-02
1.118227090454648465e-01
1.474155460723001188e-01
1.962982768508307607e-01
2.206991835923703127e-01
2.266527174249071963e-01
