5.652148925781250000e+03 0.000000000000000000e+00
5.632445800781250000e+03 -1.365519710816442966e-04
5.612742675781250000e+03 -1.058945053955540061e-04
5.593039062500000000e+03 -1.124472546507604420e-04
5.573335937500000000e+03 -1.218924298882484436e-04
5.553632324218750000e+03 -1.334305998170748353e-04
5.533929199218750000e+03 -1.471155410399660468e-04
5.514225585937500000e+03 -1.629703911021351814e-04
5.494522460937500000e+03 -1.809997193049639463e-04
5.474818847656250000e+03 -2.011879987549036741e-04
5.455115722656250000e+03 -2.235009742435067892e-04
5.435412109375000000e+03 -2.478851238265633583e-04
5.415708984375000000e+03 -2.742684737313538790e-04
5.396005859375000000e+03 -3.025636833626776934e-04
5.376302246093750000e+03 -3.326731675770133734e-04
5.356599121093750000e+03 -3.644944517873227596e-04
5.336895996093750000e+03 -3.979251487180590630e-04
5.317192382812500000e+03 -4.328670911490917206e-04
5.297489257812500000e+03 -4.692284855991601944e-04
5.277786132812500000e+03 -5.069251055829226971e-04
5.258082519531250000e+03 -5.458802334032952785e-04
5.238379394531250000e+03 -5.860240780748426914e-04
5.218676269531250000e+03 -6.272924947552382946e-04
5.198972656250000000e+03 -6.696261698380112648e-04
5.179269531250000000e+03 -7.129694567993283272e-04
5.159566406250000000e+03 -7.572689210064709187e-04
5.139862792968750000e+03 -8.024717099033296108e-04
5.120159667968750000e+03 -8.485244470648467541e-04
5.100456542968750000e+03 -8.953714859671890736e-04
5.080753417968750000e+03 -9.429538040421903133e-04
5.061049804687500000e+03 -9.912078967317938805e-04
5.041346679687500000e+03 -1.040065195411443710e-03
5.021643554687500000e+03 -1.089451136067509651e-03
5.001940429687500000e+03 -1.139284577220678329e-03
4.982236816406250000e+03 -1.189476810395717621e-03
4.977311035156250000e+03 -1.202106242999434471e-03
4.972385253906250000e+03 -1.214715768583118916e-03
4.964996582031250000e+03 -1.233642338775098324e-03
4.962533691406250000e+03 -1.239977544173598289e-03
4.961302246093750000e+03 -1.243137870915234089e-03
4.960070800781250000e+03 -1.246298779733479023e-03
4.958223632812500000e+03 -1.251039444468915462e-03
4.955453125000000000e+03 -1.258151838555932045e-03
4.951296875000000000e+03 -1.268823631107807159e-03
4.949738281250000000e+03 -1.272833440452814102e-03
4.947400390625000000e+03 -1.278841285966336727e-03
4.946523437500000000e+03 -1.281096599996089935e-03
4.945208496093750000e+03 -1.284476369619369507e-03
4.943235839843750000e+03 -1.289545325562357903e-03
4.942830566406250000e+03 -1.290590036660432816e-03
4.941599121093750000e+03 -1.293754321523010731e-03
4.940367675781250000e+03 -1.296920585446059704e-03
4.938520507812500000e+03 -1.301668235100805759e-03
4.937827636718750000e+03 -1.303450786508619785e-03
4.936788574218750000e+03 -1.306121936067938805e-03
4.935229980468750000e+03 -1.310127787292003632e-03
4.934645507812500000e+03 -1.311631524004042149e-03
4.933769042968750000e+03 -1.313885208219289780e-03
4.932454101562500000e+03 -1.317265327088534832e-03
4.931960937500000000e+03 -1.318533672019839287e-03
4.931221191406250000e+03 -1.320434967055916786e-03
4.930111328125000000e+03 -1.323286676779389381e-03
4.929695312500000000e+03 -1.324356766417622566e-03
4.929071289062500000e+03 -1.325960969552397728e-03
4.928135253906250000e+03 -1.328366692177951336e-03
4.926730957031250000e+03 -1.331974868662655354e-03
4.925326660156250000e+03 -1.335583161562681198e-03
4.923922363281250000e+03 -1.339190872386097908e-03
4.923127441406250000e+03 -1.341233844868838787e-03
4.921895996093750000e+03 -1.344396267086267471e-03
4.920664550781250000e+03 -1.347558572888374329e-03
4.919433105468750000e+03 -1.350720063783228397e-03
4.918201660156250000e+03 -1.353880623355507851e-03
4.916970214843750000e+03 -1.357040251605212688e-03
4.915738281250000000e+03 -1.360198366455733776e-03
4.914506835937500000e+03 -1.363354967907071114e-03
4.913275390625000000e+03 -1.366509241051971912e-03
4.912043945312500000e+03 -1.369660836644470692e-03
4.910812500000000000e+03 -1.372808474116027355e-03
4.909581054687500000e+03 -1.375950523652136326e-03
4.908349609375000000e+03 -1.379085006192326546e-03
4.907118164062500000e+03 -1.382207963615655899e-03
4.906810546875000000e+03 -1.382987597025930882e-03
4.906348632812500000e+03 -1.384154660627245903e-03
4.905655761718750000e+03 -1.385899260640144348e-03
4.904617187500000000e+03 -1.388497650623321533e-03
4.903423828125000000e+03 -1.391447964124381542e-03
4.902192382812500000e+03 -1.394431339576840401e-03
4.900960937500000000e+03 -1.397339394316077232e-03
4.900653320312500000e+03 -1.398048480041325092e-03
4.900345214843750000e+03 -1.398757332935929298e-03
4.899883789062500000e+03 -1.399792148731648922e-03
4.899190917968750000e+03 -1.401302055455744267e-03
4.898151855468750000e+03 -1.403411151841282845e-03
4.897762207031250000e+03 -1.404168899171054363e-03
4.897177734375000000e+03 -1.405235962010920048e-03
4.896301269531250000e+03 -1.406658790074288845e-03
4.894985839843750000e+03 -1.408395124599337578e-03
4.893670898437500000e+03 -1.409648451954126358e-03
4.892355957031250000e+03 -1.410501077771186829e-03
4.891041015625000000e+03 -1.411112723872065544e-03
4.889726074218750000e+03 -1.411706907674670219e-03
4.887753417968750000e+03 -1.412990270182490349e-03
4.885780761718750000e+03 -1.414820551872253418e-03
4.883808105468750000e+03 -1.417204970493912697e-03
4.883720703125000000e+03 -1.417307881638407707e-03
4.878794921875000000e+03 -1.425302820280194283e-03
4.875100585937500000e+03 -1.431858981959521770e-03
4.871406250000000000e+03 -1.438652281649410725e-03
4.867711914062500000e+03 -1.445508678443729877e-03
4.864017578125000000e+03 -1.452297903597354889e-03
4.859091308593750000e+03 -1.461041742004454136e-03
4.854165527343750000e+03 -1.469063572585582733e-03
4.849239746093750000e+03 -1.475329394452273846e-03
4.848008300781250000e+03 -1.476502977311611176e-03
4.846161132812500000e+03 -1.477331505157053471e-03
4.844313964843750000e+03 -1.476221950724720955e-03
4.839387695312500000e+03 -1.377461012452840805e-03
4.838464355468750000e+03 -1.360887428745627403e-03
4.837540527343750000e+03 -1.350054750218987465e-03
4.836617187500000000e+03 -1.343107665888965130e-03
4.835231445312500000e+03 -1.337687252089381218e-03
4.833153320312500000e+03 -1.334556378424167633e-03
4.830036621093750000e+03 -1.333724707365036011e-03
4.825360839843750000e+03 -1.334869186393916607e-03
4.824610351562500000e+03 -1.335116103291511536e-03
4.819684570312500000e+03 -1.337380730547010899e-03
4.814758789062500000e+03 -1.340043731033802032e-03
4.809832519531250000e+03 -1.343007897958159447e-03
4.804906738281250000e+03 -1.346204895526170731e-03
4.799980957031250000e+03 -1.349598518572747707e-03
4.795055175781250000e+03 -1.353140454739332199e-03
4.790129394531250000e+03 -1.356821041554212570e-03
4.785203613281250000e+03 -1.360617578029632568e-03
4.780277832031250000e+03 -1.364519586786627769e-03
4.775352050781250000e+03 -1.368494704365730286e-03
4.770426269531250000e+03 -1.372554455883800983e-03
4.765500000000000000e+03 -1.376661239191889763e-03
4.760574218750000000e+03 -1.380830653943121433e-03
4.755648437500000000e+03 -1.385041163302958012e-03
4.750722656250000000e+03 -1.389272627420723438e-03
4.745796875000000000e+03 -1.393545186147093773e-03
4.740871093750000000e+03 -1.397827058099210262e-03
4.735945312500000000e+03 -1.402119523845613003e-03
4.731019531250000000e+03 -1.406410359777510166e-03
4.726093750000000000e+03 -1.410689437761902809e-03
4.721167480468750000e+03 -1.414942671544849873e-03
4.716241699218750000e+03 -1.419164356775581837e-03
4.711315917968750000e+03 -1.423316192813217640e-03
4.706390136718750000e+03 -1.427411101758480072e-03
4.701464355468750000e+03 -1.431375974789261818e-03
4.696538574218750000e+03 -1.435136422514915466e-03
4.691612792968750000e+03 -1.438514795154333115e-03
4.687918457031250000e+03 -1.440507476218044758e-03
4.686687011718750000e+03 -1.441156957298517227e-03
4.685455566406250000e+03 -1.441700966097414494e-03
4.684224121093750000e+03 -1.442055101506412029e-03
4.682992675781250000e+03 -1.442062086425721645e-03
4.681760742187500000e+03 -1.441575586795806885e-03
4.680529296875000000e+03 -1.440726686269044876e-03
4.679297851562500000e+03 -1.439856365323066711e-03
4.678066406250000000e+03 -1.439224928617477417e-03
4.676834960937500000e+03 -1.438921317458152771e-03
4.675603515625000000e+03 -1.438933657482266426e-03
4.674372070312500000e+03 -1.439196523278951645e-03
4.673140625000000000e+03 -1.439658924937248230e-03
4.671293457031250000e+03 -1.440643682144582272e-03
4.668522949218750000e+03 -1.442467328161001205e-03
4.666983398437500000e+03 -1.443549874238669872e-03
4.662057617187500000e+03 -1.447321497835218906e-03
4.657131835937500000e+03 -1.451215473935008049e-03
4.652206054687500000e+03 -1.455153920687735081e-03
4.647280273437500000e+03 -1.459090388379991055e-03
4.646048828125000000e+03 -1.460069208405911922e-03
4.644817382812500000e+03 -1.461047562770545483e-03
4.643585937500000000e+03 -1.462027314119040966e-03
4.641738769531250000e+03 -1.463494845665991306e-03
4.638967773437500000e+03 -1.465688575990498066e-03
4.634811523437500000e+03 -1.468952279537916183e-03
4.630655273437500000e+03 -1.472183736041188240e-03
4.627576660156250000e+03 -1.474553253501653671e-03
4.626345214843750000e+03 -1.475493772886693478e-03
4.625113769531250000e+03 -1.476431149058043957e-03
4.623882324218750000e+03 -1.477364567108452320e-03
4.622035156250000000e+03 -1.478759921155869961e-03
4.619264160156250000e+03 -1.480830484069883823e-03
4.616493652343750000e+03 -1.482873223721981049e-03
4.613722656250000000e+03 -1.484890468418598175e-03
4.610952148437500000e+03 -1.486878958530724049e-03
4.608181152343750000e+03 -1.488835667259991169e-03
4.607873535156250000e+03 -1.489051617681980133e-03
4.606642089843750000e+03 -1.489907619543373585e-03
4.605410644531250000e+03 -1.490757451392710209e-03
4.604179199218750000e+03 -1.491600065492093563e-03
4.602332031250000000e+03 -1.492851646617054939e-03
4.599561035156250000e+03 -1.494684955105185509e-03
4.596790039062500000e+03 -1.496470300480723381e-03
4.594019531250000000e+03 -1.498199533671140671e-03
4.591248535156250000e+03 -1.499861944466829300e-03
4.588478027343750000e+03 -1.501441933214664459e-03
4.588169921875000000e+03 -1.501614227890968323e-03
4.586938476562500000e+03 -1.502290484495460987e-03
4.585707031250000000e+03 -1.502937986515462399e-03
4.584475585937500000e+03 -1.503565232269465923e-03
4.582628417968750000e+03 -1.504410873167216778e-03
4.581935546875000000e+03 -1.504717278294265270e-03
4.580896972656250000e+03 -1.505146501585841179e-03
4.579338378906250000e+03 -1.505687250755727291e-03
4.578753906250000000e+03 -1.505872583948075771e-03
4.577876953125000000e+03 -1.506105531007051468e-03
4.576562011718750000e+03 -1.506287371739745140e-03
4.575904296875000000e+03 -1.506327185779809952e-03
4.575247070312500000e+03 -1.506291562691330910e-03
4.574589355468750000e+03 -1.506140688434243202e-03
4.573931640625000000e+03 -1.505805295892059803e-03
4.573274414062500000e+03 -1.505159772932529449e-03
4.573109863281250000e+03 -1.505034044384956360e-03
4.572945800781250000e+03 -1.504918793216347694e-03
4.572699218750000000e+03 -1.504747080616652966e-03
4.572329101562500000e+03 -1.503856503404676914e-03
4.571959472656250000e+03 -1.499062753282487392e-03
4.571866699218750000e+03 -1.497092773206532001e-03
4.571774414062500000e+03 -1.494928612373769283e-03
4.571682128906250000e+03 -1.492571667768061161e-03
4.571589355468750000e+03 -1.490088412538170815e-03
4.571497070312500000e+03 -1.487541012465953827e-03
4.571404296875000000e+03 -1.484985346905887127e-03
4.571312011718750000e+03 -1.482468447647988796e-03
4.571219726562500000e+03 -1.480028382502496243e-03
4.571034667968750000e+03 -1.475485973060131073e-03
4.570941894531250000e+03 -1.473418902605772018e-03
4.570849609375000000e+03 -1.471499912440776825e-03
4.570757324218750000e+03 -1.469739363528788090e-03
4.570618652343750000e+03 -1.467434572987258434e-03
4.570479980468750000e+03 -1.465504406951367855e-03
4.570341308593750000e+03 -1.463997759856283665e-03
4.570202148437500000e+03 -1.463085762225091457e-03
4.570063476562500000e+03 -1.464494620449841022e-03
4.569924804687500000e+03 -1.478509628213942051e-03
4.569808105468750000e+03 -1.472960924729704857e-03
4.569661621093750000e+03 -1.460034982301294804e-03
4.569529785156250000e+03 -1.449391362257301807e-03
4.569332519531250000e+03 -1.436406862922012806e-03
4.569134765625000000e+03 -1.425969297997653484e-03
4.568937500000000000e+03 -1.417409512214362621e-03
4.568739746093750000e+03 -1.410271739587187767e-03
4.568542480468750000e+03 -1.404290902428328991e-03
4.568466308593750000e+03 -1.401938265189528465e-03
4.568158691406250000e+03 -1.395403756760060787e-03
4.567850585937500000e+03 -1.390001736581325531e-03
4.567542968750000000e+03 -1.385756884701550007e-03
4.567234863281250000e+03 -1.382354879751801491e-03
4.566926757812500000e+03 -1.379565685056149960e-03
4.566619140625000000e+03 -1.377248903736472130e-03
4.566157226562500000e+03 -1.374532817862927914e-03
4.565464355468750000e+03 -1.371565042063593864e-03
4.564425781250000000e+03 -1.368685974739491940e-03
4.562867187500000000e+03 -1.366354059427976608e-03
4.560529296875000000e+03 -1.365009346045553684e-03
4.557022460937500000e+03 -1.364970928989350796e-03
4.551762207031250000e+03 -1.366444164887070656e-03
4.548762695312500000e+03 -1.367541612125933170e-03
4.529059570312500000e+03 -1.376413973048329353e-03
4.509355957031250000e+03 -1.385856536217033863e-03
4.489652832031250000e+03 -1.395633327774703503e-03
4.469949218750000000e+03 -1.405662391334772110e-03
4.450246093750000000e+03 -1.415882725268602371e-03
4.430542480468750000e+03 -1.426235307008028030e-03
4.420690917968750000e+03 -1.431427546776831150e-03
4.410839355468750000e+03 -1.436597667634487152e-03
4.405913574218750000e+03 -1.439171261154115200e-03
4.400987792968750000e+03 -1.441715168766677380e-03
4.396062011718750000e+03 -1.444249297492206097e-03
4.391135742187500000e+03 -1.446748268790543079e-03
4.388672851562500000e+03 -1.447984017431735992e-03
4.386209960937500000e+03 -1.449208939447999001e-03
4.383747070312500000e+03 -1.450426294468343258e-03
4.380052734375000000e+03 -1.452241209335625172e-03
4.376358398437500000e+03 -1.454039243981242180e-03
4.375435058593750000e+03 -1.454479875974357128e-03
4.374511230468750000e+03 -1.454922137781977654e-03
4.373125976562500000e+03 -1.455583958886563778e-03
4.371432617187500000e+03 -1.456388854421675205e-03
4.366506835937500000e+03 -1.452626427635550499e-03
4.365275390625000000e+03 -1.453447272069752216e-03
4.364043945312500000e+03 -1.454492565244436264e-03
4.362812500000000000e+03 -1.455531222745776176e-03
4.361581054687500000e+03 -1.456510857678949833e-03
4.360349609375000000e+03 -1.457442063838243484e-03
4.358502441406250000e+03 -1.458756625652313232e-03
4.355731445312500000e+03 -1.460621017031371593e-03
4.351729003906250000e+03 -1.463196589611470699e-03
4.332025878906250000e+03 -1.475205761380493641e-03
4.312322753906250000e+03 -1.487172092311084270e-03
4.292619140625000000e+03 -1.499249017797410488e-03
4.272916015625000000e+03 -1.511470880359411240e-03
4.263063964843750000e+03 -1.517646713182330132e-03
4.253212402343750000e+03 -1.523850369267165661e-03
4.233509277343750000e+03 -1.536348951049149036e-03
4.228583496093750000e+03 -1.539509277790784836e-03
4.224888671875000000e+03 -1.541873440146446228e-03
4.221194335937500000e+03 -1.544243306852877140e-03
4.215652832031250000e+03 -1.547799678519368172e-03
4.213805664062500000e+03 -1.548989675939083099e-03
4.212574218750000000e+03 -1.549785141833126545e-03
4.211342773437500000e+03 -1.550579559989273548e-03
4.210111328125000000e+03 -1.551372813992202282e-03
4.208264160156250000e+03 -1.552562462165951729e-03
4.205493164062500000e+03 -1.554347574710845947e-03
4.201337402343750000e+03 -1.557026058435440063e-03
4.199778808593750000e+03 -1.558043994009494781e-03
4.197440917968750000e+03 -1.559558440931141376e-03
4.194102539062500000e+03 -1.561720739118754864e-03
4.193486816406250000e+03 -1.562122255563735962e-03
4.192871093750000000e+03 -1.562522025778889656e-03
4.192255371093750000e+03 -1.562922145240008831e-03
4.191331542968750000e+03 -1.563521334901452065e-03
4.189946289062500000e+03 -1.564420061185956001e-03
4.187868164062500000e+03 -1.565767917782068253e-03
4.184750976562500000e+03 -1.567790517583489418e-03
4.183582031250000000e+03 -1.568556297570466995e-03
4.181828613281250000e+03 -1.569698797538876534e-03
4.181171386718750000e+03 -1.570126623846590519e-03
4.180185058593750000e+03 -1.570768654346466064e-03
4.178705566406250000e+03 -1.571733504533767700e-03
4.176486328125000000e+03 -1.573177520185709000e-03
4.174398925781250000e+03 -1.574538182467222214e-03
4.173167480468750000e+03 -1.575344707816839218e-03
4.171936035156250000e+03 -1.576149952597916126e-03
4.170704589843750000e+03 -1.576953334733843803e-03
4.168857421875000000e+03 -1.578158582560718060e-03
4.166086914062500000e+03 -1.579966396093368530e-03
4.161930664062500000e+03 -1.582681434229016304e-03
4.160372070312500000e+03 -1.583711593411862850e-03
4.158813476562500000e+03 -1.584733254276216030e-03
4.157254882812500000e+03 -1.585753983817994595e-03
4.155696289062500000e+03 -1.586776576004922390e-03
4.154695800781250000e+03 -1.587432925589382648e-03
4.153464355468750000e+03 -1.588240847922861576e-03
4.152232910156250000e+03 -1.589048421010375023e-03
4.151001464843750000e+03 -1.589856226928532124e-03
4.149154296875000000e+03 -1.591066946275532246e-03
4.146383300781250000e+03 -1.592884189449250698e-03
4.145344238281250000e+03 -1.593571389093995094e-03
4.144954589843750000e+03 -1.593828201293945312e-03
4.144370117187500000e+03 -1.594212721101939678e-03
4.143493652343750000e+03 -1.594788511283695698e-03
4.142178222656250000e+03 -1.595651963725686073e-03
4.140206054687500000e+03 -1.596947200596332550e-03
4.139466308593750000e+03 -1.597435330040752888e-03
4.138356445312500000e+03 -1.598167000338435173e-03
4.137940429687500000e+03 -1.598440576344728470e-03
4.137316406250000000e+03 -1.598851056769490242e-03
4.136380371093750000e+03 -1.599467126652598381e-03
4.134992187500000000e+03 -1.600379124283790588e-03
4.134684570312500000e+03 -1.600583549588918686e-03
4.134376464843750000e+03 -1.600786345079541206e-03
4.134068847656250000e+03 -1.600988791324198246e-03
4.133606933593750000e+03 -1.601292635314166546e-03
4.132914062500000000e+03 -1.601748517714440823e-03
4.131875000000000000e+03 -1.602431992068886757e-03
4.130316406250000000e+03 -1.603457028977572918e-03
4.127979003906250000e+03 -1.604993711225688457e-03
4.126225585937500000e+03 -1.606148201972246170e-03
4.125567871093750000e+03 -1.606586272828280926e-03
4.124581542968750000e+03 -1.607236452400684357e-03
4.124211914062500000e+03 -1.607479876838624477e-03
4.123656738281250000e+03 -1.607845304533839226e-03
4.122824707031250000e+03 -1.608393620699644089e-03
4.121576660156250000e+03 -1.609215163625776768e-03
4.121108398437500000e+03 -1.609524828381836414e-03
4.120406250000000000e+03 -1.609987579286098480e-03
4.119353027343750000e+03 -1.610681298188865185e-03
4.117773437500000000e+03 -1.611719955690205097e-03
4.117180664062500000e+03 -1.612111576832830906e-03
4.116291992187500000e+03 -1.612697378732264042e-03
4.115289062500000000e+03 -1.613359083421528339e-03
4.114980957031250000e+03 -1.613561762496829033e-03
4.114673339843750000e+03 -1.613765605725347996e-03
4.114211425781250000e+03 -1.614069915376603603e-03
4.113518554687500000e+03 -1.614526379853487015e-03
4.112479492187500000e+03 -1.615210087038576603e-03
4.112089843750000000e+03 -1.615467481315135956e-03
4.111505371093750000e+03 -1.615852816030383110e-03
4.110628906250000000e+03 -1.616430701687932014e-03
4.109313964843750000e+03 -1.617294852621853352e-03
4.108820800781250000e+03 -1.617621164768934250e-03
4.108081054687500000e+03 -1.618109061382710934e-03
4.107803710937500000e+03 -1.618291717022657394e-03
4.107387695312500000e+03 -1.618565642274916172e-03
4.106763183593750000e+03 -1.618976704776287079e-03
4.105827148437500000e+03 -1.619592891074717045e-03
4.104422851562500000e+03 -1.620516413822770119e-03
4.103896484375000000e+03 -1.620864029973745346e-03
4.103106445312500000e+03 -1.621385803446173668e-03
4.102810058593750000e+03 -1.621580566279590130e-03
4.102365722656250000e+03 -1.621873001568019390e-03
4.101699218750000000e+03 -1.622312003746628761e-03
4.100699707031250000e+03 -1.622969051823019981e-03
4.100324707031250000e+03 -1.623217249289155006e-03
4.099762207031250000e+03 -1.623587217181921005e-03
4.098918945312500000e+03 -1.624141703359782696e-03
4.098602539062500000e+03 -1.624350436031818390e-03
4.098127929687500000e+03 -1.624662894755601883e-03
4.097416503906250000e+03 -1.625130535103380680e-03
4.096348632812500000e+03 -1.625831937417387962e-03
4.095585693359375000e+03 -1.626334735192358494e-03
4.094969970703125000e+03 -1.626740326173603535e-03
4.094354248046875000e+03 -1.627144403755664825e-03
4.093738525390625000e+03 -1.627549878321588039e-03
4.092814941406250000e+03 -1.628155587241053581e-03
4.092468505859375000e+03 -1.628384110517799854e-03
4.091948974609375000e+03 -1.628726022318005562e-03
4.091169677734375000e+03 -1.629237667657434940e-03
4.090000732421875000e+03 -1.630003913305699825e-03
4.089562500000000000e+03 -1.630293321795761585e-03
4.088904785156250000e+03 -1.630725455470383167e-03
4.087918701171875000e+03 -1.631372724659740925e-03
4.087548828125000000e+03 -1.631616381928324699e-03
4.086993896484375000e+03 -1.631980412639677525e-03
4.086161865234375000e+03 -1.632525818422436714e-03
4.085849853515625000e+03 -1.632731291465461254e-03
4.085381591796875000e+03 -1.633038627915084362e-03
4.084679443359375000e+03 -1.633499516174197197e-03
4.083626220703125000e+03 -1.634188462048768997e-03
4.083231201171875000e+03 -1.634449115954339504e-03
4.082638916015625000e+03 -1.634837361052632332e-03
4.081750244140625000e+03 -1.635420601814985275e-03
4.081416992187500000e+03 -1.635638531297445297e-03
4.080916992187500000e+03 -1.635966240428388119e-03
4.080167236328125000e+03 -1.636457745917141438e-03
4.079886230468750000e+03 -1.636642380617558956e-03
4.079464355468750000e+03 -1.636918401345610619e-03
4.078831787109375000e+03 -1.637333305552601814e-03
4.077882812500000000e+03 -1.637953566387295723e-03
4.076459228515625000e+03 -1.638884190469980240e-03
4.075882324218750000e+03 -1.639263704419136047e-03
4.075266601562500000e+03 -1.639669528231024742e-03
4.074650878906250000e+03 -1.640071510337293148e-03
4.074035156250000000e+03 -1.640475005842745304e-03
4.073111572265625000e+03 -1.641078037209808826e-03
4.072765136718750000e+03 -1.641305629163980484e-03
4.072245605468750000e+03 -1.641646493226289749e-03
4.071466308593750000e+03 -1.642155926674604416e-03
4.070297363281250000e+03 -1.642919611185789108e-03
4.069859130859375000e+03 -1.643207506276667118e-03
4.069201416015625000e+03 -1.643637428060173988e-03
4.068955078125000000e+03 -1.643799943849444389e-03
4.068585205078125000e+03 -1.644042320549488068e-03
4.068030273437500000e+03 -1.644404488615691662e-03
4.067198242187500000e+03 -1.644948497414588928e-03
4.065949951171875000e+03 -1.645763637498021126e-03
4.065481689453125000e+03 -1.646072836592793465e-03
4.064779541015625000e+03 -1.646532095037400723e-03
4.063726318359375000e+03 -1.647220575250685215e-03
4.063331542968750000e+03 -1.647479832172393799e-03
4.062739013671875000e+03 -1.647867145948112011e-03
4.061850341796875000e+03 -1.648448174819350243e-03
4.060517333984375000e+03 -1.649319310672581196e-03
4.060017578125000000e+03 -1.649648183956742287e-03
4.059267822265625000e+03 -1.650140620768070221e-03
4.058143066406250000e+03 -1.650877180509269238e-03
4.057721191406250000e+03 -1.651153084821999073e-03
4.057088623046875000e+03 -1.651568338274955750e-03
4.056178955078125000e+03 -1.652164733968675137e-03
4.055871093750000000e+03 -1.652366132475435734e-03
4.055563232421875000e+03 -1.652567996643483639e-03
4.055101318359375000e+03 -1.652871025726199150e-03
4.054408691406250000e+03 -1.653325394727289677e-03
4.054148925781250000e+03 -1.653495593927800655e-03
4.053759277343750000e+03 -1.653750892728567123e-03
4.053174804687500000e+03 -1.654134248383343220e-03
4.052298095703125000e+03 -1.654710154980421066e-03
4.051969482421875000e+03 -1.654925639741122723e-03
4.051476318359375000e+03 -1.655249157920479774e-03
4.050736572265625000e+03 -1.655734959058463573e-03
4.050459228515625000e+03 -1.655917847529053688e-03
4.050042968750000000e+03 -1.656191190704703331e-03
4.049418945312500000e+03 -1.656600972637534142e-03
4.048482666015625000e+03 -1.657216576859354973e-03
4.048131591796875000e+03 -1.657447079196572304e-03
4.047604980468750000e+03 -1.657793298363685608e-03
4.046815185546875000e+03 -1.658313092775642872e-03
4.046518798828125000e+03 -1.658508670516312122e-03
4.046074462890625000e+03 -1.658800989389419556e-03
4.045407958984375000e+03 -1.659239525906741619e-03
4.045158203125000000e+03 -1.659404370002448559e-03
4.044783203125000000e+03 -1.659651403315365314e-03
4.044220947265625000e+03 -1.660021487623453140e-03
4.043377441406250000e+03 -1.660577021539211273e-03
4.043061035156250000e+03 -1.660786452703177929e-03
4.042586669921875000e+03 -1.661099842749536037e-03
4.041874755859375000e+03 -1.661568880081176758e-03
4.041607910156250000e+03 -1.661745249293744564e-03
4.041207519531250000e+03 -1.662009744904935360e-03
4.040607177734375000e+03 -1.662406022660434246e-03
4.039706298828125000e+03 -1.663001603446900845e-03
4.038805419921875000e+03 -1.663596020080149174e-03
4.037904785156250000e+03 -1.664191833697259426e-03
4.036553466796875000e+03 -1.665084622800350189e-03
4.036475585937500000e+03 -1.665140734985470772e-03
4.036167724609375000e+03 -1.665343530476093292e-03
4.035859863281250000e+03 -1.665547257289290428e-03
4.035397949218750000e+03 -1.665853313170373440e-03
4.034705322265625000e+03 -1.666312920860946178e-03
4.034445556640625000e+03 -1.666485215537250042e-03
4.034055908203125000e+03 -1.666743657551705837e-03
4.033471435546875000e+03 -1.667131553404033184e-03
4.032594726562500000e+03 -1.667714561335742474e-03
4.031718017578125000e+03 -1.668297220021486282e-03
4.030841308593750000e+03 -1.668880577199161053e-03
4.030512695312500000e+03 -1.669099088758230209e-03
4.030019531250000000e+03 -1.669427379965782166e-03
4.029279785156250000e+03 -1.669920282438397408e-03
4.029002441406250000e+03 -1.670105382800102234e-03
4.028586181640625000e+03 -1.670383033342659473e-03
4.027962158203125000e+03 -1.670798868872225285e-03
4.027025878906250000e+03 -1.671423786319792271e-03
4.026674804687500000e+03 -1.671658828854560852e-03
4.026148193359375000e+03 -1.672010635957121849e-03
4.025358398437500000e+03 -1.672538695856928825e-03
4.025062255859375000e+03 -1.672736601904034615e-03
4.024617919921875000e+03 -1.673033810220658779e-03
4.023951416015625000e+03 -1.673480030149221420e-03
4.023701416015625000e+03 -1.673647668212652206e-03
4.023326416015625000e+03 -1.673899008892476559e-03
4.022951660156250000e+03 -1.674150116741657257e-03
4.022576660156250000e+03 -1.674401573836803436e-03
4.022014404296875000e+03 -1.674778410233557224e-03
4.021170898437500000e+03 -1.675344421528279781e-03
4.020854492187500000e+03 -1.675556995905935764e-03
4.020380126953125000e+03 -1.675875741057097912e-03
4.019668212890625000e+03 -1.676353858783841133e-03
4.019401367187500000e+03 -1.676533604040741920e-03
4.019000976562500000e+03 -1.676802756264805794e-03
4.018400634765625000e+03 -1.677207183092832565e-03
4.017499755859375000e+03 -1.677813706919550896e-03
4.016772216796875000e+03 -1.678303931839764118e-03
4.016464355468750000e+03 -1.678511849604547024e-03
4.016156494140625000e+03 -1.678719650954008102e-03
4.015848632812500000e+03 -1.678927335888147354e-03
4.015386718750000000e+03 -1.679238863289356232e-03
4.014694091796875000e+03 -1.679706620052456856e-03
4.014434326171875000e+03 -1.679882290773093700e-03
4.014044677734375000e+03 -1.680145622231066227e-03
4.013460205078125000e+03 -1.680540968663990498e-03
4.012583496093750000e+03 -1.681134104728698730e-03
4.011706787109375000e+03 -1.681728055700659752e-03
4.010830078125000000e+03 -1.682322239503264427e-03
4.009953369140625000e+03 -1.682916423305869102e-03
4.009076660156250000e+03 -1.683511422015726566e-03
4.007761718750000000e+03 -1.684404211118817329e-03
4.007515136718750000e+03 -1.684573944658041000e-03
4.007145263671875000e+03 -1.684825983829796314e-03
4.006590576171875000e+03 -1.685203053057193756e-03
4.005758300781250000e+03 -1.685769530013203621e-03
4.005446289062500000e+03 -1.685982453636825085e-03
4.004978271484375000e+03 -1.686301548033952713e-03
4.004276123046875000e+03 -1.686780247837305069e-03
4.003222900390625000e+03 -1.687498763203620911e-03
4.002827880859375000e+03 -1.687768963165581226e-03
4.002235351562500000e+03 -1.688173622824251652e-03
4.001346679687500000e+03 -1.688781892880797386e-03
4.000458007812500000e+03 -1.689389930106699467e-03
3.999569580078125000e+03 -1.689998898655176163e-03
3.998680908203125000e+03 -1.690608100034296513e-03
3.997792236328125000e+03 -1.691217301413416862e-03
3.997068847656250000e+03 -1.691713812761008739e-03
3.996760986328125000e+03 -1.691926154308021069e-03
3.996453125000000000e+03 -1.692137797363102436e-03
3.996145263671875000e+03 -1.692349207587540150e-03
3.995683349609375000e+03 -1.692666555754840374e-03
3.994990722656250000e+03 -1.693143043667078018e-03
3.994730957031250000e+03 -1.693321741186082363e-03
3.994341308593750000e+03 -1.693589845672249794e-03
3.993756835937500000e+03 -1.693992293439805508e-03
3.992880126953125000e+03 -1.694596139714121819e-03
3.992003417968750000e+03 -1.695200451649725437e-03
3.991126708984375000e+03 -1.695805345661938190e-03
3.990250000000000000e+03 -1.696410705335438251e-03
3.989373535156250000e+03 -1.697016763500869274e-03
3.988496826171875000e+03 -1.697622472420334816e-03
3.987620117187500000e+03 -1.698228763416409492e-03
3.986304931640625000e+03 -1.699139014817774296e-03
3.985811767578125000e+03 -1.699481275863945484e-03
3.985072265625000000e+03 -1.699995249509811401e-03
3.984794677734375000e+03 -1.700187567621469498e-03
3.984378662109375000e+03 -1.700476161204278469e-03
3.983754638671875000e+03 -1.700909342616796494e-03
3.982818359375000000e+03 -1.701559289358556271e-03
3.981414062500000000e+03 -1.702533569186925888e-03
3.980887451171875000e+03 -1.702901325188577175e-03
3.980097412109375000e+03 -1.703451736830174923e-03
3.979307617187500000e+03 -1.704001566395163536e-03
3.978517578125000000e+03 -1.704551745206117630e-03
3.977365478515625000e+03 -1.705354312434792519e-03
3.977057617187500000e+03 -1.705570612102746964e-03
3.976749755859375000e+03 -1.705785514786839485e-03
3.976441894531250000e+03 -1.706000417470932007e-03
3.975980224609375000e+03 -1.706322887912392616e-03
3.975287353515625000e+03 -1.706806477159261703e-03
3.975027587890625000e+03 -1.706988201476633549e-03
3.974767822265625000e+03 -1.707169809378683567e-03
3.974508056640625000e+03 -1.707351417280733585e-03
3.974248291015625000e+03 -1.707533025182783604e-03
3.973858642578125000e+03 -1.707805437035858631e-03
3.973274169921875000e+03 -1.708214171230792999e-03
3.972397460937500000e+03 -1.708827214315533638e-03
3.971082519531250000e+03 -1.709747361019253731e-03
3.970589355468750000e+03 -1.710093929432332516e-03
3.969849609375000000e+03 -1.710612559691071510e-03
3.969572265625000000e+03 -1.710806973278522491e-03
3.969156250000000000e+03 -1.711098826490342617e-03
3.968531982421875000e+03 -1.711536897346377373e-03
3.967595947265625000e+03 -1.712193712592124939e-03
3.966191650390625000e+03 -1.713179284706711769e-03
3.965665039062500000e+03 -1.713550882413983345e-03
3.965138427734375000e+03 -1.713921315968036652e-03
3.964611816406250000e+03 -1.714291749522089958e-03
3.964085205078125000e+03 -1.714662532322108746e-03
3.963558593750000000e+03 -1.715033198706805706e-03
3.963031982421875000e+03 -1.715404214337468147e-03
3.962505371093750000e+03 -1.715775113552808762e-03
3.961978759765625000e+03 -1.716146129183471203e-03
3.961188720703125000e+03 -1.716702710837125778e-03
3.960003906250000000e+03 -1.717538107186555862e-03
3.958226562500000000e+03 -1.718791318126022816e-03
3.957662109375000000e+03 -1.719192368909716606e-03
3.957354248046875000e+03 -1.719409832730889320e-03
3.957046386718750000e+03 -1.719627529382705688e-03
3.956738525390625000e+03 -1.719845226034522057e-03
3.956276855468750000e+03 -1.720171887427568436e-03
3.955583984375000000e+03 -1.720661763101816177e-03
3.955324218750000000e+03 -1.720845699310302734e-03
3.954934570312500000e+03 -1.721121487207710743e-03
3.954544921875000000e+03 -1.721397275105118752e-03
3.954155273437500000e+03 -1.721673295833170414e-03
3.953765625000000000e+03 -1.721949200145900249e-03
3.953375976562500000e+03 -1.722225337289273739e-03
3.952986328125000000e+03 -1.722501358017325401e-03
3.952596923828125000e+03 -1.722777495160698891e-03
3.952012451171875000e+03 -1.723191584460437298e-03
3.951135742187500000e+03 -1.723813125863671303e-03
3.949820556640625000e+03 -1.724745496176183224e-03
3.949327392578125000e+03 -1.725096721202135086e-03
3.948834228515625000e+03 -1.725446898490190506e-03
3.948341308593750000e+03 -1.725797308608889580e-03
3.947848144531250000e+03 -1.726147602312266827e-03
3.947108398437500000e+03 -1.726673101074993610e-03
3.946831054687500000e+03 -1.726870890706777573e-03
3.946553466796875000e+03 -1.727068214677274227e-03
3.946276123046875000e+03 -1.727265422232449055e-03
3.945998779296875000e+03 -1.727462862618267536e-03
3.945721435546875000e+03 -1.727660186588764191e-03
3.945444091796875000e+03 -1.727857626974582672e-03
3.945166503906250000e+03 -1.728055067360401154e-03
3.944889160156250000e+03 -1.728252624161541462e-03
3.944611816406250000e+03 -1.728450064547359943e-03
3.944334472656250000e+03 -1.728647621348500252e-03
3.944057128906250000e+03 -1.728845178149640560e-03
3.943779541015625000e+03 -1.729042734950780869e-03
3.943502197265625000e+03 -1.729240408167243004e-03
3.943224853515625000e+03 -1.729438081383705139e-03
3.942947509765625000e+03 -1.729635638184845448e-03
3.942670166015625000e+03 -1.729833427816629410e-03
3.942392578125000000e+03 -1.730031101033091545e-03
3.942115234375000000e+03 -1.730228890664875507e-03
3.941837890625000000e+03 -1.730426680296659470e-03
3.941560546875000000e+03 -1.730624469928443432e-03
3.941283203125000000e+03 -1.730822259560227394e-03
3.941005615234375000e+03 -1.731020282022655010e-03
3.940728271484375000e+03 -1.731218071654438972e-03
3.940450927734375000e+03 -1.731416094116866589e-03
3.940173583984375000e+03 -1.731614000163972378e-03
3.939896240234375000e+03 -1.731812022626399994e-03
3.939618896484375000e+03 -1.732010045088827610e-03
3.939341308593750000e+03 -1.732208067551255226e-03
3.939063964843750000e+03 -1.732406206429004669e-03
3.938786621093750000e+03 -1.732604228891432285e-03
3.938509277343750000e+03 -1.732802367769181728e-03
3.938231933593750000e+03 -1.733000506646931171e-03
3.937958740234375000e+03 -1.733195618726313114e-03
3.937650878906250000e+03 -1.733415527269244194e-03
3.937343017578125000e+03 -1.733635668642818928e-03
3.937035156250000000e+03 -1.733855693601071835e-03
3.936573486328125000e+03 -1.734185847453773022e-03
3.935880615234375000e+03 -1.734680728986859322e-03
3.935620849609375000e+03 -1.734866993501782417e-03
3.935361083984375000e+03 -1.735052908770740032e-03
3.935101318359375000e+03 -1.735238707624375820e-03
3.934841552734375000e+03 -1.735424622893333435e-03
3.934581787109375000e+03 -1.735610654577612877e-03
3.934322021484375000e+03 -1.735796569846570492e-03
3.933932617187500000e+03 -1.736075500957667828e-03
3.933348144531250000e+03 -1.736493897624313831e-03
3.932471435546875000e+03 -1.737121841870248318e-03
3.931594726562500000e+03 -1.737749902531504631e-03
3.930718017578125000e+03 -1.738378079608082771e-03
3.929402832031250000e+03 -1.739320810884237289e-03
3.928909667968750000e+03 -1.739675179123878479e-03
3.928170166015625000e+03 -1.740206615068018436e-03
3.927892578125000000e+03 -1.740406383760273457e-03
3.927615234375000000e+03 -1.740605686791241169e-03
3.927337890625000000e+03 -1.740804989822208881e-03
3.927060546875000000e+03 -1.741004292853176594e-03
3.926644531250000000e+03 -1.741303480230271816e-03
3.926228271484375000e+03 -1.741602551192045212e-03
3.925812255859375000e+03 -1.741901738569140434e-03
3.925396240234375000e+03 -1.742200925946235657e-03
3.924979980468750000e+03 -1.742500113323330879e-03
3.924355957031250000e+03 -1.742948894388973713e-03
3.923419677734375000e+03 -1.743622357025742531e-03
3.922015380859375000e+03 -1.744632492773234844e-03
3.919908935546875000e+03 -1.746148802340030670e-03
3.919495605468750000e+03 -1.746448921039700508e-03
3.918875488281250000e+03 -1.746897120028734207e-03
3.918255371093750000e+03 -1.747343922033905983e-03
3.917947509765625000e+03 -1.747566158883273602e-03
3.917639648437500000e+03 -1.747788395732641220e-03
3.917177978515625000e+03 -1.748122391290962696e-03
3.916485107421875000e+03 -1.748622395098209381e-03
3.915446289062500000e+03 -1.749373041093349457e-03
3.915056640625000000e+03 -1.749654766172170639e-03
3.914666992187500000e+03 -1.749936607666313648e-03
3.914277343750000000e+03 -1.750218216329813004e-03
3.913692871093750000e+03 -1.750640687532722950e-03
3.912816162109375000e+03 -1.751274685375392437e-03
3.911500976562500000e+03 -1.752225449308753014e-03
3.911007812500000000e+03 -1.752582960762083530e-03
3.910822998046875000e+03 -1.752717769704759121e-03
3.910637939453125000e+03 -1.752851647324860096e-03
3.910453125000000000e+03 -1.752985641360282898e-03
3.910268310546875000e+03 -1.753119635395705700e-03
3.909990722656250000e+03 -1.753320684656500816e-03
3.909574707031250000e+03 -1.753622083924710751e-03
3.908950683593750000e+03 -1.754074241034686565e-03
3.908014404296875000e+03 -1.754752593114972115e-03
3.907663330078125000e+03 -1.755007775500416756e-03
3.907312255859375000e+03 -1.755262375809252262e-03
3.906961181640625000e+03 -1.755517092533409595e-03
3.906610107421875000e+03 -1.755771809257566929e-03
3.906083496093750000e+03 -1.756153884343802929e-03
3.905293701171875000e+03 -1.756727346219122410e-03
3.904503662109375000e+03 -1.757300691679120064e-03
3.903713867187500000e+03 -1.757874619215726852e-03
3.902923828125000000e+03 -1.758448313921689987e-03
3.902134033203125000e+03 -1.759022474288940430e-03
3.900948974609375000e+03 -1.759883132763206959e-03
3.900504638671875000e+03 -1.760207698680460453e-03
3.900060302734375000e+03 -1.760530984029173851e-03
3.899615966796875000e+03 -1.760854502208530903e-03
3.899171630859375000e+03 -1.761177903972566128e-03
3.898552001953125000e+03 -1.761629013344645500e-03
3.898244140625000000e+03 -1.761853345669806004e-03
3.897936279296875000e+03 -1.762077561579644680e-03
3.897474609375000000e+03 -1.762414234690368176e-03
3.896781982421875000e+03 -1.762919127941131592e-03
3.895742919921875000e+03 -1.763675478287041187e-03
3.895353271484375000e+03 -1.763959997333586216e-03
3.894768798828125000e+03 -1.764386659488081932e-03
3.894184326171875000e+03 -1.764813205227255821e-03
3.893599853515625000e+03 -1.765239634551107883e-03
3.893015380859375000e+03 -1.765666063874959946e-03
3.892430908203125000e+03 -1.766092842444777489e-03
3.891554199218750000e+03 -1.766732777468860149e-03
3.890239257812500000e+03 -1.767692621797323227e-03
3.889746093750000000e+03 -1.768054324202239513e-03
3.889252929687500000e+03 -1.768414862453937531e-03
3.888759765625000000e+03 -1.768775633536279202e-03
3.888266601562500000e+03 -1.769136288203299046e-03
3.887526855468750000e+03 -1.769677386619150639e-03
3.887249511718750000e+03 -1.769880764186382294e-03
3.887041503906250000e+03 -1.770033035427331924e-03
3.886833496093750000e+03 -1.770185423083603382e-03
3.886625244140625000e+03 -1.770337694324553013e-03
3.886313232421875000e+03 -1.770566217601299286e-03
3.885845214843750000e+03 -1.770909060724079609e-03
3.885377197265625000e+03 -1.771251787431538105e-03
3.884908935546875000e+03 -1.771594746969640255e-03
3.884440917968750000e+03 -1.771937706507742405e-03
3.883972900390625000e+03 -1.772280666045844555e-03
3.883270751953125000e+03 -1.772795105352997780e-03
3.882217529296875000e+03 -1.773566938936710358e-03
3.880637695312500000e+03 -1.774724572896957397e-03
3.880190429687500000e+03 -1.775054261088371277e-03
3.879854980468750000e+03 -1.775300595909357071e-03
3.879603515625000000e+03 -1.775485463440418243e-03
3.879351806640625000e+03 -1.775670214556157589e-03
3.879100341796875000e+03 -1.775855082087218761e-03
3.878848632812500000e+03 -1.776039949618279934e-03
3.878540771484375000e+03 -1.776266028173267841e-03
3.878232910156250000e+03 -1.776492339558899403e-03
3.877771240234375000e+03 -1.776831690222024918e-03
3.877078613281250000e+03 -1.777340774424374104e-03
3.876039550781250000e+03 -1.778103644028306007e-03
3.875649902343750000e+03 -1.778391073457896709e-03
3.875260253906250000e+03 -1.778677687980234623e-03
3.874870605468750000e+03 -1.778964302502572536e-03
3.874480957031250000e+03 -1.779251033440232277e-03
3.873896484375000000e+03 -1.779681071639060974e-03
3.873677246093750000e+03 -1.779842656105756760e-03
3.873512939453125000e+03 -1.779963728040456772e-03
3.873389648437500000e+03 -1.780054531991481781e-03
3.873266357421875000e+03 -1.780145335942506790e-03
3.873143066406250000e+03 -1.780236139893531799e-03
3.873019775390625000e+03 -1.780326943844556808e-03
3.872896484375000000e+03 -1.780417747795581818e-03
3.872773193359375000e+03 -1.780508551746606827e-03
3.872649902343750000e+03 -1.780599355697631836e-03
3.872526611328125000e+03 -1.780690159648656845e-03
3.872403320312500000e+03 -1.780780963599681854e-03
3.872280029296875000e+03 -1.780871883966028690e-03
3.872156738281250000e+03 -1.780962687917053699e-03
3.872033447265625000e+03 -1.781053491868078709e-03
3.871910156250000000e+03 -1.781144295819103718e-03
3.871786865234375000e+03 -1.781235216185450554e-03
3.871663574218750000e+03 -1.781326020136475563e-03
3.871540283203125000e+03 -1.781416824087500572e-03
3.871416992187500000e+03 -1.781507744453847408e-03
3.871293701171875000e+03 -1.781598548404872417e-03
3.871170410156250000e+03 -1.781689468771219254e-03
3.871047119140625000e+03 -1.781780272722244263e-03
3.870923828125000000e+03 -1.781871193088591099e-03
3.870800537109375000e+03 -1.781961997039616108e-03
3.870677246093750000e+03 -1.782052917405962944e-03
3.870553955078125000e+03 -1.782143721356987953e-03
3.870430664062500000e+03 -1.782234641723334789e-03
3.870307373046875000e+03 -1.782325562089681625e-03
3.870184082031250000e+03 -1.782416366040706635e-03
3.870060791015625000e+03 -1.782507286407053471e-03
3.869937744140625000e+03 -1.782598206773400307e-03
3.869814453125000000e+03 -1.782689127139747143e-03
3.869691162109375000e+03 -1.782780047506093979e-03
3.869567871093750000e+03 -1.782870967872440815e-03
3.869444580078125000e+03 -1.782961888238787651e-03
3.869321289062500000e+03 -1.783052692189812660e-03
3.869197998046875000e+03 -1.783143728971481323e-03
3.869074707031250000e+03 -1.783234649337828159e-03
3.868951416015625000e+03 -1.783325569704174995e-03
3.868828125000000000e+03 -1.783416490070521832e-03
3.868704833984375000e+03 -1.783507410436868668e-03
3.868581542968750000e+03 -1.783598330803215504e-03
3.868458251953125000e+03 -1.783689251169562340e-03
3.868334960937500000e+03 -1.783780287951231003e-03
3.868149902343750000e+03 -1.783916726708412170e-03
3.867872558593750000e+03 -1.784121268428862095e-03
3.867456542968750000e+03 -1.784428255632519722e-03
3.867040527343750000e+03 -1.784735242836177349e-03
3.866624267578125000e+03 -1.785042346455156803e-03
3.866000244140625000e+03 -1.785503001883625984e-03
3.865063964843750000e+03 -1.786193926818668842e-03
3.865058593750000000e+03 -1.786193926818668842e-03
