5.652115722656250000e+03 0.000000000000000000e+00
5.645079101562500000e+03 -6.066707283025607467e-05
5.638042480468750000e+03 -1.127708528656512499e-04
5.627486816406250000e+03 -1.405578368576243520e-04
5.623968750000000000e+03 -1.423854264430701733e-04
5.623968750000000000e+03 -1.423854264430701733e-04
5.595821289062500000e+03 -1.694793609203770757e-04
5.595821289062500000e+03 -1.694793609203770757e-04
5.567673828125000000e+03 -2.138340059900656343e-04
5.567673828125000000e+03 -2.138340059900656343e-04
5.539526367187500000e+03 -2.712462155614048243e-04
5.539526367187500000e+03 -2.712462155614048243e-04
5.511378906250000000e+03 -3.387120959814637899e-04
5.511378906250000000e+03 -3.387120959814637899e-04
5.509619628906250000e+03 -3.432027588132768869e-04
5.507860351562500000e+03 -3.477102727629244328e-04
5.507530761718750000e+03 -3.485556226223707199e-04
5.507283203125000000e+03 -3.491875831969082355e-04
5.507097656250000000e+03 -3.496592980809509754e-04
5.506912109375000000e+03 -3.501272876746952534e-04
5.506726562500000000e+03 -3.505887580104172230e-04
5.506541015625000000e+03 -3.510393435135483742e-04
5.506355468750000000e+03 -3.514741256367415190e-04
5.506169921875000000e+03 -3.518902813084423542e-04
5.505984375000000000e+03 -3.522894112393260002e-04
5.505798828125000000e+03 -3.526795771904289722e-04
5.505520507812500000e+03 -3.532405535224825144e-04
5.505103027343750000e+03 -3.541554615367203951e-04
5.504685546875000000e+03 -3.550694964360445738e-04
5.504268066406250000e+03 -3.559888282325118780e-04
5.503850585937500000e+03 -3.569122636690735817e-04
5.503433593750000000e+03 -3.578409377951174974e-04
5.502807128906250000e+03 -3.592204302549362183e-04
5.501867675781250000e+03 -3.613524313550442457e-04
5.500928710937500000e+03 -3.634840541053563356e-04
5.499989257812500000e+03 -3.656323242466896772e-04
5.498580078125000000e+03 -3.688829019665718079e-04
5.496466796875000000e+03 -3.738185041584074497e-04
5.493296875000000000e+03 -3.813460934907197952e-04
5.488541503906250000e+03 -3.928754013031721115e-04
5.483231445312500000e+03 -4.060275969095528126e-04
5.483231445312500000e+03 -4.060275969095528126e-04
5.455084472656250000e+03 -4.780699964612722397e-04
5.455084472656250000e+03 -4.780699964612722397e-04
5.426937011718750000e+03 -5.454240017570555210e-04
5.426937011718750000e+03 -5.454240017570555210e-04
5.398789550781250000e+03 -5.996791878715157509e-04
5.398789550781250000e+03 -5.996791878715157509e-04
5.370642089843750000e+03 -6.520522292703390121e-04
5.370642089843750000e+03 -6.520522292703390121e-04
5.363605468750000000e+03 -6.648232229053974152e-04
5.356568359375000000e+03 -6.765510188415646553e-04
5.354809082031250000e+03 -6.787725724279880524e-04
5.354369628906250000e+03 -6.791559862904250622e-04
5.353929687500000000e+03 -6.794185028411448002e-04
5.353489746093750000e+03 -6.792875938117504120e-04
5.353407226562500000e+03 -6.791501073166728020e-04
5.353283691406250000e+03 -6.785599980503320694e-04
5.353189941406250000e+03 -5.824498948641121387e-04
5.352999511718750000e+03 -5.811753217130899429e-04
5.352904296875000000e+03 -5.813805619254708290e-04
5.352761230468750000e+03 -5.816885968670248985e-04
5.352546875000000000e+03 -5.821508239023387432e-04
5.352225097656250000e+03 -5.828447174280881882e-04
5.351742675781250000e+03 -5.838866927661001682e-04
5.351018554687500000e+03 -5.854522460140287876e-04
5.349933105468750000e+03 -5.878063966520130634e-04
5.348304199218750000e+03 -5.913505447097122669e-04
5.345861328125000000e+03 -5.966958706267178059e-04
5.342494628906250000e+03 -6.041200831532478333e-04
5.342494628906250000e+03 -6.041200831532478333e-04
5.314347167968750000e+03 -6.687387940473854542e-04
5.314347167968750000e+03 -6.687387940473854542e-04
5.286199707031250000e+03 -7.376736612059175968e-04
5.286199707031250000e+03 -7.376736612059175968e-04
5.258052734375000000e+03 -8.105865563265979290e-04
5.258052734375000000e+03 -8.105865563265979290e-04
5.229905273437500000e+03 -8.871583850122988224e-04
5.229905273437500000e+03 -8.871583850122988224e-04
5.201757812500000000e+03 -9.670847211964428425e-04
5.201757812500000000e+03 -9.670847211964428425e-04
5.173610351562500000e+03 -1.050074934028089046e-03
5.173610351562500000e+03 -1.050074934028089046e-03
5.145463378906250000e+03 -1.135847065597772598e-03
5.145463378906250000e+03 -1.135847065597772598e-03
5.117315917968750000e+03 -1.224120962433516979e-03
5.117315917968750000e+03 -1.224120962433516979e-03
5.089168945312500000e+03 -1.314610475674271584e-03
5.089168945312500000e+03 -1.314610475674271584e-03
5.061021484375000000e+03 -1.407015020959079266e-03
5.061021484375000000e+03 -1.407015020959079266e-03
5.032874023437500000e+03 -1.501010265201330185e-03
5.032874023437500000e+03 -1.501010265201330185e-03
5.004727050781250000e+03 -1.596237183548510075e-03
5.004727050781250000e+03 -1.596237183548510075e-03
4.976579589843750000e+03 -1.692290534265339375e-03
4.976579589843750000e+03 -1.692290534265339375e-03
4.948432128906250000e+03 -1.788705005310475826e-03
4.948432128906250000e+03 -1.788705005310475826e-03
4.920285156250000000e+03 -1.884942757897078991e-03
4.920285156250000000e+03 -1.884942757897078991e-03
4.913248046875000000e+03 -1.908920938149094582e-03
4.906211425781250000e+03 -1.932817394845187664e-03
4.906168945312500000e+03 -1.932817394845187664e-03
