5.652115722656250000e+03 0.000000000000000000e+00
5.645079101562500000e+03 -6.131516420282423496e-05
5.638042480468750000e+03 -1.141915417974814773e-04
5.627486816406250000e+03 -1.449067058274522424e-04
5.623968750000000000e+03 -1.465799869038164616e-04
5.623968750000000000e+03 -1.465799869038164616e-04
5.595821289062500000e+03 -1.716061524348333478e-04
5.595821289062500000e+03 -1.716061524348333478e-04
5.567673828125000000e+03 -2.153126552002504468e-04
5.567673828125000000e+03 -2.153126552002504468e-04
5.539526367187500000e+03 -2.725255326367914677e-04
5.539526367187500000e+03 -2.725255326367914677e-04
5.511378906250000000e+03 -3.399312845431268215e-04
5.511378906250000000e+03 -3.399312845431268215e-04
5.504342285156250000e+03 -3.580340999178588390e-04
5.497305175781250000e+03 -3.765465517062693834e-04
5.486750000000000000e+03 -4.049657145515084267e-04
5.483231445312500000e+03 -4.145864804740995169e-04
5.483231445312500000e+03 -4.145864804740995169e-04
5.476194824218750000e+03 -4.339122679084539413e-04
5.469158203125000000e+03 -4.520718066487461329e-04
5.462121093750000000e+03 -4.669503541663289070e-04
5.455084472656250000e+03 -4.820513713639229536e-04
5.455084472656250000e+03 -4.820513713639229536e-04
5.426937011718750000e+03 -5.480796680785715580e-04
5.426937011718750000e+03 -5.480796680785715580e-04
5.398789550781250000e+03 -6.022378220222890377e-04
5.398789550781250000e+03 -6.022378220222890377e-04
5.370642089843750000e+03 -6.542297778651118279e-04
5.370642089843750000e+03 -6.542297778651118279e-04
5.363605468750000000e+03 -6.671742885373532772e-04
5.356568359375000000e+03 -6.797299138270318508e-04
5.353929687500000000e+03 -6.842467118985950947e-04
5.349971679687500000e+03 -6.904149195179343224e-04
5.348487304687500000e+03 -6.925033521838486195e-04
5.346260742187500000e+03 -6.949643138796091080e-04
5.345425781250000000e+03 -6.956730503588914871e-04
5.344173339843750000e+03 -6.961781182326376438e-04
5.342494628906250000e+03 -6.940823514014482498e-04
5.342494628906250000e+03 -6.940823514014482498e-04
5.342055175781250000e+03 -6.930071976967155933e-04
5.341615234375000000e+03 -6.915020057931542397e-04
5.340955566406250000e+03 -6.875057006254792213e-04
5.339965820312500000e+03 -6.705402047373354435e-04
5.338976074218750000e+03 -6.441884906962513924e-04
5.338729003906250000e+03 -6.381743587553501129e-04
5.338481445312500000e+03 -6.336551741696894169e-04
5.338110351562500000e+03 -6.286387215368449688e-04
5.337553710937500000e+03 -6.240994553081691265e-04
5.336997070312500000e+03 -6.218094495125114918e-04
5.336440429687500000e+03 -6.210087449289858341e-04
5.335883789062500000e+03 -6.210915744304656982e-04
5.335048828125000000e+03 -6.221588118933141232e-04
5.333796386718750000e+03 -6.245761760510504246e-04
5.331917968750000000e+03 -6.287411670200526714e-04
5.330039062500000000e+03 -6.330517935566604137e-04
5.328160644531250000e+03 -6.373916985467076302e-04
5.325342773437500000e+03 -6.439236458390951157e-04
5.321115722656250000e+03 -6.537779700011014938e-04
5.314775390625000000e+03 -6.687236018478870392e-04
5.314347167968750000e+03 -6.697456119582056999e-04
5.314347167968750000e+03 -6.697456119582056999e-04
5.286199707031250000e+03 -7.387070218101143837e-04
5.286199707031250000e+03 -7.387070218101143837e-04
5.258052734375000000e+03 -8.116746903397142887e-04
5.258052734375000000e+03 -8.116746903397142887e-04
5.229905273437500000e+03 -8.883081027306616306e-04
5.229905273437500000e+03 -8.883081027306616306e-04
5.201757812500000000e+03 -9.683027165010571480e-04
5.201757812500000000e+03 -9.683027165010571480e-04
5.173610351562500000e+03 -1.051367842592298985e-03
5.173610351562500000e+03 -1.051367842592298985e-03
5.145463378906250000e+03 -1.137221814133226871e-03
5.145463378906250000e+03 -1.137221814133226871e-03
5.117315917968750000e+03 -1.225585117936134338e-03
5.117315917968750000e+03 -1.225585117936134338e-03
5.089168945312500000e+03 -1.316172420047223568e-03
5.089168945312500000e+03 -1.316172420047223568e-03
5.061021484375000000e+03 -1.408684183843433857e-03
5.061021484375000000e+03 -1.408684183843433857e-03
5.032874023437500000e+03 -1.502797589637339115e-03
5.032874023437500000e+03 -1.502797589637339115e-03
5.004727050781250000e+03 -1.598155358806252480e-03
5.004727050781250000e+03 -1.598155358806252480e-03
4.976579589843750000e+03 -1.694354694336652756e-03
4.976579589843750000e+03 -1.694354694336652756e-03
4.948432617187500000e+03 -1.790932845324277878e-03
4.948432617187500000e+03 -1.790932845324277878e-03
4.920285156250000000e+03 -1.887355465441942215e-03
4.920285156250000000e+03 -1.887355465441942215e-03
4.913248535156250000e+03 -1.911403262056410313e-03
4.906211425781250000e+03 -1.935365842655301094e-03
4.903572753906250000e+03 -1.944351010024547577e-03
4.899614257812500000e+03 -1.957779284566640854e-03
4.893677246093750000e+03 -1.977869076654314995e-03
4.892137695312500000e+03 -1.983075169846415520e-03
4.892137695312500000e+03 -1.983075169846415520e-03
4.885101074218750000e+03 -2.006778959184885025e-03
4.883341796875000000e+03 -2.012702869251370430e-03
4.880703125000000000e+03 -2.021559514105319977e-03
4.876744628906250000e+03 -2.034813165664672852e-03
4.870807617187500000e+03 -2.054624492302536964e-03
4.869103027343750000e+03 -2.060311147943139076e-03
4.866546875000000000e+03 -2.068805508315563202e-03
4.863990722656250000e+03 -2.077281009405851364e-03
4.863990722656250000e+03 -2.077281009405851364e-03
4.862231445312500000e+03 -2.083101775497198105e-03
4.860472167968750000e+03 -2.088920446112751961e-03
4.859812500000000000e+03 -2.091100439429283142e-03
4.858822753906250000e+03 -2.094365656375885010e-03
4.857338378906250000e+03 -2.099257661029696465e-03
4.855112304687500000e+03 -2.106583677232265472e-03
4.852885742187500000e+03 -2.113894792273640633e-03
4.852329101562500000e+03 -2.115724142640829086e-03
4.851494140625000000e+03 -2.118461765348911285e-03
4.850241699218750000e+03 -2.122561447322368622e-03
4.848362792968750000e+03 -2.128703286871314049e-03
4.846484375000000000e+03 -2.134834416210651398e-03
4.846014648437500000e+03 -2.136367373168468475e-03
4.845544921875000000e+03 -2.137898234650492668e-03
4.844840820312500000e+03 -2.140192314982414246e-03
4.843783691406250000e+03 -2.143630292266607285e-03
4.842198730468750000e+03 -2.148779574781656265e-03
4.841604492187500000e+03 -2.150710206478834152e-03
4.840712890625000000e+03 -2.153601497411727905e-03
4.840378417968750000e+03 -2.154686022549867630e-03
4.839876953125000000e+03 -2.156310714781284332e-03
4.839124511718750000e+03 -2.158745890483260155e-03
4.837996093750000000e+03 -2.162394579499959946e-03
4.837573242187500000e+03 -2.163762692362070084e-03
4.836938476562500000e+03 -2.165812300518155098e-03
4.835986328125000000e+03 -2.168883569538593292e-03
4.835843261718750000e+03 -2.169345272704958916e-03
4.835843261718750000e+03 -2.169345272704958916e-03
4.807695800781250000e+03 -2.258709631860256195e-03
4.807695800781250000e+03 -2.258709631860256195e-03
4.779548828125000000e+03 -2.345267683267593384e-03
4.779548828125000000e+03 -2.345267683267593384e-03
4.751401367187500000e+03 -2.429215935990214348e-03
4.751401367187500000e+03 -2.429215935990214348e-03
4.723253906250000000e+03 -2.510988153517246246e-03
4.723253906250000000e+03 -2.510988153517246246e-03
4.716217285156250000e+03 -2.531139878556132317e-03
4.709180664062500000e+03 -2.551171695813536644e-03
4.706541503906250000e+03 -2.558662788942456245e-03
4.702583496093750000e+03 -2.569841220974922180e-03
4.701099121093750000e+03 -2.574029378592967987e-03
4.698872558593750000e+03 -2.580296248197555542e-03
4.698037597656250000e+03 -2.582644345238804817e-03
4.696785156250000000e+03 -2.586161019280552864e-03
4.695106933593750000e+03 -2.590867690742015839e-03
4.695106933593750000e+03 -2.590867690742015839e-03
4.693347656250000000e+03 -2.595793921500444412e-03
4.691588378906250000e+03 -2.600712003186345100e-03
4.689829101562500000e+03 -2.605621935799717903e-03
4.688069824218750000e+03 -2.610523486509919167e-03
4.686310546875000000e+03 -2.615417120978236198e-03
4.685650878906250000e+03 -2.617250662297010422e-03
4.684661621093750000e+03 -2.619996899738907814e-03
4.683177246093750000e+03 -2.624111482873558998e-03
4.682806152343750000e+03 -2.625140361487865448e-03
4.682435058593750000e+03 -2.626167610287666321e-03
4.681878417968750000e+03 -2.627707552164793015e-03
4.681043457031250000e+03 -2.630015835165977478e-03
4.679791015625000000e+03 -2.633474068716168404e-03
4.678538574218750000e+03 -2.636927878484129906e-03
4.677286132812500000e+03 -2.640376565977931023e-03
4.676816406250000000e+03 -2.641669008880853653e-03
4.676112304687500000e+03 -2.643605228513479233e-03
4.675055175781250000e+03 -2.646505832672119141e-03
4.673998535156250000e+03 -2.649402711540460587e-03
4.672941894531250000e+03 -2.652295166626572609e-03
4.671885253906250000e+03 -2.655182732269167900e-03
4.670828613281250000e+03 -2.658065408468246460e-03
4.669771972656250000e+03 -2.660942263901233673e-03
4.669243652343750000e+03 -2.662379294633865356e-03
4.668715332031250000e+03 -2.663813997060060501e-03
4.667922363281250000e+03 -2.665961394086480141e-03
4.667129882812500000e+03 -2.668104600161314011e-03
4.666959472656250000e+03 -2.668566070497035980e-03
4.666959472656250000e+03 -2.668566070497035980e-03
4.666519531250000000e+03 -2.669752808287739754e-03
4.666080078125000000e+03 -2.670937683433294296e-03
4.665640136718750000e+03 -2.672120463103055954e-03
4.664980468750000000e+03 -2.673889975994825363e-03
4.664732910156250000e+03 -2.674552844837307930e-03
4.664361816406250000e+03 -2.675545401871204376e-03
4.663805175781250000e+03 -2.677029697224497795e-03
4.662970214843750000e+03 -2.679244847968220711e-03
4.662135253906250000e+03 -2.681447425857186317e-03
4.661300292968750000e+03 -2.683634404093027115e-03
4.660465332031250000e+03 -2.685801824554800987e-03
4.659630371093750000e+03 -2.687945263460278511e-03
4.658795898437500000e+03 -2.690057037398219109e-03
4.657960937500000000e+03 -2.692133188247680664e-03
4.656708496093750000e+03 -2.695159055292606354e-03
4.654829589843750000e+03 -2.699512057006359100e-03
4.654125000000000000e+03 -2.701121382415294647e-03
4.653420898437500000e+03 -2.702697878703474998e-03
4.652716308593750000e+03 -2.704253187403082848e-03
4.651659667968750000e+03 -2.706544706597924232e-03
4.650074707031250000e+03 -2.709950553253293037e-03
4.648489257812500000e+03 -2.713319845497608185e-03
4.646904296875000000e+03 -2.716673305258154869e-03
4.645319335937500000e+03 -2.720027696341276169e-03
4.642941406250000000e+03 -2.725094323977828026e-03
4.639375000000000000e+03 -2.732792170718312263e-03
4.638812011718750000e+03 -2.734010806307196617e-03
4.638812011718750000e+03 -2.734010806307196617e-03
4.631775390625000000e+03 -2.749384380877017975e-03
4.630016113281250000e+03 -2.753230743110179901e-03
4.628256835937500000e+03 -2.757051726803183556e-03
4.625618164062500000e+03 -2.762809395790100098e-03
4.621659667968750000e+03 -2.771366154775023460e-03
4.620175292968750000e+03 -2.774553140625357628e-03
4.617949218750000000e+03 -2.779282163828611374e-03
4.617114257812500000e+03 -2.781042829155921936e-03
4.615861816406250000e+03 -2.783674281090497971e-03
4.613982910156250000e+03 -2.787542296573519707e-03
4.613278808593750000e+03 -2.788977464661002159e-03
4.612221679687500000e+03 -2.791099715977907181e-03
4.610664550781250000e+03 -2.794151892885565758e-03
4.610664550781250000e+03 -2.794151892885565758e-03
4.609785156250000000e+03 -2.795854816213250160e-03
4.608905761718750000e+03 -2.797504654154181480e-03
4.607585937500000000e+03 -2.799799665808677673e-03
4.607091308593750000e+03 -2.800635294988751411e-03
4.606349121093750000e+03 -2.801848342642188072e-03
4.605235839843750000e+03 -2.803421346470713615e-03
4.604122558593750000e+03 -2.804599935188889503e-03
4.603287597656250000e+03 -2.805168507620692253e-03
4.602452636718750000e+03 -2.805260010063648224e-03
4.602244140625000000e+03 -2.805271884426474571e-03
4.602035156250000000e+03 -2.805233933031558990e-03
4.601826660156250000e+03 -2.805151278153061867e-03
4.601748535156250000e+03 -2.805117517709732056e-03
4.601630859375000000e+03 -2.805034630000591278e-03
4.601454589843750000e+03 -2.804894698783755302e-03
4.601190429687500000e+03 -2.804504707455635071e-03
4.600926269531250000e+03 -2.803880721330642700e-03
4.600662109375000000e+03 -2.802985021844506264e-03
4.600397949218750000e+03 -2.801486058160662651e-03
4.600133789062500000e+03 -2.798767760396003723e-03
4.599869628906250000e+03 -2.795113483443856239e-03
4.599605468750000000e+03 -2.791340462863445282e-03
4.599341308593750000e+03 -2.788011217489838600e-03
4.598944824218750000e+03 -2.784367650747299194e-03
4.598350585937500000e+03 -2.781272865831851959e-03
4.597756347656250000e+03 -2.779827453196048737e-03
4.597161621093750000e+03 -2.779551548883318901e-03
4.596567382812500000e+03 -2.780178328976035118e-03
4.595973144531250000e+03 -2.781576011329889297e-03
4.595378417968750000e+03 -2.783698728308081627e-03
4.594784179687500000e+03 -2.786634489893913269e-03
4.594189941406250000e+03 -2.790617290884256363e-03
4.593595214843750000e+03 -2.796009648591279984e-03
4.593000976562500000e+03 -2.801864175125956535e-03
4.592406738281250000e+03 -2.805921481922268867e-03
4.591812011718750000e+03 -2.807914745062589645e-03
4.591217773437500000e+03 -2.808653982356190681e-03
4.590623535156250000e+03 -2.808672375977039337e-03
4.590028808593750000e+03 -2.808254212141036987e-03
4.589434570312500000e+03 -2.807563170790672302e-03
4.588840332031250000e+03 -2.806700533255934715e-03
4.588245605468750000e+03 -2.805721946060657501e-03
4.587651367187500000e+03 -2.804684918373823166e-03
4.587057128906250000e+03 -2.803595270961523056e-03
4.586462402343750000e+03 -2.802452538162469864e-03
4.585868164062500000e+03 -2.801252296194434166e-03
4.585273925781250000e+03 -2.799963112920522690e-03
4.584679199218750000e+03 -2.798551460728049278e-03
4.584084960937500000e+03 -2.796982880681753159e-03
4.583490234375000000e+03 -2.795193344354629517e-03
4.582895996093750000e+03 -2.793108811601996422e-03
4.582517089843750000e+03 -2.791630569845438004e-03
4.582517089843750000e+03 -2.791630569845438004e-03
4.582077636718750000e+03 -2.789664315059781075e-03
4.581637695312500000e+03 -2.787345787510275841e-03
4.581197753906250000e+03 -2.784575568512082100e-03
4.580757812500000000e+03 -2.781184623017907143e-03
4.580318359375000000e+03 -2.777028596028685570e-03
4.579878417968750000e+03 -2.772035310044884682e-03
4.579438476562500000e+03 -2.766088582575321198e-03
4.578998535156250000e+03 -2.759119495749473572e-03
4.578559082031250000e+03 -2.750844461843371391e-03
4.578338867187500000e+03 -2.746108919382095337e-03
4.578173828125000000e+03 -2.742312150076031685e-03
4.577926757812500000e+03 -2.736480208113789558e-03
4.577833984375000000e+03 -2.734284847974777222e-03
4.577694824218750000e+03 -2.731243614107370377e-03
4.577485839843750000e+03 -2.727403072640299797e-03
4.577172851562500000e+03 -2.723706653341650963e-03
4.576859863281250000e+03 -2.721913857385516167e-03
4.576703125000000000e+03 -2.721451222896575928e-03
4.576585937500000000e+03 -2.721432363614439964e-03
4.576409667968750000e+03 -2.721673110499978065e-03
4.576145507812500000e+03 -2.722593024373054504e-03
4.575749023437500000e+03 -2.724895253777503967e-03
4.575353027343750000e+03 -2.727719256654381752e-03
4.574956542968750000e+03 -2.729858271777629852e-03
4.574560546875000000e+03 -2.730497857555747032e-03
4.574164062500000000e+03 -2.729246858507394791e-03
4.573569824218750000e+03 -2.723169280216097832e-03
4.572975097656250000e+03 -2.713620662689208984e-03
4.572380859375000000e+03 -2.702376106753945351e-03
4.571786132812500000e+03 -2.689966466277837753e-03
4.571191894531250000e+03 -2.674874383956193924e-03
4.570597656250000000e+03 -2.647246699780225754e-03
4.570002929687500000e+03 -2.599050523713231087e-03
4.569854003906250000e+03 -2.584598027169704437e-03
4.569705566406250000e+03 -2.571086864918470383e-03
4.569482421875000000e+03 -2.551853656768798828e-03
4.569148437500000000e+03 -2.524963812902569771e-03
4.568813964843750000e+03 -2.499564550817012787e-03
4.568479492187500000e+03 -2.475725021213293076e-03
4.567977539062500000e+03 -2.444154117256402969e-03
4.567476074218750000e+03 -2.417072653770446777e-03
4.566974609375000000e+03 -2.394981915131211281e-03
4.566473144531250000e+03 -2.377382246777415276e-03
4.565971191406250000e+03 -2.363435225561261177e-03
4.565219238281250000e+03 -2.347606001421809196e-03
4.564466796875000000e+03 -2.332640578970313072e-03
4.563714355468750000e+03 -2.311782911419868469e-03
4.563526367187500000e+03 -2.305127680301666260e-03
4.563338378906250000e+03 -2.298807958140969276e-03
4.563056152343750000e+03 -2.290074480697512627e-03
4.562632812500000000e+03 -2.278573811054229736e-03
4.561998046875000000e+03 -2.264586510136723518e-03
4.561363281250000000e+03 -2.253110054880380630e-03
4.560728515625000000e+03 -2.243715338408946991e-03
4.559776367187500000e+03 -2.232975326478481293e-03
4.558348144531250000e+03 -2.221664646640419960e-03
4.556205566406250000e+03 -2.211222425103187561e-03
4.554368164062500000e+03 -2.205500612035393715e-03
4.554368164062500000e+03 -2.205500612035393715e-03
4.526220703125000000e+03 -2.205535536631941795e-03
4.526220703125000000e+03 -2.205535536631941795e-03
4.498073242187500000e+03 -2.218478592112660408e-03
4.498073242187500000e+03 -2.218478592112660408e-03
4.469925292968750000e+03 -2.234736690297722816e-03
4.469925292968750000e+03 -2.234736690297722816e-03
4.441777832031250000e+03 -2.252978272736072540e-03
4.441777832031250000e+03 -2.252978272736072540e-03
4.413630371093750000e+03 -2.272671787068247795e-03
4.413630371093750000e+03 -2.272671787068247795e-03
4.385482910156250000e+03 -2.293522702530026436e-03
4.385482910156250000e+03 -2.293522702530026436e-03
4.357335449218750000e+03 -2.315252553671598434e-03
4.357335449218750000e+03 -2.315252553671598434e-03
4.329187988281250000e+03 -2.337562153115868568e-03
4.329187988281250000e+03 -2.337562153115868568e-03
4.322151367187500000e+03 -2.343217143788933754e-03
4.315114257812500000e+03 -2.348851412534713745e-03
4.308077636718750000e+03 -2.354514086619019508e-03
4.301040527343750000e+03 -2.360187703743577003e-03
4.301040527343750000e+03 -2.360187703743577003e-03
4.297521972656250000e+03 -2.363046398386359215e-03
4.294003906250000000e+03 -2.365883439779281616e-03
4.290485351562500000e+03 -2.368720015510916710e-03
4.289166015625000000e+03 -2.369779860600829124e-03
4.287187011718750000e+03 -2.371378941461443901e-03
4.284218261718750000e+03 -2.373752184212207794e-03
4.279765136718750000e+03 -2.377348020672798157e-03
4.278095214843750000e+03 -2.378679113462567329e-03
4.275590332031250000e+03 -2.380679594352841377e-03
4.272893066406250000e+03 -2.382826991379261017e-03
4.272893066406250000e+03 -2.382826991379261017e-03
4.271133789062500000e+03 -2.384224208071827888e-03
4.269374511718750000e+03 -2.385607920587062836e-03
4.267615722656250000e+03 -2.386991167441010475e-03
4.264976562500000000e+03 -2.389047993347048759e-03
4.263987304687500000e+03 -2.389810513705015182e-03
4.262502929687500000e+03 -2.390946261584758759e-03
4.260276367187500000e+03 -2.392623573541641235e-03
4.259441406250000000e+03 -2.393238246440887451e-03
4.258188964843750000e+03 -2.394146984443068504e-03
4.256310546875000000e+03 -2.395451068878173828e-03
4.255371093750000000e+03 -2.396072493866086006e-03
4.254431640625000000e+03 -2.396662952378392220e-03
4.253022949218750000e+03 -2.397421980276703835e-03
4.252318359375000000e+03 -2.397753298282623291e-03
4.251613769531250000e+03 -2.398018259555101395e-03
4.250557128906250000e+03 -2.398138400167226791e-03
4.249500488281250000e+03 -2.397585660219192505e-03
4.248972167968750000e+03 -2.397007541730999947e-03
4.248443359375000000e+03 -2.396078547462821007e-03
4.247650878906250000e+03 -2.393994014710187912e-03
4.246858398437500000e+03 -2.391600515693426132e-03
4.246065917968750000e+03 -2.388796536251902580e-03
4.245273437500000000e+03 -2.385842148214578629e-03
4.244745605468750000e+03 -2.384368330240249634e-03
4.244745605468750000e+03 -2.384368330240249634e-03
4.244305664062500000e+03 -2.383773447945713997e-03
4.243866210937500000e+03 -2.383741084486246109e-03
4.243426269531250000e+03 -2.384108491241931915e-03
4.242986328125000000e+03 -2.384735504165291786e-03
4.242546386718750000e+03 -2.385514089837670326e-03
4.242106933593750000e+03 -2.386375796049833298e-03
4.241666992187500000e+03 -2.387230051681399345e-03
4.241227050781250000e+03 -2.388081280514597893e-03
4.241043457031250000e+03 -2.388433553278446198e-03
4.240944335937500000e+03 -2.388622844591736794e-03
4.240770996093750000e+03 -2.388951135799288750e-03
4.240659667968750000e+03 -2.389158820733428001e-03
4.240492187500000000e+03 -2.389464760199189186e-03
4.240241699218750000e+03 -2.389910165220499039e-03
4.240093750000000000e+03 -2.390169072896242142e-03
4.239945800781250000e+03 -2.390422858297824860e-03
4.239744628906250000e+03 -2.390760695561766624e-03
4.239602050781250000e+03 -2.390994457527995110e-03
4.239387207031250000e+03 -2.391335321590304375e-03
4.239251464843750000e+03 -2.391549060121178627e-03
4.239107910156250000e+03 -2.391770249232649803e-03
4.238923339843750000e+03 -2.392049413174390793e-03
4.238719726562500000e+03 -2.392349066212773323e-03
4.238536132812500000e+03 -2.392611932009458542e-03
4.238405761718750000e+03 -2.392797498032450676e-03
4.238269042968750000e+03 -2.392988651990890503e-03
4.238128417968750000e+03 -2.393182832747697830e-03
4.237988769531250000e+03 -2.393372356891632080e-03
4.237848632812500000e+03 -2.393560484051704407e-03
4.237701660156250000e+03 -2.393754897639155388e-03
4.237565917968750000e+03 -2.393932314589619637e-03
4.237426269531250000e+03 -2.394112292677164078e-03
4.237284179687500000e+03 -2.394293667748570442e-03
4.237143066406250000e+03 -2.394471783190965652e-03
4.236995117187500000e+03 -2.394656650722026825e-03
4.236861816406250000e+03 -2.394820796325802803e-03
4.236708007812500000e+03 -2.395009389147162437e-03
4.236578125000000000e+03 -2.395166317000985146e-03
4.236435546875000000e+03 -2.395337913185358047e-03
4.236295410156250000e+03 -2.395504619926214218e-03
4.236157714843750000e+03 -2.395667834207415581e-03
4.236015136718750000e+03 -2.395834540948271751e-03
4.235873046875000000e+03 -2.396000083535909653e-03
4.235737792968750000e+03 -2.396157244220376015e-03
4.235594726562500000e+03 -2.396321622654795647e-03
4.235454101562500000e+03 -2.396482042968273163e-03
4.235306640625000000e+03 -2.396649448201060295e-03
4.235169433593750000e+03 -2.396804513409733772e-03
4.235024902343750000e+03 -2.396967029199004173e-03
4.234890136718750000e+03 -2.397117670625448227e-03
4.234748046875000000e+03 -2.397275995463132858e-03
4.234604003906250000e+03 -2.397435484454035759e-03
4.234469238281250000e+03 -2.397584030404686928e-03
4.234321289062500000e+03 -2.397746779024600983e-03
4.234186523437500000e+03 -2.397894393652677536e-03
4.234043945312500000e+03 -2.398049924522638321e-03
4.233902343750000000e+03 -2.398203825578093529e-03
4.233762695312500000e+03 -2.398354699835181236e-03
4.233625976562500000e+03 -2.398502547293901443e-03
4.233473144531250000e+03 -2.398666925728321075e-03
4.233341308593750000e+03 -2.398808486759662628e-03
4.233199707031250000e+03 -2.398960292339324951e-03
4.233057617187500000e+03 -2.399111865088343620e-03
4.232915527343750000e+03 -2.399262972176074982e-03
4.232773925781250000e+03 -2.399413846433162689e-03
4.232642089843750000e+03 -2.399553544819355011e-03
4.232500000000000000e+03 -2.399703720584511757e-03
4.232357910156250000e+03 -2.399853430688381195e-03
4.232216308593750000e+03 -2.400002907961606979e-03
4.232074218750000000e+03 -2.400152152404189110e-03
4.231932128906250000e+03 -2.400301164016127586e-03
4.231790527343750000e+03 -2.400449709966778755e-03
4.231648437500000000e+03 -2.400598255917429924e-03
4.231506347656250000e+03 -2.400746336206793785e-03
4.231374511718750000e+03 -2.400883939117193222e-03
4.231232910156250000e+03 -2.401031553745269775e-03
4.231090820312500000e+03 -2.401179168373346329e-03
4.230948730468750000e+03 -2.401326550170779228e-03
4.230807128906250000e+03 -2.401473699137568474e-03
4.230665039062500000e+03 -2.401620615273714066e-03
4.230522949218750000e+03 -2.401767298579216003e-03
4.230381347656250000e+03 -2.401913981884717941e-03
4.230249511718750000e+03 -2.402049954980611801e-03
4.230107421875000000e+03 -2.402196172624826431e-03
4.229965820312500000e+03 -2.402342390269041061e-03
4.229823730468750000e+03 -2.402488375082612038e-03
4.229681640625000000e+03 -2.402634127065539360e-03
4.229540039062500000e+03 -2.402779879048466682e-03
4.229397949218750000e+03 -2.402925398200750351e-03
4.229255859375000000e+03 -2.403070917353034019e-03
4.229114257812500000e+03 -2.403216203674674034e-03
4.228982421875000000e+03 -2.403351245447993279e-03
4.228840332031250000e+03 -2.403496298938989639e-03
4.228698242187500000e+03 -2.403641352429986000e-03
4.228556640625000000e+03 -2.403786173090338707e-03
4.228414550781250000e+03 -2.403930993750691414e-03
4.228272460937500000e+03 -2.404075581580400467e-03
4.228130859375000000e+03 -2.404220402240753174e-03
4.227987304687500000e+03 -2.404366154223680496e-03
4.227850585937500000e+03 -2.404505386948585510e-03
4.227713867187500000e+03 -2.404644619673490524e-03
4.227565429687500000e+03 -2.404795261099934578e-03
4.227428710937500000e+03 -2.404934260994195938e-03
4.227291992187500000e+03 -2.405073260888457298e-03
4.227137695312500000e+03 -2.405229723080992699e-03
4.227004394531250000e+03 -2.405364764854311943e-03
4.226865722656250000e+03 -2.405505394563078880e-03
4.226730468750000000e+03 -2.405642531812191010e-03
4.226582031250000000e+03 -2.405793406069278717e-03
4.226439941406250000e+03 -2.405936829745769501e-03
4.226299804687500000e+03 -2.406078623607754707e-03
4.226166992187500000e+03 -2.406212966889142990e-03
4.226026367187500000e+03 -2.406355226412415504e-03
4.225883300781250000e+03 -2.406500047072768211e-03
4.225734863281250000e+03 -2.406649990007281303e-03
4.225587890625000000e+03 -2.406798535957932472e-03
4.225458984375000000e+03 -2.406928921118378639e-03
4.225318359375000000e+03 -2.407070947811007500e-03
4.225169921875000000e+03 -2.407220890745520592e-03
4.225041992187500000e+03 -2.407350111752748489e-03
4.224895996093750000e+03 -2.407497260719537735e-03
4.224751953125000000e+03 -2.407642779871821404e-03
4.224610351562500000e+03 -2.407785505056381226e-03
4.224466796875000000e+03 -2.407930092886090279e-03
4.224334960937500000e+03 -2.408062806352972984e-03
4.224195800781250000e+03 -2.408202970400452614e-03
4.224051757812500000e+03 -2.408348256722092628e-03
4.223908203125000000e+03 -2.408493077382445335e-03
4.223767089843750000e+03 -2.408635104075074196e-03
4.223630371093750000e+03 -2.408772939816117287e-03
4.223488769531250000e+03 -2.408915432170033455e-03
4.223339355468750000e+03 -2.409065607935190201e-03
4.223201171875000000e+03 -2.409204840660095215e-03
4.223058593750000000e+03 -2.409348497167229652e-03
4.222908203125000000e+03 -2.409499371424317360e-03
4.222787597656250000e+03 -2.409620909020304680e-03
4.222647460937500000e+03 -2.409761538729071617e-03
4.222505859375000000e+03 -2.409904031082987785e-03
4.222361816406250000e+03 -2.410048851743340492e-03
4.222222656250000000e+03 -2.410189015790820122e-03
4.222069824218750000e+03 -2.410342451184988022e-03
4.221943847656250000e+03 -2.410469111055135727e-03
4.221791992187500000e+03 -2.410622080788016319e-03
4.221662109375000000e+03 -2.410752465948462486e-03
4.221499023437500000e+03 -2.410916378721594810e-03
4.221370117187500000e+03 -2.411045599728822708e-03
4.221237304687500000e+03 -2.411179011687636375e-03
4.221101074218750000e+03 -2.411315916106104851e-03
4.220956542968750000e+03 -2.411461435258388519e-03
4.220811035156250000e+03 -2.411607420071959496e-03
4.220675781250000000e+03 -2.411743160337209702e-03
4.220533691406250000e+03 -2.411885652691125870e-03
4.220396484375000000e+03 -2.412023721262812614e-03
4.220256347656250000e+03 -2.412164118140935898e-03
4.220112792968750000e+03 -2.412308240309357643e-03
4.219970214843750000e+03 -2.412451663985848427e-03
4.219834960937500000e+03 -2.412587171420454979e-03
4.219687988281250000e+03 -2.412734786048531532e-03
4.219552246093750000e+03 -2.412871457636356354e-03
4.219406250000000000e+03 -2.413017675280570984e-03
4.219268554687500000e+03 -2.413155743852257729e-03
4.219130371093750000e+03 -2.413294510915875435e-03
4.218981933593750000e+03 -2.413443289697170258e-03
4.218848632812500000e+03 -2.413577167317271233e-03
4.218707031250000000e+03 -2.413719194009900093e-03
4.218565917968750000e+03 -2.413861220702528954e-03
4.218424316406250000e+03 -2.414003247395157814e-03
4.218282714843750000e+03 -2.414145274087786674e-03
4.218141113281250000e+03 -2.414287300780415535e-03
4.218000000000000000e+03 -2.414429094642400742e-03
4.217858398437500000e+03 -2.414571121335029602e-03
4.217709472656250000e+03 -2.414720831438899040e-03
4.217569335937500000e+03 -2.414861228317022324e-03
4.217431640625000000e+03 -2.414999529719352722e-03
4.217293945312500000e+03 -2.415137598291039467e-03
4.217158691406250000e+03 -2.415273105725646019e-03
4.217015136718750000e+03 -2.415417460724711418e-03
4.216876953125000000e+03 -2.415555994957685471e-03
4.216732421875000000e+03 -2.415701048448681831e-03
4.216598144531250000e+03 -2.415835624560713768e-03
4.216598144531250000e+03 -2.415835624560713768e-03
4.202524414062500000e+03 -2.429963089525699615e-03
4.191969238281250000e+03 -2.440620912238955498e-03
4.188450683593750000e+03 -2.444193698465824127e-03
4.188450683593750000e+03 -2.444193698465824127e-03
4.184932128906250000e+03 -2.447764389216899872e-03
4.181414062500000000e+03 -2.451328793540596962e-03
4.181399902343750000e+03 -2.451328793540596962e-03
