5.652143066406250000e+03 0.000000000000000000e+00
5.644050781250000000e+03 -5.554588278755545616e-05
5.632264160156250000e+03 -7.534337055403739214e-05
5.625227050781250000e+03 -7.587118307128548622e-05
5.618190429687500000e+03 -7.888739492045715451e-05
5.611153320312500000e+03 -8.327190153067931533e-05
5.604116699218750000e+03 -8.873129991116002202e-05
5.597079589843750000e+03 -9.515145211480557919e-05
5.590042480468750000e+03 -1.024397133733145893e-04
5.583005859375000000e+03 -1.105261108023114502e-04
5.575968750000000000e+03 -1.193475545733235776e-04
5.568932128906250000e+03 -1.288459461648017168e-04
5.561895019531250000e+03 -1.389671815559267998e-04
5.554858398437500000e+03 -1.496603654231876135e-04
5.547821289062500000e+03 -1.608770980965346098e-04
5.540784667968750000e+03 -1.725707552395761013e-04
5.533747558593750000e+03 -1.846957748057320714e-04
5.526710449218750000e+03 -1.972069439943879843e-04
5.519673828125000000e+03 -2.100586279993876815e-04
5.512636718750000000e+03 -2.232048136647790670e-04
5.505600097656250000e+03 -2.365945401834324002e-04
5.498562988281250000e+03 -2.501766430214047432e-04
5.491526367187500000e+03 -2.638930163811892271e-04
5.484489257812500000e+03 -2.776820911094546318e-04
5.477452636718750000e+03 -2.914715732913464308e-04
5.470415527343750000e+03 -3.051790408790111542e-04
5.463378906250000000e+03 -3.187053662259131670e-04
5.456341796875000000e+03 -3.319315728731453419e-04
5.449305175781250000e+03 -3.446964838076382875e-04
5.442268066406250000e+03 -3.567479143384844065e-04
5.435231445312500000e+03 -3.675635671243071556e-04
5.428194335937500000e+03 -3.757516678888350725e-04
5.421157226562500000e+03 -3.764237626455724239e-04
5.419397949218750000e+03 -3.726348222699016333e-04
5.412077636718750000e+03 -2.800695365294814110e-04
5.404839355468750000e+03 -2.903355052694678307e-04
5.398324707031250000e+03 -2.997894480358809233e-04
5.391288085937500000e+03 -3.102296032011508942e-04
5.384250976562500000e+03 -3.209023852832615376e-04
5.377213867187500000e+03 -3.318008093629032373e-04
5.370177246093750000e+03 -3.429194330237805843e-04
5.363140136718750000e+03 -3.542533377185463905e-04
5.356103515625000000e+03 -3.657978668343275785e-04
5.349066406250000000e+03 -3.775563091039657593e-04
5.342029785156250000e+03 -3.895012778230011463e-04
5.334992675781250000e+03 -4.016558232251554728e-04
5.327956054687500000e+03 -4.139964585192501545e-04
5.320918945312500000e+03 -4.265247844159603119e-04
5.313882324218750000e+03 -4.392369301058351994e-04
5.306845214843750000e+03 -4.521287628449499607e-04
5.299808593750000000e+03 -4.651963245123624802e-04
5.292771484375000000e+03 -4.784358316101133823e-04
5.285734375000000000e+03 -4.918435588479042053e-04
5.278697753906250000e+03 -5.054160137660801411e-04
5.271660644531250000e+03 -5.191495874896645546e-04
5.264624023437500000e+03 -5.330411368049681187e-04
5.257586914062500000e+03 -5.470872856676578522e-04
5.250550292968750000e+03 -5.612850072793662548e-04
5.243513183593750000e+03 -5.756312748417258263e-04
5.236476562500000000e+03 -5.901230615563690662e-04
5.229439453125000000e+03 -6.047575734555721283e-04
5.222402832031250000e+03 -6.195320165716111660e-04
5.215365722656250000e+03 -6.344436551444232464e-04
5.208329101562500000e+03 -6.494899280369281769e-04
5.201291992187500000e+03 -6.646681576967239380e-04
5.194255371093750000e+03 -6.799758411943912506e-04
5.187218261718750000e+03 -6.954105338081717491e-04
5.180181640625000000e+03 -7.109697326086461544e-04
5.173144531250000000e+03 -7.266509346663951874e-04
5.166107910156250000e+03 -7.424518116749823093e-04
5.159070800781250000e+03 -7.583699189126491547e-04
5.152034179687500000e+03 -7.744028116576373577e-04
5.144997070312500000e+03 -7.905480451881885529e-04
5.137959960937500000e+03 -8.068031747825443745e-04
5.130923339843750000e+03 -8.231657557189464569e-04
5.123886230468750000e+03 -8.396332268603146076e-04
5.116849609375000000e+03 -8.562030270695686340e-04
5.109812500000000000e+03 -8.728725370019674301e-04
5.102775878906250000e+03 -8.896391955204308033e-04
5.095738769531250000e+03 -9.065000922419130802e-04
5.088702148437500000e+03 -9.234526078216731548e-04
5.081665039062500000e+03 -9.404937154613435268e-04
5.074628417968750000e+03 -9.576205047778785229e-04
5.067591308593750000e+03 -9.748300071805715561e-04
5.060554687500000000e+03 -9.921189630404114723e-04
5.053517578125000000e+03 -1.009484287351369858e-03
5.046480957031250000e+03 -1.026922487653791904e-03
5.039443847656250000e+03 -1.044430304318666458e-03
5.032407226562500000e+03 -1.062004244886338711e-03
5.025370117187500000e+03 -1.079640467651188374e-03
5.018333496093750000e+03 -1.097335480153560638e-03
5.011734863281250000e+03 -1.113983686082065105e-03
5.004729492187500000e+03 -1.131701981648802757e-03
4.997689941406250000e+03 -1.149552874267101288e-03
4.990651855468750000e+03 -1.167442766018211842e-03
4.983633300781250000e+03 -1.185321598313748837e-03
4.976580078125000000e+03 -1.203322201035916805e-03
4.969559570312500000e+03 -1.221268903464078903e-03
4.962524414062500000e+03 -1.239275210537016392e-03
4.955488281250000000e+03 -1.257297582924365997e-03
4.948437988281250000e+03 -1.275187009014189243e-03
4.941415039062500000e+03 -1.289514824748039246e-03
4.934372558593750000e+03 -1.303026569075882435e-03
4.928183593750000000e+03 -1.314797555096447468e-03
