5.652148925781250000e+03 0.000000000000000000e+00
5.632445800781250000e+03 -1.362221955787390471e-04
5.612742187500000000e+03 -1.046606412273831666e-04
5.593039062500000000e+03 -1.119357766583561897e-04
5.573335937500000000e+03 -1.214568546856753528e-04
5.553632324218750000e+03 -1.330242375843226910e-04
5.533929199218750000e+03 -1.467197289457544684e-04
5.514225585937500000e+03 -1.625759905437007546e-04
5.494522460937500000e+03 -1.806018990464508533e-04
5.474818847656250000e+03 -2.007839066209271550e-04
5.455115722656250000e+03 -2.230886602774262428e-04
5.435412109375000000e+03 -2.474628854542970657e-04
5.415708984375000000e+03 -2.738346520345658064e-04
5.396005859375000000e+03 -3.021165030077099800e-04
5.376302246093750000e+03 -3.322108241263777018e-04
5.356599121093750000e+03 -3.640150825958698988e-04
5.336895996093750000e+03 -3.974270366597920656e-04
5.317192382812500000e+03 -4.323485190980136395e-04
5.297489257812500000e+03 -4.686879110522568226e-04
5.277786132812500000e+03 -5.063610733486711979e-04
5.258082519531250000e+03 -5.452913464978337288e-04
5.238379394531250000e+03 -5.854089395143091679e-04
5.218676269531250000e+03 -6.266497657634317875e-04
5.198972656250000000e+03 -6.689545116387307644e-04
5.179269531250000000e+03 -7.122674142010509968e-04
5.159566406250000000e+03 -7.565349806100130081e-04
5.139862792968750000e+03 -8.017043001018464565e-04
5.120159667968750000e+03 -8.477217052131891251e-04
5.100456542968750000e+03 -8.945314330048859119e-04
5.080753417968750000e+03 -9.420741116628050804e-04
5.061049804687500000e+03 -9.902861202135682106e-04
5.041346679687500000e+03 -1.039098482578992844e-03
5.021643554687500000e+03 -1.088436343707144260e-03
5.001940429687500000e+03 -1.138218329288065434e-03
4.982236816406250000e+03 -1.188355381600558758e-03
4.981929199218750000e+03 -1.189175993204116821e-03
4.981621093750000000e+03 -1.189961563795804977e-03
4.981159667968750000e+03 -1.191140152513980865e-03
4.980697753906250000e+03 -1.192319090478122234e-03
4.980235839843750000e+03 -1.193498028442263603e-03
4.979773925781250000e+03 -1.194677315652370453e-03
4.979312500000000000e+03 -1.195856486447155476e-03
4.978850585937500000e+03 -1.197036006487905979e-03
4.978157714843750000e+03 -1.198805170133709908e-03
4.977118652343750000e+03 -1.201459439471364021e-03
4.976729003906250000e+03 -1.202455721795558929e-03
4.976144531250000000e+03 -1.203949330374598503e-03
4.975925292968750000e+03 -1.204509870149195194e-03
4.975596679687500000e+03 -1.205350039526820183e-03
4.975103515625000000e+03 -1.206610468216240406e-03
4.974918457031250000e+03 -1.207083580084145069e-03
4.974641113281250000e+03 -1.207792665809392929e-03
4.974225097656250000e+03 -1.208856352604925632e-03
4.973601074218750000e+03 -1.210452057421207428e-03
4.973367187500000000e+03 -1.211051014252007008e-03
4.973016113281250000e+03 -1.211948809213936329e-03
4.972489257812500000e+03 -1.213295501656830311e-03
4.972291992187500000e+03 -1.213800976984202862e-03
4.971995605468750000e+03 -1.214558607898652554e-03
4.971551269531250000e+03 -1.215695170685648918e-03
4.970884765625000000e+03 -1.217400189489126205e-03
4.970634765625000000e+03 -1.218040124513208866e-03
4.970259765625000000e+03 -1.218999386765062809e-03
4.969697753906250000e+03 -1.220438280142843723e-03
4.969486816406250000e+03 -1.220978330820798874e-03
4.969170410156250000e+03 -1.221787882968783379e-03
4.968695800781250000e+03 -1.223002211190760136e-03
4.968518066406250000e+03 -1.223457977175712585e-03
4.968250976562500000e+03 -1.224141102284193039e-03
4.967850585937500000e+03 -1.225165906362235546e-03
4.967700683593750000e+03 -1.225550542585551739e-03
4.967475585937500000e+03 -1.226127031259238720e-03
4.967137695312500000e+03 -1.226991880685091019e-03
4.967011230468750000e+03 -1.227316330187022686e-03
4.966820800781250000e+03 -1.227802829816937447e-03
4.966536132812500000e+03 -1.228532637469470501e-03
4.966250976562500000e+03 -1.229262445122003555e-03
4.965965820312500000e+03 -1.229992369189858437e-03
4.965538574218750000e+03 -1.231087138876318932e-03
4.965377929687500000e+03 -1.231497968547046185e-03
4.965137695312500000e+03 -1.232113922014832497e-03
4.964776855468750000e+03 -1.233037794008851051e-03
4.964641601562500000e+03 -1.233384478837251663e-03
4.964438964843750000e+03 -1.233904156833887100e-03
4.964134277343750000e+03 -1.234683790244162083e-03
4.963830078125000000e+03 -1.235463540069758892e-03
4.963525878906250000e+03 -1.236243289895355701e-03
4.963069335937500000e+03 -1.237412798218429089e-03
4.962935546875000000e+03 -1.237756107002496719e-03
4.962734375000000000e+03 -1.238270546309649944e-03
4.962533691406250000e+03 -1.238785102032124996e-03
4.962379882812500000e+03 -1.239179633557796478e-03
4.962264160156250000e+03 -1.239475444890558720e-03
4.962091308593750000e+03 -1.239919220097362995e-03
4.961831542968750000e+03 -1.240584766492247581e-03
4.961441894531250000e+03 -1.241583260707557201e-03
4.961295898437500000e+03 -1.241957885213196278e-03
4.961076660156250000e+03 -1.242519589141011238e-03
4.960994140625000000e+03 -1.242730417288839817e-03
4.960871093750000000e+03 -1.243046368472278118e-03
4.960686035156250000e+03 -1.243520295247435570e-03
4.960408691406250000e+03 -1.244231243617832661e-03
4.960304687500000000e+03 -1.244497951120138168e-03
4.960148437500000000e+03 -1.244897954165935516e-03
4.959914550781250000e+03 -1.245497842319309711e-03
4.959826660156250000e+03 -1.245722873136401176e-03
4.959695312500000000e+03 -1.246060361154377460e-03
4.959497558593750000e+03 -1.246566534973680973e-03
4.959201660156250000e+03 -1.247325912117958069e-03
4.958757324218750000e+03 -1.248464919626712799e-03
4.958590332031250000e+03 -1.248892280273139477e-03
4.958340820312500000e+03 -1.249533030204474926e-03
4.957965820312500000e+03 -1.250494155101478100e-03
4.957825195312500000e+03 -1.250854926183819771e-03
4.957614257812500000e+03 -1.251395558938384056e-03
4.957535156250000000e+03 -1.251598470844328403e-03
4.957416503906250000e+03 -1.251902547664940357e-03
4.957238769531250000e+03 -1.252358779311180115e-03
4.956971679687500000e+03 -1.253043184988200665e-03
4.956704589843750000e+03 -1.253727590665221214e-03
4.956437988281250000e+03 -1.254412112757563591e-03
4.956037597656250000e+03 -1.255438663065433502e-03
4.955887695312500000e+03 -1.255823997780680656e-03
4.955662109375000000e+03 -1.256401417776942253e-03
4.955324707031250000e+03 -1.257267780601978302e-03
4.954817871093750000e+03 -1.258567208424210548e-03
4.954627929687500000e+03 -1.259054872207343578e-03
4.954342773437500000e+03 -1.259785844013094902e-03
4.954235839843750000e+03 -1.260060234926640987e-03
4.954075683593750000e+03 -1.260471413843333721e-03
4.953834960937500000e+03 -1.261088182218372822e-03
4.953745117187500000e+03 -1.261319732293486595e-03
4.953609863281250000e+03 -1.261666649952530861e-03
4.953406738281250000e+03 -1.262187142856419086e-03
4.953330566406250000e+03 -1.262382371351122856e-03
4.953216308593750000e+03 -1.262675155885517597e-03
4.953045410156250000e+03 -1.263114390894770622e-03
4.952788574218750000e+03 -1.263773068785667419e-03
4.952403320312500000e+03 -1.264761318452656269e-03
4.952258789062500000e+03 -1.265132101252675056e-03
4.952041992187500000e+03 -1.265687984414398670e-03
4.951825683593750000e+03 -1.266243867576122284e-03
4.951608886718750000e+03 -1.266799867153167725e-03
4.951527832031250000e+03 -1.267008366994559765e-03
4.951405761718750000e+03 -1.267321174964308739e-03
4.951222656250000000e+03 -1.267790212295949459e-03
4.950948730468750000e+03 -1.268493710085749626e-03
4.950845703125000000e+03 -1.268757740035653114e-03
4.950691406250000000e+03 -1.269153552129864693e-03
4.950459960937500000e+03 -1.269747270271182060e-03
4.950229003906250000e+03 -1.270340988412499428e-03
4.949997558593750000e+03 -1.270934706553816795e-03
4.949650390625000000e+03 -1.271825283765792847e-03
4.949585449218750000e+03 -1.271992456167936325e-03
4.949487792968750000e+03 -1.272242981940507889e-03
4.949341308593750000e+03 -1.272618654184043407e-03
4.949121582031250000e+03 -1.273182220757007599e-03
4.948791992187500000e+03 -1.274027628824114799e-03
4.948668457031250000e+03 -1.274344860576093197e-03
4.948483398437500000e+03 -1.274820417165756226e-03
4.948205566406250000e+03 -1.275533810257911682e-03
4.948101074218750000e+03 -1.275801449082791805e-03
4.947944824218750000e+03 -1.276202732697129250e-03
4.947710449218750000e+03 -1.276804599910974503e-03
4.947622070312500000e+03 -1.277030445635318756e-03
4.947490234375000000e+03 -1.277368981391191483e-03
4.947292480468750000e+03 -1.277876901440322399e-03
4.947218261718750000e+03 -1.278067356906831264e-03
4.947106933593750000e+03 -1.278353040106594563e-03
4.946939941406250000e+03 -1.278781564906239510e-03
4.946689453125000000e+03 -1.279424410313367844e-03
4.946313964843750000e+03 -1.280388562008738518e-03
4.946172851562500000e+03 -1.280750380828976631e-03
4.945961425781250000e+03 -1.281292759813368320e-03
4.945882324218750000e+03 -1.281496253795921803e-03
4.945763671875000000e+03 -1.281801378354430199e-03
4.945585449218750000e+03 -1.282259006984531879e-03
4.945317871093750000e+03 -1.282945391722023487e-03
4.944916503906250000e+03 -1.283975085243582726e-03
4.944766113281250000e+03 -1.284361467696726322e-03
4.944625000000000000e+03 -1.284723635762929916e-03
4.944498046875000000e+03 -1.285049365833401680e-03
4.944307617187500000e+03 -1.285538077354431152e-03
4.944021972656250000e+03 -1.286271144635975361e-03
4.943915039062500000e+03 -1.286546234041452408e-03
4.943754394531250000e+03 -1.286958577111363411e-03
4.943694335937500000e+03 -1.287113409489393234e-03
4.943604003906250000e+03 -1.287345308810472488e-03
4.943468261718750000e+03 -1.287693274207413197e-03
4.943265136718750000e+03 -1.288215164095163345e-03
4.943188476562500000e+03 -1.288410974666476250e-03
4.943074218750000000e+03 -1.288704574108123779e-03
4.942902832031250000e+03 -1.289144973270595074e-03
4.942830566406250000e+03 -1.289330422878265381e-03
4.942676757812500000e+03 -1.289725536480545998e-03
4.942561035156250000e+03 -1.290021929889917374e-03
4.942387695312500000e+03 -1.290466403588652611e-03
4.942322753906250000e+03 -1.290633226744830608e-03
4.942225585937500000e+03 -1.290883286856114864e-03
4.942079589843750000e+03 -1.291258377023041248e-03
4.941860351562500000e+03 -1.291820895858108997e-03
4.941531738281250000e+03 -1.292664790526032448e-03
4.941038574218750000e+03 -1.293930690735578537e-03
4.940853515625000000e+03 -1.294405665248632431e-03
4.940668457031250000e+03 -1.294880406931042671e-03
4.940483398437500000e+03 -1.295355148613452911e-03
4.940298828125000000e+03 -1.295829890295863152e-03
4.940113769531250000e+03 -1.296304631978273392e-03
4.939928710937500000e+03 -1.296779373660683632e-03
4.939744140625000000e+03 -1.297254115343093872e-03
4.939559082031250000e+03 -1.297728857025504112e-03
4.939374023437500000e+03 -1.298203598707914352e-03
4.939188964843750000e+03 -1.298678340390324593e-03
4.939004394531250000e+03 -1.299153082072734833e-03
4.938819335937500000e+03 -1.299627823755145073e-03
4.938634277343750000e+03 -1.300102565437555313e-03
4.938449218750000000e+03 -1.300577307119965553e-03
4.938264648437500000e+03 -1.301052048802375793e-03
4.938079589843750000e+03 -1.301526790484786034e-03
4.937894531250000000e+03 -1.302001532167196274e-03
4.937709960937500000e+03 -1.302476273849606514e-03
4.937524902343750000e+03 -1.302950899116694927e-03
4.937386230468750000e+03 -1.303307013586163521e-03
4.937247558593750000e+03 -1.303663011640310287e-03
4.937195312500000000e+03 -1.303796656429767609e-03
4.937000488281250000e+03 -1.304297242313623428e-03
4.936824707031250000e+03 -1.304747769609093666e-03
4.936649414062500000e+03 -1.305198413319885731e-03
4.936473632812500000e+03 -1.305648940615355968e-03
4.936298339843750000e+03 -1.306099584326148033e-03
4.936122558593750000e+03 -1.306550111621618271e-03
4.935947265625000000e+03 -1.307000755332410336e-03
4.935771484375000000e+03 -1.307451282627880573e-03
4.935596191406250000e+03 -1.307901809923350811e-03
4.935420410156250000e+03 -1.308352453634142876e-03
4.935245117187500000e+03 -1.308802980929613113e-03
4.935069335937500000e+03 -1.309253508225083351e-03
4.934894042968750000e+03 -1.309704035520553589e-03
4.934718261718750000e+03 -1.310154562816023827e-03
4.934586914062500000e+03 -1.310492400079965591e-03
4.934455078125000000e+03 -1.310830353759229183e-03
4.934331542968750000e+03 -1.311147119849920273e-03
4.934220703125000000e+03 -1.311432104557752609e-03
4.934054199218750000e+03 -1.311859698034822941e-03
4.933887207031250000e+03 -1.312287291511893272e-03
4.933720703125000000e+03 -1.312714884988963604e-03
4.933554199218750000e+03 -1.313142362050712109e-03
4.933387695312500000e+03 -1.313569955527782440e-03
4.933220703125000000e+03 -1.313997432589530945e-03
4.933054199218750000e+03 -1.314425026066601276e-03
4.932887695312500000e+03 -1.314852503128349781e-03
4.932721191406250000e+03 -1.315279980190098286e-03
4.932554199218750000e+03 -1.315707457251846790e-03
4.932387695312500000e+03 -1.316134817898273468e-03
4.932221191406250000e+03 -1.316562294960021973e-03
4.932096191406250000e+03 -1.316882786341011524e-03
4.931971191406250000e+03 -1.317203394137322903e-03
4.931854003906250000e+03 -1.317503862082958221e-03
4.931748535156250000e+03 -1.317774294875562191e-03
4.931590332031250000e+03 -1.318179769441485405e-03
4.931432128906250000e+03 -1.318585360422730446e-03
4.931273925781250000e+03 -1.318990834988653660e-03
4.931115722656250000e+03 -1.319396425969898701e-03
4.930958007812500000e+03 -1.319801784120500088e-03
4.930799804687500000e+03 -1.320207258686423302e-03
4.930641601562500000e+03 -1.320612616837024689e-03
4.930483398437500000e+03 -1.321017858572304249e-03
4.930325195312500000e+03 -1.321423216722905636e-03
4.930166992187500000e+03 -1.321828342042863369e-03
4.930008789062500000e+03 -1.322233467362821102e-03
4.929850585937500000e+03 -1.322638592682778835e-03
4.929692382812500000e+03 -1.323043601587414742e-03
4.929534179687500000e+03 -1.323448494076728821e-03
4.929375976562500000e+03 -1.323853270150721073e-03
4.929218261718750000e+03 -1.324257929809391499e-03
4.929060058593750000e+03 -1.324662589468061924e-03
4.928901855468750000e+03 -1.325067016296088696e-03
4.928783203125000000e+03 -1.325370394624769688e-03
4.928664550781250000e+03 -1.325673540122807026e-03
4.928620117187500000e+03 -1.325787277892231941e-03
4.928453125000000000e+03 -1.326213474385440350e-03
4.928303222656250000e+03 -1.326596830040216446e-03
4.928152832031250000e+03 -1.326980069279670715e-03
4.928002929687500000e+03 -1.327363075688481331e-03
4.927852539062500000e+03 -1.327745849266648293e-03
4.927702636718750000e+03 -1.328128506429493427e-03
4.927552246093750000e+03 -1.328510814346373081e-03
4.927402343750000000e+03 -1.328892889432609081e-03
4.927251953125000000e+03 -1.329274615272879601e-03
4.927102050781250000e+03 -1.329656108282506466e-03
4.926951660156250000e+03 -1.330037135630846024e-03
4.926801757812500000e+03 -1.330417697317898273e-03
4.926651855468750000e+03 -1.330797909758985043e-03
4.926501464843750000e+03 -1.331177540123462677e-03
4.926351562500000000e+03 -1.331556588411331177e-03
4.926201171875000000e+03 -1.331934938207268715e-03
4.926051269531250000e+03 -1.332312589511275291e-03
4.925900878906250000e+03 -1.332689425908029079e-03
4.925750976562500000e+03 -1.333065447397530079e-03
4.925600585937500000e+03 -1.333440304733812809e-03
4.925450683593750000e+03 -1.333814114332199097e-03
4.925300292968750000e+03 -1.334186643362045288e-03
4.925150390625000000e+03 -1.334557775408029556e-03
4.925000000000000000e+03 -1.334927394054830074e-03
4.924850097656250000e+03 -1.335295150056481361e-03
4.924699707031250000e+03 -1.335660926997661591e-03
4.924549804687500000e+03 -1.336024608463048935e-03
4.924399902343750000e+03 -1.336385612376034260e-03
4.924249511718750000e+03 -1.336743822321295738e-03
4.924099609375000000e+03 -1.337098889052867889e-03
4.923949218750000000e+03 -1.337450696155428886e-03
4.923799316406250000e+03 -1.337798428721725941e-03
4.923648925781250000e+03 -1.338141853921115398e-03
4.923499023437500000e+03 -1.338480738922953606e-03
4.923348632812500000e+03 -1.338814152404665947e-03
4.923198730468750000e+03 -1.339141628704965115e-03
4.923127441406250000e+03 -1.339294947683811188e-03
4.922973144531250000e+03 -1.339621492661535740e-03
4.922896484375000000e+03 -1.339781912975013256e-03
4.922780761718750000e+03 -1.340017886832356453e-03
4.922607910156250000e+03 -1.340361195616424084e-03
4.922445312500000000e+03 -1.340677379630506039e-03
4.922299316406250000e+03 -1.340948161669075489e-03
4.922162109375000000e+03 -1.341197406873106956e-03
4.922039062500000000e+03 -1.341411727480590343e-03
4.921923339843750000e+03 -1.341603114269673824e-03
4.921819335937500000e+03 -1.341766794212162495e-03
4.921663574218750000e+03 -1.342025003395974636e-03
4.921507324218750000e+03 -1.342259813100099564e-03
4.921351074218750000e+03 -1.342483446933329105e-03
4.921195312500000000e+03 -1.342695439234375954e-03
4.921039062500000000e+03 -1.342897652648389339e-03
4.920893066406250000e+03 -1.343065057881176472e-03
4.920761230468750000e+03 -1.343235955573618412e-03
4.920563964843750000e+03 -1.343464362435042858e-03
4.920378906250000000e+03 -1.343669253401458263e-03
4.920211914062500000e+03 -1.343851676210761070e-03
4.920149414062500000e+03 -1.343909651041030884e-03
4.920055664062500000e+03 -1.344006625004112720e-03
4.919915039062500000e+03 -1.344172866083681583e-03
4.919704589843750000e+03 -1.344402437098324299e-03
4.919625488281250000e+03 -1.344482763670384884e-03
4.919506835937500000e+03 -1.344629330560564995e-03
4.919328613281250000e+03 -1.344832591712474823e-03
4.919262207031250000e+03 -1.344912569038569927e-03
4.919162109375000000e+03 -1.345031429082155228e-03
4.919011718750000000e+03 -1.345214433968067169e-03
4.918786621093750000e+03 -1.345504308119416237e-03
4.918575683593750000e+03 -1.345789758488535881e-03
4.918385253906250000e+03 -1.346055185422301292e-03
4.918207519531250000e+03 -1.346308272331953049e-03
4.918046875000000000e+03 -1.346546225249767303e-03
4.917986816406250000e+03 -1.346635865047574043e-03
4.917896972656250000e+03 -1.346772303804755211e-03
4.917761230468750000e+03 -1.346981967799365520e-03
4.917558593750000000e+03 -1.347305718809366226e-03
4.917355468750000000e+03 -1.347636338323354721e-03
4.917152832031250000e+03 -1.347973709926009178e-03
4.917076660156250000e+03 -1.348100486211478710e-03
4.916962402343750000e+03 -1.348293153569102287e-03
4.916791503906250000e+03 -1.348587218672037125e-03
4.916630859375000000e+03 -1.348864636383950710e-03
4.916486328125000000e+03 -1.349117606878280640e-03
4.916269531250000000e+03 -1.349502475932240486e-03
4.916053222656250000e+03 -1.349890837445855141e-03
4.915836425781250000e+03 -1.350281992927193642e-03
4.915619628906250000e+03 -1.350674894638359547e-03
4.915402832031250000e+03 -1.351070008240640163e-03
4.915321777343750000e+03 -1.351216575130820274e-03
4.915199707031250000e+03 -1.351440907455980778e-03
4.915017089843750000e+03 -1.351777580566704273e-03
4.914948730468750000e+03 -1.351902727037668228e-03
4.914845703125000000e+03 -1.352091785520315170e-03
4.914691406250000000e+03 -1.352377817966043949e-03
4.914459960937500000e+03 -1.352807274088263512e-03
4.914373046875000000e+03 -1.352966413833200932e-03
4.914243164062500000e+03 -1.353209372609853745e-03
4.914047851562500000e+03 -1.353572355583310127e-03
4.913864746093750000e+03 -1.353912288323044777e-03
4.913700195312500000e+03 -1.354218926280736923e-03
4.913453125000000000e+03 -1.354683772660791874e-03
4.913360351562500000e+03 -1.354855136014521122e-03
4.913221191406250000e+03 -1.355116604827344418e-03
4.913012695312500000e+03 -1.355507643893361092e-03
4.912934570312500000e+03 -1.355653046630322933e-03
4.912817382812500000e+03 -1.355871791020035744e-03
4.912641601562500000e+03 -1.356203225441277027e-03
4.912377929687500000e+03 -1.356698456220328808e-03
4.912113769531250000e+03 -1.357194734737277031e-03
4.911850097656250000e+03 -1.357690431177616119e-03
4.911585937500000000e+03 -1.358185894787311554e-03
4.911322265625000000e+03 -1.358682755380868912e-03
4.911058593750000000e+03 -1.359179965220391750e-03
4.910794433593750000e+03 -1.359671470709145069e-03
4.910530761718750000e+03 -1.360166701488196850e-03
4.910431640625000000e+03 -1.360357506200671196e-03
4.910283203125000000e+03 -1.360638882033526897e-03
4.910060546875000000e+03 -1.361058210022747517e-03
4.909977050781250000e+03 -1.361214322969317436e-03
4.909852050781250000e+03 -1.361449249088764191e-03
4.909664062500000000e+03 -1.361804665066301823e-03
4.909382324218750000e+03 -1.362336450256407261e-03
4.909100585937500000e+03 -1.362868002615869045e-03
4.908818847656250000e+03 -1.363400951959192753e-03
4.908537109375000000e+03 -1.363934366963803768e-03
4.908255371093750000e+03 -1.364467665553092957e-03
4.907973632812500000e+03 -1.365000847727060318e-03
4.907691894531250000e+03 -1.365534379146993160e-03
4.907410156250000000e+03 -1.366067095659673214e-03
4.907128417968750000e+03 -1.366600510664284229e-03
4.907022460937500000e+03 -1.366798882372677326e-03
4.906864257812500000e+03 -1.367098768241703510e-03
4.906626464843750000e+03 -1.367548713460564613e-03
4.906270019531250000e+03 -1.368223573081195354e-03
4.905734863281250000e+03 -1.369236153550446033e-03
4.905534179687500000e+03 -1.369633013382554054e-03
4.905233398437500000e+03 -1.370203681290149689e-03
4.905120605468750000e+03 -1.370415673591196537e-03
4.904951171875000000e+03 -1.370737911202013493e-03
4.904697265625000000e+03 -1.371220918372273445e-03
4.904602539062500000e+03 -1.371401012875139713e-03
4.904459472656250000e+03 -1.371671678498387337e-03
4.904245117187500000e+03 -1.372080878354609013e-03
4.903923828125000000e+03 -1.372694387100636959e-03
4.903602539062500000e+03 -1.373307895846664906e-03
4.903423828125000000e+03 -1.373645965941250324e-03
4.903270019531250000e+03 -1.373941777274012566e-03
4.903116210937500000e+03 -1.374235027469694614e-03
4.902961914062500000e+03 -1.374527462758123875e-03
4.902731445312500000e+03 -1.374967629089951515e-03
4.902384765625000000e+03 -1.375627703964710236e-03
4.902254882812500000e+03 -1.375879161059856415e-03
4.902060058593750000e+03 -1.376252504996955395e-03
4.901768066406250000e+03 -1.376813161186873913e-03
4.901475585937500000e+03 -1.377372769638895988e-03
4.901183593750000000e+03 -1.377928885631263256e-03
4.900745117187500000e+03 -1.378765562549233437e-03
4.900580566406250000e+03 -1.379089313559234142e-03
4.900333984375000000e+03 -1.379560562781989574e-03
4.899964355468750000e+03 -1.380270114168524742e-03
4.899594726562500000e+03 -1.380979316309094429e-03
4.899224609375000000e+03 -1.381689915433526039e-03
4.898854980468750000e+03 -1.382401213049888611e-03
4.898484863281250000e+03 -1.383112510666251183e-03
4.898115234375000000e+03 -1.383823808282613754e-03
4.897745117187500000e+03 -1.384535455144941807e-03
4.897375488281250000e+03 -1.385247451253235340e-03
4.897005371093750000e+03 -1.385959796607494354e-03
4.896635742187500000e+03 -1.386672374792397022e-03
4.896265625000000000e+03 -1.387384370900690556e-03
4.895895996093750000e+03 -1.388097298331558704e-03
4.895757324218750000e+03 -1.388363074511289597e-03
4.895549316406250000e+03 -1.388764241710305214e-03
4.895237304687500000e+03 -1.389365876093506813e-03
4.894769042968750000e+03 -1.390275079756975174e-03
4.894300781250000000e+03 -1.391180325299501419e-03
4.893833007812500000e+03 -1.392085570842027664e-03
4.893364746093750000e+03 -1.392989652231335640e-03
4.892896484375000000e+03 -1.393896527588367462e-03
4.892428710937500000e+03 -1.394801889546215534e-03
4.891960449218750000e+03 -1.395709346979856491e-03
4.891492187500000000e+03 -1.396615873090922832e-03
4.891024414062500000e+03 -1.397524029016494751e-03
4.890556152343750000e+03 -1.398432650603353977e-03
4.890087890625000000e+03 -1.399340922944247723e-03
4.889620117187500000e+03 -1.400249195285141468e-03
4.889151855468750000e+03 -1.401157700456678867e-03
4.888683593750000000e+03 -1.402066554874181747e-03
4.888215820312500000e+03 -1.402975525707006454e-03
4.887747558593750000e+03 -1.403884612955152988e-03
4.887279296875000000e+03 -1.404794049449265003e-03
4.886811523437500000e+03 -1.405702321790158749e-03
4.886343261718750000e+03 -1.406611758284270763e-03
4.885641113281250000e+03 -1.407979405485093594e-03
4.884938964843750000e+03 -1.409345422871410847e-03
4.884236816406250000e+03 -1.410708297044038773e-03
4.883720703125000000e+03 -1.411710167303681374e-03
4.878794921875000000e+03 -1.421288121491670609e-03
4.873869140625000000e+03 -1.430795877240598202e-03
4.868943359375000000e+03 -1.440153573639690876e-03
4.864017578125000000e+03 -1.449258998036384583e-03
4.859091308593750000e+03 -1.457822043448686600e-03
4.855396972656250000e+03 -1.463600667193531990e-03
4.851702636718750000e+03 -1.467804191634058952e-03
4.850779296875000000e+03 -1.468301867134869099e-03
4.849855468750000000e+03 -1.468183356337249279e-03
4.848932128906250000e+03 -1.466544345021247864e-03
4.848701171875000000e+03 -1.465848064981400967e-03
4.848470214843750000e+03 -1.464806380681693554e-03
4.848124023437500000e+03 -1.461693202145397663e-03
4.847777343750000000e+03 -1.451050164178013802e-03
4.847517578125000000e+03 -1.419895561411976814e-03
4.847257812500000000e+03 -1.375626539811491966e-03
4.846998046875000000e+03 -1.348139601759612560e-03
4.846738281250000000e+03 -1.335488515906035900e-03
4.846478515625000000e+03 -1.330065657384693623e-03
4.846218750000000000e+03 -1.327733742073178291e-03
4.845829101562500000e+03 -1.326541183516383171e-03
4.845439453125000000e+03 -1.326085068285465240e-03
4.845049804687500000e+03 -1.325895544141530991e-03
4.844465332031250000e+03 -1.325782621279358864e-03
4.844313476562500000e+03 -1.325761899352073669e-03
4.839387695312500000e+03 -1.326067256741225719e-03
4.834461914062500000e+03 -1.327179255895316601e-03
4.829536132812500000e+03 -1.328905462287366390e-03
4.824610351562500000e+03 -1.331085804849863052e-03
4.819684570312500000e+03 -1.333632855676114559e-03
4.814758789062500000e+03 -1.336454413831233978e-03
4.809832519531250000e+03 -1.339522423222661018e-03
4.804906738281250000e+03 -1.342791831120848656e-03
4.799980957031250000e+03 -1.346239470876753330e-03
4.795055175781250000e+03 -1.349815865978598595e-03
4.790129394531250000e+03 -1.353535335510969162e-03
4.785203613281250000e+03 -1.357337809167802334e-03
4.780277832031250000e+03 -1.361250062473118305e-03
4.775352050781250000e+03 -1.365238218568265438e-03
4.770426269531250000e+03 -1.369274337776005268e-03
4.765500000000000000e+03 -1.373392762616276741e-03
4.760574218750000000e+03 -1.377540174871683121e-03
4.755648437500000000e+03 -1.381733221933245659e-03
4.750722656250000000e+03 -1.385950599797070026e-03
4.745796875000000000e+03 -1.390186371281743050e-03
4.740871093750000000e+03 -1.394428312778472900e-03
4.735945312500000000e+03 -1.398679334670305252e-03
4.731019531250000000e+03 -1.402909401804208755e-03
4.726093750000000000e+03 -1.407123520039021969e-03
4.721167480468750000e+03 -1.411310862749814987e-03
4.716241699218750000e+03 -1.415405888110399246e-03
4.711315917968750000e+03 -1.419442123733460903e-03
4.706390136718750000e+03 -1.423323759809136391e-03
4.705158691406250000e+03 -1.424266607500612736e-03
4.703927246093750000e+03 -1.425185706466436386e-03
4.702695800781250000e+03 -1.426085596904158592e-03
4.701464355468750000e+03 -1.426956150680780411e-03
4.700232910156250000e+03 -1.427794224582612514e-03
4.699001464843750000e+03 -1.428586896508932114e-03
4.698539550781250000e+03 -1.428876654244959354e-03
4.697846679687500000e+03 -1.429287367500364780e-03
4.697327636718750000e+03 -1.429577008821070194e-03
4.696808105468750000e+03 -1.429849071428179741e-03
4.696288574218750000e+03 -1.430096803233027458e-03
4.695898925781250000e+03 -1.430265954695641994e-03
4.695509277343750000e+03 -1.430416479706764221e-03
4.695119628906250000e+03 -1.430541044101119041e-03
4.694827148437500000e+03 -1.430615549907088280e-03
4.694535156250000000e+03 -1.430667005479335785e-03
4.694425292968750000e+03 -1.430683187209069729e-03
4.694261230468750000e+03 -1.430698903277516365e-03
4.694014648437500000e+03 -1.430695061571896076e-03
4.693768066406250000e+03 -1.430656760931015015e-03
4.693521484375000000e+03 -1.430573640391230583e-03
4.693428710937500000e+03 -1.430536736734211445e-03
4.693290039062500000e+03 -1.430460950359702110e-03
4.693082031250000000e+03 -1.430282834917306900e-03
4.692770019531250000e+03 -1.429747557267546654e-03
4.692458007812500000e+03 -1.428723917342722416e-03
4.692145996093750000e+03 -1.426994916982948780e-03
4.691833984375000000e+03 -1.424869755282998085e-03
4.691521972656250000e+03 -1.423095469363033772e-03
4.691209472656250000e+03 -1.421963796019554138e-03
4.690897460937500000e+03 -1.421364606358110905e-03
4.690585449218750000e+03 -1.421110006049275398e-03
4.690117187500000000e+03 -1.421123160980641842e-03
4.689649414062500000e+03 -1.421314897015690804e-03
4.689181152343750000e+03 -1.421590102836489677e-03
4.688479003906250000e+03 -1.422074856236577034e-03
4.687425781250000000e+03 -1.422851812094449997e-03
4.686687011718750000e+03 -1.423406298272311687e-03
4.685455078125000000e+03 -1.424349495209753513e-03
4.684223632812500000e+03 -1.425300142727792263e-03
4.682992187500000000e+03 -1.426258357241749763e-03
4.681145019531250000e+03 -1.427707378752529621e-03
4.679297851562500000e+03 -1.429167692549526691e-03
4.677450683593750000e+03 -1.430637552402913570e-03
4.675603515625000000e+03 -1.432114862836897373e-03
4.673756347656250000e+03 -1.433598110452294350e-03
4.671909179687500000e+03 -1.435086014680564404e-03
4.670062011718750000e+03 -1.436577644199132919e-03
4.668214843750000000e+03 -1.438071834854781628e-03
4.666983398437500000e+03 -1.439068350009620190e-03
4.665751953125000000e+03 -1.440068357624113560e-03
4.664520507812500000e+03 -1.441067899577319622e-03
4.663289062500000000e+03 -1.442064880393445492e-03
4.661441894531250000e+03 -1.443560817278921604e-03
4.659594726562500000e+03 -1.445057219825685024e-03
4.657747558593750000e+03 -1.446552691049873829e-03
4.655900390625000000e+03 -1.448046416044235229e-03
4.654053222656250000e+03 -1.449537929147481918e-03
4.652206054687500000e+03 -1.451026648283004761e-03
4.650358886718750000e+03 -1.452512224204838276e-03
4.648511718750000000e+03 -1.453994074836373329e-03
4.647280273437500000e+03 -1.454979414120316505e-03
4.646048828125000000e+03 -1.455963472835719585e-03
4.644817382812500000e+03 -1.456944737583398819e-03
4.643585937500000000e+03 -1.457924023270606995e-03
4.642354492187500000e+03 -1.458900980651378632e-03
4.641122558593750000e+03 -1.459875493310391903e-03
4.639891113281250000e+03 -1.460847212001681328e-03
4.638659667968750000e+03 -1.461816253140568733e-03
4.637428222656250000e+03 -1.462782383896410465e-03
4.636196777343750000e+03 -1.463745371438562870e-03
4.634965332031250000e+03 -1.464705215767025948e-03
4.633733886718750000e+03 -1.465661684051156044e-03
4.632502441406250000e+03 -1.466614776290953159e-03
4.631270996093750000e+03 -1.467564143240451813e-03
4.630039550781250000e+03 -1.468509668484330177e-03
4.628808105468750000e+03 -1.469451352022588253e-03
4.627576660156250000e+03 -1.470388961024582386e-03
4.626345214843750000e+03 -1.471321680583059788e-03
4.625113769531250000e+03 -1.472251024097204208e-03
4.623882324218750000e+03 -1.473175361752510071e-03
4.622650878906250000e+03 -1.474094809964299202e-03
4.621419433593750000e+03 -1.475009368732571602e-03
4.620187988281250000e+03 -1.475918805226683617e-03
4.618956542968750000e+03 -1.476822886615991592e-03
4.617725097656250000e+03 -1.477721263654530048e-03
4.616493652343750000e+03 -1.478613936342298985e-03
4.615262207031250000e+03 -1.479500671848654747e-03
4.614030761718750000e+03 -1.480381004512310028e-03
4.612799316406250000e+03 -1.481254817917943001e-03
4.611567871093750000e+03 -1.482122577726840973e-03
4.610336425781250000e+03 -1.482982886955142021e-03
4.609104980468750000e+03 -1.483835396356880665e-03
4.607873535156250000e+03 -1.484680222347378731e-03
4.607257812500000000e+03 -1.485100248828530312e-03
4.606642089843750000e+03 -1.485516782850027084e-03
4.606026367187500000e+03 -1.485925633460283279e-03
4.605410644531250000e+03 -1.486342633143067360e-03
4.604486816406250000e+03 -1.486958819441497326e-03
4.603563476562500000e+03 -1.487568253651261330e-03
4.602639648437500000e+03 -1.488172449171543121e-03
4.601716308593750000e+03 -1.488770707510411739e-03
4.600792480468750000e+03 -1.489362563006579876e-03
4.599869140625000000e+03 -1.489947782829403877e-03
4.598945312500000000e+03 -1.490526017732918262e-03
4.598021484375000000e+03 -1.491096918471157551e-03
4.597098144531250000e+03 -1.491659902967512608e-03
4.596174316406250000e+03 -1.492214389145374298e-03
4.595250976562500000e+03 -1.492762006819248199e-03
4.594327148437500000e+03 -1.493296818807721138e-03
4.594096191406250000e+03 -1.493426854722201824e-03
4.593865722656250000e+03 -1.493555493652820587e-03
4.593519042968750000e+03 -1.493750372901558876e-03
4.592999511718750000e+03 -1.494033611379563808e-03
4.592804687500000000e+03 -1.494144904427230358e-03
4.592512695312500000e+03 -1.494306954555213451e-03
4.592074218750000000e+03 -1.494545838795602322e-03
4.591635742187500000e+03 -1.494781114161014557e-03
4.591197753906250000e+03 -1.495012314990162849e-03
4.590759277343750000e+03 -1.495239557698369026e-03
4.590320800781250000e+03 -1.495462842285633087e-03
4.589882324218750000e+03 -1.495681703090667725e-03
4.589444335937500000e+03 -1.495895907282829285e-03
4.589005859375000000e+03 -1.496104989200830460e-03
4.588567382812500000e+03 -1.496308483183383942e-03
4.588169921875000000e+03 -1.496487879194319248e-03
4.588016113281250000e+03 -1.496554934419691563e-03
4.587862304687500000e+03 -1.496621640399098396e-03
4.587708007812500000e+03 -1.496687880717217922e-03
4.587477539062500000e+03 -1.496785320341587067e-03
4.587130859375000000e+03 -1.496927812695503235e-03
4.586784667968750000e+03 -1.497065066359937191e-03
4.586438476562500000e+03 -1.497196033596992493e-03
4.586091796875000000e+03 -1.497320132330060005e-03
4.585745605468750000e+03 -1.497436431236565113e-03
4.585399414062500000e+03 -1.497544115409255028e-03
4.585052734375000000e+03 -1.497641671448945999e-03
4.584706542968750000e+03 -1.497727469541132450e-03
4.584360351562500000e+03 -1.497799297794699669e-03
4.584273437500000000e+03 -1.497815130278468132e-03
4.584187011718750000e+03 -1.497829216532409191e-03
4.584057128906250000e+03 -1.497847377322614193e-03
4.583862304687500000e+03 -1.497868914157152176e-03
4.583570312500000000e+03 -1.497884280979633331e-03
4.583460449218750000e+03 -1.497887307778000832e-03
4.583295898437500000e+03 -1.497885328717529774e-03
4.583234375000000000e+03 -1.497883349657058716e-03
4.583142089843750000e+03 -1.497877528890967369e-03
4.583003417968750000e+03 -1.497861929237842560e-03
4.582795410156250000e+03 -1.497821533121168613e-03
4.582717285156250000e+03 -1.497803372330963612e-03
4.582600097656250000e+03 -1.497767516411840916e-03
4.582424804687500000e+03 -1.497693592682480812e-03
4.582260253906250000e+03 -1.497605815529823303e-03
4.582111816406250000e+03 -1.497494289651513100e-03
4.581963867187500000e+03 -1.497348770499229431e-03
4.581815917968750000e+03 -1.497156685218214989e-03
4.581760253906250000e+03 -1.497076940722763538e-03
4.581551757812500000e+03 -1.496638986282050610e-03
4.581435058593750000e+03 -1.496292185038328171e-03
4.581329589843750000e+03 -1.495793578214943409e-03
4.581224121093750000e+03 -1.494941767305135727e-03
4.581171386718750000e+03 -1.494489610195159912e-03
4.581072265625000000e+03 -1.492899144068360329e-03
4.580968750000000000e+03 -1.476184115745127201e-03
4.580879394531250000e+03 -1.457611913792788982e-03
4.580774902343750000e+03 -1.450146897695958614e-03
4.580668457031250000e+03 -1.397917047142982483e-03
4.580574218750000000e+03 -1.378564978949725628e-03
4.580485351562500000e+03 -1.369514036923646927e-03
4.580358398437500000e+03 -1.362249604426324368e-03
4.580200195312500000e+03 -1.357315341010689735e-03
4.580057617187500000e+03 -1.354958862066268921e-03
4.579843750000000000e+03 -1.353056868538260460e-03
4.579523437500000000e+03 -1.351794926449656487e-03
4.579042480468750000e+03 -1.351190847344696522e-03
4.578320800781250000e+03 -1.351124956272542477e-03
4.577238769531250000e+03 -1.351448590867221355e-03
4.575615234375000000e+03 -1.352093531750142574e-03
4.573180664062500000e+03 -1.353109371848404408e-03
4.569528320312500000e+03 -1.354656531475484371e-03
4.568466308593750000e+03 -1.355106360279023647e-03
4.548762695312500000e+03 -1.363780698738992214e-03
4.529059570312500000e+03 -1.372878439724445343e-03
4.509355957031250000e+03 -1.382336253300309181e-03
4.489652832031250000e+03 -1.392095466144382954e-03
4.469949218750000000e+03 -1.402102294377982616e-03
4.450246093750000000e+03 -1.412302604876458645e-03
4.430542480468750000e+03 -1.422644592821598053e-03
4.410839355468750000e+03 -1.433018594980239868e-03
4.405913574218750000e+03 -1.435579266399145126e-03
4.402219238281250000e+03 -1.437494996935129166e-03
4.401295410156250000e+03 -1.437976723536849022e-03
4.399910156250000000e+03 -1.438693492673337460e-03
4.397832031250000000e+03 -1.439761952497065067e-03
4.394714843750000000e+03 -1.441353582777082920e-03
4.393935546875000000e+03 -1.441746950149536133e-03
4.393156250000000000e+03 -1.442139735445380211e-03
4.391987304687500000e+03 -1.442728214897215366e-03
4.391135742187500000e+03 -1.443155109882354736e-03
4.390828125000000000e+03 -1.443307148292660713e-03
4.390520019531250000e+03 -1.443461515009403229e-03
4.390212402343750000e+03 -1.443615183234214783e-03
4.389750488281250000e+03 -1.443845103494822979e-03
4.389058105468750000e+03 -1.444188994355499744e-03
4.388019042968750000e+03 -1.444701221771538258e-03
4.387629394531250000e+03 -1.444892724975943565e-03
4.387044921875000000e+03 -1.445180620066821575e-03
4.386825683593750000e+03 -1.445287838578224182e-03
4.386496582031250000e+03 -1.445448142476379871e-03
4.386003417968750000e+03 -1.445688656531274319e-03
4.385264160156250000e+03 -1.446047914214432240e-03
4.384524414062500000e+03 -1.446405542083084583e-03
4.383784667968750000e+03 -1.446761772967875004e-03
4.383507324218750000e+03 -1.446894952096045017e-03
4.383090820312500000e+03 -1.447093556635081768e-03
4.382466796875000000e+03 -1.447391812689602375e-03
4.382232910156250000e+03 -1.447502989321947098e-03
4.381881835937500000e+03 -1.447669463232159615e-03
4.381354980468750000e+03 -1.447918475605547428e-03
4.381157714843750000e+03 -1.448012655600905418e-03
4.380861328125000000e+03 -1.448152470402419567e-03
4.380416992187500000e+03 -1.448361552320420742e-03
4.380250488281250000e+03 -1.448439084924757481e-03
4.380000488281250000e+03 -1.448556431569159031e-03
4.379625488281250000e+03 -1.448731636628508568e-03
4.379063476562500000e+03 -1.448994851671159267e-03
4.378852539062500000e+03 -1.449094153940677643e-03
4.378536132812500000e+03 -1.449240953661501408e-03
4.378061523437500000e+03 -1.449459698051214218e-03
4.377883789062500000e+03 -1.449542003683745861e-03
4.377616699218750000e+03 -1.449665753170847893e-03
4.377216308593750000e+03 -1.449849922209978104e-03
4.377066406250000000e+03 -1.449918723665177822e-03
4.376841308593750000e+03 -1.450023031793534756e-03
4.376503417968750000e+03 -1.450177282094955444e-03
4.376376464843750000e+03 -1.450235489755868912e-03
4.376186523437500000e+03 -1.450322684831917286e-03
4.375901855468750000e+03 -1.450452720746397972e-03
4.375474121093750000e+03 -1.450646435841917992e-03
4.375313964843750000e+03 -1.450720359571278095e-03
4.375073242187500000e+03 -1.450829557143151760e-03
4.374712402343750000e+03 -1.450992189347743988e-03
4.374577148437500000e+03 -1.451053773052990437e-03
4.374374511718750000e+03 -1.451145391911268234e-03
4.374070312500000000e+03 -1.451281597837805748e-03
4.373613769531250000e+03 -1.451486372388899326e-03
4.373442382812500000e+03 -1.451564021408557892e-03
4.373185546875000000e+03 -1.451678806915879250e-03
4.373089355468750000e+03 -1.451720832847058773e-03
4.372944824218750000e+03 -1.451784744858741760e-03
4.372728027343750000e+03 -1.451880438253283501e-03
4.372403320312500000e+03 -1.452023047022521496e-03
4.371915527343750000e+03 -1.452236319892108440e-03
4.371794921875000000e+03 -1.452288823202252388e-03
4.371613769531250000e+03 -1.452367636375129223e-03
4.371432617187500000e+03 -1.452444586902856827e-03
4.371278808593750000e+03 -1.452510245144367218e-03
4.371201660156250000e+03 -1.452543074265122414e-03
4.371086425781250000e+03 -1.452592201530933380e-03
4.370913085937500000e+03 -1.452665426768362522e-03
4.370653320312500000e+03 -1.452774857170879841e-03
4.370556152343750000e+03 -1.452815136872231960e-03
4.370409667968750000e+03 -1.452875672839581966e-03
4.370272949218750000e+03 -1.452932017855346203e-03
4.370149414062500000e+03 -1.452982309274375439e-03
4.369964355468750000e+03 -1.453057164326310158e-03
4.369895019531250000e+03 -1.453085104003548622e-03
4.369791015625000000e+03 -1.453126664273440838e-03
4.369635253906250000e+03 -1.453188364394009113e-03
4.369488769531250000e+03 -1.453245640732347965e-03
4.369357421875000000e+03 -1.453296281397342682e-03
4.369159667968750000e+03 -1.453370787203311920e-03
4.369061035156250000e+03 -1.453407690860331059e-03
4.368875976562500000e+03 -1.453475444577634335e-03
4.368709472656250000e+03 -1.453534117899835110e-03
4.368646972656250000e+03 -1.453556003980338573e-03
4.368553222656250000e+03 -1.453588134609162807e-03
4.368412597656250000e+03 -1.453634351491928101e-03
4.368359863281250000e+03 -1.453651580959558487e-03
4.368162109375000000e+03 -1.453712815418839455e-03
4.368050781250000000e+03 -1.453745760954916477e-03
4.367950683593750000e+03 -1.453773234970867634e-03
4.367800781250000000e+03 -1.453811535611748695e-03
4.367650390625000000e+03 -1.453844713978469372e-03
4.367575683593750000e+03 -1.453859498724341393e-03
4.367387695312500000e+03 -1.453890581615269184e-03
4.367282226562500000e+03 -1.453901291824877262e-03
4.367187011718750000e+03 -1.453907112590968609e-03
4.367009277343750000e+03 -1.453897682949900627e-03
4.366902343750000000e+03 -1.453877426683902740e-03
4.366848632812500000e+03 -1.453861943446099758e-03
4.366795410156250000e+03 -1.453841803595423698e-03
4.366634765625000000e+03 -1.453724689781665802e-03
4.366554687500000000e+03 -1.453612232580780983e-03
4.366474609375000000e+03 -1.453450880944728851e-03
4.366394531250000000e+03 -1.453155069611966610e-03
4.366304199218750000e+03 -1.452178461477160454e-03
4.366204101562500000e+03 -1.448171911761164665e-03
4.366087890625000000e+03 -1.448580180294811726e-03
4.365986328125000000e+03 -1.449185307137668133e-03
4.365859375000000000e+03 -1.449765171855688095e-03
4.365745117187500000e+03 -1.450145849958062172e-03
4.365574218750000000e+03 -1.450573327019810677e-03
4.365317382812500000e+03 -1.451038639061152935e-03
4.364932128906250000e+03 -1.451546093448996544e-03
4.364354492187500000e+03 -1.452108263038098812e-03
4.363487792968750000e+03 -1.452772296033799648e-03
4.362187500000000000e+03 -1.453625387512147427e-03
4.360887207031250000e+03 -1.454425859265029430e-03
4.359587402343750000e+03 -1.455204561352729797e-03
4.358287109375000000e+03 -1.455973833799362183e-03
4.356987304687500000e+03 -1.456739148125052452e-03
4.355037109375000000e+03 -1.457883859984576702e-03
4.352112304687500000e+03 -1.459595980122685432e-03
4.351729003906250000e+03 -1.459826366044580936e-03
4.332025878906250000e+03 -1.471455441787838936e-03
4.312322753906250000e+03 -1.483230385929346085e-03
4.292619140625000000e+03 -1.495191711001098156e-03
4.272916015625000000e+03 -1.507324283011257648e-03
4.267989746093750000e+03 -1.510385773144662380e-03
4.263063964843750000e+03 -1.513454131782054901e-03
4.258138183593750000e+03 -1.516529591754078865e-03
4.253212402343750000e+03 -1.519615412689745426e-03
4.252904785156250000e+03 -1.519808312878012657e-03
4.252596679687500000e+03 -1.520002144388854504e-03
4.252289062500000000e+03 -1.520195626653730869e-03
4.251827148437500000e+03 -1.520485500805079937e-03
4.251134277343750000e+03 -1.520920195616781712e-03
4.250095214843750000e+03 -1.521572703495621681e-03
4.248536621093750000e+03 -1.522551290690898895e-03
4.246198730468750000e+03 -1.524021266959607601e-03
4.245322265625000000e+03 -1.524576102383434772e-03
4.244445312500000000e+03 -1.525128725916147232e-03
4.243568847656250000e+03 -1.525681000202894211e-03
4.242691894531250000e+03 -1.526233623735606670e-03
4.242363281250000000e+03 -1.526441774331033230e-03
4.241870117187500000e+03 -1.526753068901598454e-03
4.241130371093750000e+03 -1.527219894342124462e-03
4.240020996093750000e+03 -1.527920365333557129e-03
4.239188964843750000e+03 -1.528445864096283913e-03
4.238356445312500000e+03 -1.528972177766263485e-03
4.237524414062500000e+03 -1.529498258605599403e-03
4.236692382812500000e+03 -1.530024455860257149e-03
4.235443847656250000e+03 -1.530813635326921940e-03
4.234976074218750000e+03 -1.531111076474189758e-03
4.234507812500000000e+03 -1.531407819129526615e-03
4.234039550781250000e+03 -1.531703979708254337e-03
4.233509277343750000e+03 -1.532040303573012352e-03
4.233201171875000000e+03 -1.532235415652394295e-03
4.232893554687500000e+03 -1.532430644147098064e-03
4.232585449218750000e+03 -1.532625639811158180e-03
4.232123535156250000e+03 -1.532918307930231094e-03
4.231431152343750000e+03 -1.533357542939484119e-03
4.230392089843750000e+03 -1.534016337245702744e-03
4.228833496093750000e+03 -1.535004819743335247e-03
4.228249023437500000e+03 -1.535376883111894131e-03
4.227372070312500000e+03 -1.535934163257479668e-03
4.227043457031250000e+03 -1.536143361590802670e-03
4.226714843750000000e+03 -1.536352443508803844e-03
4.226385742187500000e+03 -1.536561409011483192e-03
4.225892578125000000e+03 -1.536875031888484955e-03
4.225153320312500000e+03 -1.537345116958022118e-03
4.224043457031250000e+03 -1.538050943054258823e-03
4.223627441406250000e+03 -1.538316253572702408e-03
4.223211425781250000e+03 -1.538581098429858685e-03
4.222795410156250000e+03 -1.538846059702336788e-03
4.222379394531250000e+03 -1.539111020974814892e-03
4.221962890625000000e+03 -1.539375865831971169e-03
4.221338867187500000e+03 -1.539773540571331978e-03
4.221104980468750000e+03 -1.539922668598592281e-03
4.220753906250000000e+03 -1.540146535262465477e-03
4.220227050781250000e+03 -1.540482044219970703e-03
4.219437500000000000e+03 -1.540985191240906715e-03
4.218252441406250000e+03 -1.541740843094885349e-03
4.218141601562500000e+03 -1.541812205687165260e-03
4.218030273437500000e+03 -1.541883102618157864e-03
4.217919433593750000e+03 -1.541953999549150467e-03
4.217752441406250000e+03 -1.542060403153300285e-03
4.217502441406250000e+03 -1.542219892144203186e-03
4.217127929687500000e+03 -1.542459009215235710e-03
4.216565429687500000e+03 -1.542818034067749977e-03
4.216354492187500000e+03 -1.542952726595103741e-03
4.216038085937500000e+03 -1.543154823593795300e-03
4.215563476562500000e+03 -1.543457736261188984e-03
4.214852050781250000e+03 -1.543911988846957684e-03
4.213805664062500000e+03 -1.544580445624887943e-03
4.213498046875000000e+03 -1.544777653180062771e-03
4.213267089843750000e+03 -1.544925267808139324e-03
4.213036132812500000e+03 -1.545072882436215878e-03
4.212689941406250000e+03 -1.545294420793652534e-03
4.212560058593750000e+03 -1.545377424918115139e-03
4.212365234375000000e+03 -1.545502105727791786e-03
4.212072753906250000e+03 -1.545688952319324017e-03
4.211963378906250000e+03 -1.545759034343063831e-03
4.211798828125000000e+03 -1.545864157378673553e-03
4.211552246093750000e+03 -1.546021900139749050e-03
4.211182617187500000e+03 -1.546258456073701382e-03
4.210627441406250000e+03 -1.546613406389951706e-03
4.210419433593750000e+03 -1.546746585518121719e-03
4.210107421875000000e+03 -1.546946354210376740e-03
4.209639648437500000e+03 -1.547246007248759270e-03
4.209463867187500000e+03 -1.547358464449644089e-03
4.209200683593750000e+03 -1.547527033835649490e-03
4.208805664062500000e+03 -1.547779887914657593e-03
4.208213378906250000e+03 -1.548159052617847919e-03
4.207991210937500000e+03 -1.548301661387085915e-03
4.207657714843750000e+03 -1.548515167087316513e-03
4.207157714843750000e+03 -1.548835309222340584e-03
4.206970214843750000e+03 -1.548955449834465981e-03
4.206689453125000000e+03 -1.549135777167975903e-03
4.206267578125000000e+03 -1.549406093545258045e-03
4.205634765625000000e+03 -1.549811451695859432e-03
4.205397460937500000e+03 -1.549963955767452717e-03
4.205041992187500000e+03 -1.550192129798233509e-03
4.204908203125000000e+03 -1.550277578644454479e-03
4.204708007812500000e+03 -1.550405984744429588e-03
4.204407714843750000e+03 -1.550598652102053165e-03
4.204107421875000000e+03 -1.550791319459676743e-03
4.203807128906250000e+03 -1.550983986817300320e-03
4.203694824218750000e+03 -1.551056164316833019e-03
4.203525878906250000e+03 -1.551164546981453896e-03
4.203272460937500000e+03 -1.551327062770724297e-03
4.203177734375000000e+03 -1.551388064399361610e-03
4.203035156250000000e+03 -1.551479566842317581e-03
4.202821289062500000e+03 -1.551616704091429710e-03
4.202500488281250000e+03 -1.551822409965097904e-03
4.202019531250000000e+03 -1.552131259813904762e-03
4.201839355468750000e+03 -1.552247093059122562e-03
4.201568847656250000e+03 -1.552420784719288349e-03
4.201467285156250000e+03 -1.552485977299511433e-03
4.201314941406250000e+03 -1.552583649754524231e-03
4.201086914062500000e+03 -1.552730333060026169e-03
4.200744628906250000e+03 -1.552950241602957249e-03
4.200230957031250000e+03 -1.553279929794371128e-03
4.199460449218750000e+03 -1.553774927742779255e-03
4.199171386718750000e+03 -1.553960726596415043e-03
4.198955078125000000e+03 -1.554100075736641884e-03
4.198738281250000000e+03 -1.554239424876868725e-03
4.198413085937500000e+03 -1.554448273964226246e-03
4.197925781250000000e+03 -1.554761664010584354e-03
4.197194335937500000e+03 -1.555231632664799690e-03
4.196097656250000000e+03 -1.555936993099749088e-03
4.195994628906250000e+03 -1.556003699079155922e-03
4.195891601562500000e+03 -1.556070055812597275e-03
4.195789062500000000e+03 -1.556136063300073147e-03
4.195634765625000000e+03 -1.556235365569591522e-03
4.195403320312500000e+03 -1.556384260766208172e-03
4.195056152343750000e+03 -1.556607661768794060e-03
4.194926269531250000e+03 -1.556691480800509453e-03
4.194730957031250000e+03 -1.556817092932760715e-03
4.194437988281250000e+03 -1.557005685754120350e-03
4.194102539062500000e+03 -1.557221636176109314e-03
4.193948242187500000e+03 -1.557320822030305862e-03
4.193794433593750000e+03 -1.557420007884502411e-03
4.193640625000000000e+03 -1.557519077323377132e-03
4.193409667968750000e+03 -1.557667739689350128e-03
4.193063476562500000e+03 -1.557890791445970535e-03
4.192543945312500000e+03 -1.558225369080901146e-03
4.192349121093750000e+03 -1.558350981213152409e-03
4.192056640625000000e+03 -1.558539341203868389e-03
4.191618652343750000e+03 -1.558821531943976879e-03
4.190960937500000000e+03 -1.559245283715426922e-03
4.190714355468750000e+03 -1.559404307045042515e-03
4.190467773437500000e+03 -1.559563330374658108e-03
4.190221191406250000e+03 -1.559722237288951874e-03
4.189851562500000000e+03 -1.559960539452731609e-03
4.189296386718750000e+03 -1.560318283736705780e-03
4.189088378906250000e+03 -1.560452510602772236e-03
4.188776367187500000e+03 -1.560653792694211006e-03
4.188659179687500000e+03 -1.560729346238076687e-03
4.188483886718750000e+03 -1.560842501930892467e-03
4.188220703125000000e+03 -1.561012351885437965e-03
4.188122070312500000e+03 -1.561076031066477299e-03
4.187973632812500000e+03 -1.561171608045697212e-03
4.187751464843750000e+03 -1.561315031722187996e-03
4.187418457031250000e+03 -1.561529934406280518e-03
4.187293457031250000e+03 -1.561610610224306583e-03
4.187105957031250000e+03 -1.561731565743684769e-03
4.186930175781250000e+03 -1.561845070682466030e-03
4.186771972656250000e+03 -1.561947050504386425e-03
4.186534667968750000e+03 -1.562100253067910671e-03
4.186178710937500000e+03 -1.562329824082553387e-03
4.185645019531250000e+03 -1.562674297019839287e-03
4.185444824218750000e+03 -1.562803634442389011e-03
4.185144531250000000e+03 -1.562997582368552685e-03
4.185032226562500000e+03 -1.563070341944694519e-03
4.184863281250000000e+03 -1.563179423101246357e-03
4.184609863281250000e+03 -1.563342986628413200e-03
4.184514648437500000e+03 -1.563404337503015995e-03
4.184372558593750000e+03 -1.563496305607259274e-03
4.184158691406250000e+03 -1.563634490594267845e-03
4.183837890625000000e+03 -1.563841593451797962e-03
4.183717773437500000e+03 -1.563919242471456528e-03
4.183537109375000000e+03 -1.564035774208605289e-03
4.183368164062500000e+03 -1.564144971780478954e-03
4.183215820312500000e+03 -1.564243459142744541e-03
4.182987792968750000e+03 -1.564390840940177441e-03
4.182645507812500000e+03 -1.564612030051648617e-03
4.182517089843750000e+03 -1.564695150591433048e-03
4.182324218750000000e+03 -1.564819598570466042e-03
4.182035644531250000e+03 -1.565006328746676445e-03
4.181927246093750000e+03 -1.565076294355094433e-03
4.181764648437500000e+03 -1.565181417390704155e-03
4.181520996093750000e+03 -1.565338927321135998e-03
4.181155273437500000e+03 -1.565575134009122849e-03
4.181018066406250000e+03 -1.565663958899676800e-03
4.180812500000000000e+03 -1.565796905197203159e-03
4.180735351562500000e+03 -1.565846847370266914e-03
4.180619628906250000e+03 -1.565921586006879807e-03
4.180446289062500000e+03 -1.566033810377120972e-03
4.180380859375000000e+03 -1.566075952723622322e-03
4.180283203125000000e+03 -1.566139049828052521e-03
4.180137207031250000e+03 -1.566233695484697819e-03
4.179917480468750000e+03 -1.566375838592648506e-03
4.179587890625000000e+03 -1.566588762216269970e-03
4.179464355468750000e+03 -1.566668739542365074e-03
4.179279296875000000e+03 -1.566788530908524990e-03
4.179209472656250000e+03 -1.566833700053393841e-03
4.179105468750000000e+03 -1.566901104524731636e-03
4.178948730468750000e+03 -1.567002269439399242e-03
4.178714355468750000e+03 -1.567153842188417912e-03
4.178362792968750000e+03 -1.567381550557911396e-03
4.178230468750000000e+03 -1.567466882988810539e-03
4.178032714843750000e+03 -1.567594939842820168e-03
4.177847167968750000e+03 -1.567715080454945564e-03
4.177680175781250000e+03 -1.567823113873600960e-03
4.177429687500000000e+03 -1.567985164001584053e-03
4.177054199218750000e+03 -1.568228239193558693e-03
4.176913085937500000e+03 -1.568319508805871010e-03
4.176702148437500000e+03 -1.568456296809017658e-03
4.176622558593750000e+03 -1.568507752381265163e-03
4.176503906250000000e+03 -1.568584702908992767e-03
4.176325683593750000e+03 -1.568700070492923260e-03
4.176258789062500000e+03 -1.568743376992642879e-03
4.176158203125000000e+03 -1.568808220326900482e-03
4.176007812500000000e+03 -1.568905659951269627e-03
4.175782226562500000e+03 -1.569051761180162430e-03
4.175697753906250000e+03 -1.569106592796742916e-03
4.175570800781250000e+03 -1.569188782013952732e-03
4.175380371093750000e+03 -1.569312182255089283e-03
4.175189941406250000e+03 -1.569435349665582180e-03
4.174999511718750000e+03 -1.569558749906718731e-03
4.174713867187500000e+03 -1.569743733853101730e-03
4.174635253906250000e+03 -1.569794723764061928e-03
4.174517089843750000e+03 -1.569871208630502224e-03
4.174398925781250000e+03 -1.569947693496942520e-03
4.174245117187500000e+03 -1.570047461427748203e-03
4.174167968750000000e+03 -1.570097287185490131e-03
4.174052734375000000e+03 -1.570172142237424850e-03
4.173879394531250000e+03 -1.570284250192344189e-03
4.173619628906250000e+03 -1.570452586747705936e-03
4.173522460937500000e+03 -1.570515683852136135e-03
4.173375976562500000e+03 -1.570610445924103260e-03
4.173239257812500000e+03 -1.570699154399335384e-03
4.173115722656250000e+03 -1.570779131725430489e-03
4.172931152343750000e+03 -1.570898806676268578e-03
4.172653808593750000e+03 -1.571078668348491192e-03
4.172237304687500000e+03 -1.571348286233842373e-03
4.171613281250000000e+03 -1.571752596646547318e-03
4.171496582031250000e+03 -1.571828732267022133e-03
4.171437988281250000e+03 -1.571866683661937714e-03
4.171218261718750000e+03 -1.572008943185210228e-03
4.171020996093750000e+03 -1.572137000039219856e-03
4.170724609375000000e+03 -1.572329085320234299e-03
4.170613769531250000e+03 -1.572401146404445171e-03
4.170447265625000000e+03 -1.572509179823100567e-03
4.170291015625000000e+03 -1.572610577568411827e-03
4.170150390625000000e+03 -1.572701730765402317e-03
4.169939453125000000e+03 -1.572838402353227139e-03
4.169623046875000000e+03 -1.573043642565608025e-03
4.169504394531250000e+03 -1.573120593093335629e-03
4.169326660156250000e+03 -1.573235960677266121e-03
4.169259765625000000e+03 -1.573279267176985741e-03
4.169159667968750000e+03 -1.573344226926565170e-03
4.169009765625000000e+03 -1.573441666550934315e-03
4.168784179687500000e+03 -1.573587651364505291e-03
4.168446777343750000e+03 -1.573806861415505409e-03
4.167939941406250000e+03 -1.574135618284344673e-03
4.167750000000000000e+03 -1.574259018525481224e-03
4.167607421875000000e+03 -1.574351568706333637e-03
4.167464843750000000e+03 -1.574443886056542397e-03
4.167331054687500000e+03 -1.574530615471303463e-03
4.167210937500000000e+03 -1.574608730152249336e-03
4.167030761718750000e+03 -1.574725727550685406e-03
4.166760253906250000e+03 -1.574901398271322250e-03
4.166658691406250000e+03 -1.574967172928154469e-03
4.166506347656250000e+03 -1.575066009536385536e-03
4.166278320312500000e+03 -1.575214206241071224e-03
4.166192871093750000e+03 -1.575269736349582672e-03
4.166064453125000000e+03 -1.575353089720010757e-03
4.165871582031250000e+03 -1.575478236190974712e-03
4.165799316406250000e+03 -1.575525151565670967e-03
4.165690917968750000e+03 -1.575595466420054436e-03
4.165528320312500000e+03 -1.575700938701629639e-03
4.165284667968750000e+03 -1.575859263539314270e-03
4.164918945312500000e+03 -1.576096634380519390e-03
4.164782226562500000e+03 -1.576185808517038822e-03
4.164576171875000000e+03 -1.576319336891174316e-03
4.164499023437500000e+03 -1.576369395479559898e-03
4.164383789062500000e+03 -1.576444483362138271e-03
4.164209960937500000e+03 -1.576557289808988571e-03
4.164036621093750000e+03 -1.576669979840517044e-03
4.163862792968750000e+03 -1.576782669872045517e-03
4.163797851562500000e+03 -1.576825045049190521e-03
4.163700195312500000e+03 -1.576888491399586201e-03
4.163553710937500000e+03 -1.576983486302196980e-03
4.163416503906250000e+03 -1.577072776854038239e-03
4.163292968750000000e+03 -1.577152987010776997e-03
4.163107910156250000e+03 -1.577273360453546047e-03
4.162829589843750000e+03 -1.577454037033021450e-03
4.162725585937500000e+03 -1.577521790750324726e-03
4.162569335937500000e+03 -1.577623421326279640e-03
4.162422363281250000e+03 -1.577718532644212246e-03
4.162290527343750000e+03 -1.577804330736398697e-03
4.162092773437500000e+03 -1.577932969667017460e-03
4.161795898437500000e+03 -1.578125753439962864e-03
4.161684570312500000e+03 -1.578198163770139217e-03
4.161517578125000000e+03 -1.578306779265403748e-03
4.161267089843750000e+03 -1.578469527885317802e-03
4.161173339843750000e+03 -1.578530529513955116e-03
4.161032226562500000e+03 -1.578622148372232914e-03
4.160979492187500000e+03 -1.578656490892171860e-03
4.160900390625000000e+03 -1.578707946464419365e-03
4.160781250000000000e+03 -1.578785246238112450e-03
4.160603027343750000e+03 -1.578901195898652077e-03
4.160335449218750000e+03 -1.579075003974139690e-03
4.159934570312500000e+03 -1.579335890710353851e-03
4.159784179687500000e+03 -1.579433679580688477e-03
4.159558593750000000e+03 -1.579580479301512241e-03
4.159473632812500000e+03 -1.579635427333414555e-03
4.159346679687500000e+03 -1.579717965796589851e-03
4.159299316406250000e+03 -1.579748932272195816e-03
4.159120605468750000e+03 -1.579865114763379097e-03
4.158959960937500000e+03 -1.579969539307057858e-03
4.158719238281250000e+03 -1.580126234330236912e-03
4.158628906250000000e+03 -1.580185024067759514e-03
4.158493164062500000e+03 -1.580273266881704330e-03
4.158366210937500000e+03 -1.580355921760201454e-03
4.158251464843750000e+03 -1.580430311150848866e-03
4.158080078125000000e+03 -1.580541837029159069e-03
4.158015625000000000e+03 -1.580583746545016766e-03
4.157919433593750000e+03 -1.580646494403481483e-03
4.157774414062500000e+03 -1.580740674398839474e-03
4.157557617187500000e+03 -1.580881886184215546e-03
4.157476074218750000e+03 -1.580934971570968628e-03
4.157354003906250000e+03 -1.581014366820454597e-03
4.157239257812500000e+03 -1.581088872626423836e-03
4.157136230468750000e+03 -1.581155927851796150e-03
4.156981933593750000e+03 -1.581256510689854622e-03
4.156923828125000000e+03 -1.581294229254126549e-03
4.156836914062500000e+03 -1.581350807100534439e-03
4.156706542968750000e+03 -1.581435673870146275e-03
4.156510742187500000e+03 -1.581562915816903114e-03
4.156437500000000000e+03 -1.581610646098852158e-03
4.156327148437500000e+03 -1.581682357937097549e-03
4.156162109375000000e+03 -1.581789692863821983e-03
4.155997070312500000e+03 -1.581897144205868244e-03
4.155832031250000000e+03 -1.582004479132592678e-03
4.155584472656250000e+03 -1.582165714353322983e-03
4.155212890625000000e+03 -1.582407392561435699e-03
4.155083984375000000e+03 -1.582491560839116573e-03
4.154889648437500000e+03 -1.582617987878620625e-03
4.154695800781250000e+03 -1.582744298502802849e-03
4.154541503906250000e+03 -1.582844532094895840e-03
4.154464843750000000e+03 -1.582894590683281422e-03
4.154349121093750000e+03 -1.582969794981181622e-03
4.154176269531250000e+03 -1.583082485012710094e-03
4.154013671875000000e+03 -1.583188190124928951e-03
4.153867675781250000e+03 -1.583283417858183384e-03
4.153648437500000000e+03 -1.583426026627421379e-03
4.153566406250000000e+03 -1.583479577675461769e-03
4.153442871093750000e+03 -1.583559787832200527e-03
4.153396972656250000e+03 -1.583589939400553703e-03
4.153223632812500000e+03 -1.583702862262725830e-03
4.153067382812500000e+03 -1.583804492838680744e-03
4.152833496093750000e+03 -1.583956880494952202e-03
4.152745605468750000e+03 -1.584014040417969227e-03
4.152613769531250000e+03 -1.584099838510155678e-03
4.152416503906250000e+03 -1.584228361025452614e-03
4.152231445312500000e+03 -1.584348967298865318e-03
4.152064453125000000e+03 -1.584457466378808022e-03
4.151939941406250000e+03 -1.584538840688765049e-03
4.151814941406250000e+03 -1.584620214998722076e-03
4.151697753906250000e+03 -1.584696583449840546e-03
4.151592285156250000e+03 -1.584765268489718437e-03
4.151434082031250000e+03 -1.584868296049535275e-03
4.151285644531250000e+03 -1.584964920766651630e-03
4.151152343750000000e+03 -1.585051883012056351e-03
4.150952148437500000e+03 -1.585182268172502518e-03
4.150651855468750000e+03 -1.585377729497849941e-03
4.150539062500000000e+03 -1.585451187565922737e-03
4.150370117187500000e+03 -1.585561200045049191e-03
4.150307128906250000e+03 -1.585602527484297752e-03
4.150211914062500000e+03 -1.585664460435509682e-03
4.150069335937500000e+03 -1.585757243447005749e-03
4.150016113281250000e+03 -1.585792168043553829e-03
4.149936035156250000e+03 -1.585844322107732296e-03
4.149815429687500000e+03 -1.585922669619321823e-03
4.149703125000000000e+03 -1.585996244102716446e-03
4.149601562500000000e+03 -1.586062251590192318e-03
4.149449218750000000e+03 -1.586161437444388866e-03
4.149306640625000000e+03 -1.586254453286528587e-03
4.149178222656250000e+03 -1.586338155902922153e-03
4.149058105468750000e+03 -1.586416619829833508e-03
4.148949707031250000e+03 -1.586487167514860630e-03
4.148787109375000000e+03 -1.586593105457723141e-03
4.148726074218750000e+03 -1.586632803082466125e-03
4.148634765625000000e+03 -1.586692407727241516e-03
4.148497558593750000e+03 -1.586781698279082775e-03
4.148291992187500000e+03 -1.586915808729827404e-03
4.148099121093750000e+03 -1.587041420862078667e-03
4.148055664062500000e+03 -1.587069709785282612e-03
4.147990722656250000e+03 -1.587112201377749443e-03
4.147893066406250000e+03 -1.587175764143466949e-03
4.147746582031250000e+03 -1.587271224707365036e-03
4.147691894531250000e+03 -1.587307080626487732e-03
4.147485839843750000e+03 -1.587441307492554188e-03
4.147300292968750000e+03 -1.587562030181288719e-03
4.147126953125000000e+03 -1.587675418704748154e-03
4.146970214843750000e+03 -1.587777282111346722e-03
4.146911621093750000e+03 -1.587815582752227783e-03
4.146691894531250000e+03 -1.587958890013396740e-03
4.146494140625000000e+03 -1.588087994605302811e-03
4.146419921875000000e+03 -1.588136306963860989e-03
4.146308593750000000e+03 -1.588208950124680996e-03
4.146204101562500000e+03 -1.588276936672627926e-03
4.146110351562500000e+03 -1.588338171131908894e-03
4.145969238281250000e+03 -1.588430022820830345e-03
4.145916503906250000e+03 -1.588464481756091118e-03
4.145718261718750000e+03 -1.588593702763319016e-03
4.145540039062500000e+03 -1.588710001669824123e-03
4.145473144531250000e+03 -1.588753541000187397e-03
4.145373046875000000e+03 -1.588818966411054134e-03
4.145222656250000000e+03 -1.588917104527354240e-03
4.145109375000000000e+03 -1.588990679010748863e-03
4.144996582031250000e+03 -1.589064253494143486e-03
4.144891113281250000e+03 -1.589133287779986858e-03
4.144795898437500000e+03 -1.589195337146520615e-03
4.144652832031250000e+03 -1.589288469403982162e-03
4.144438964843750000e+03 -1.589428284205496311e-03
4.144237792968750000e+03 -1.589559135027229786e-03
4.144125000000000000e+03 -1.589632942341268063e-03
4.144023437500000000e+03 -1.589699182659387589e-03
4.143870605468750000e+03 -1.589798717759549618e-03
4.143642089843750000e+03 -1.589947962202131748e-03
4.143556152343750000e+03 -1.590003841556608677e-03
4.143427734375000000e+03 -1.590087893418967724e-03
4.143307128906250000e+03 -1.590166590176522732e-03
4.143198242187500000e+03 -1.590237370692193508e-03
4.143157714843750000e+03 -1.590263913385570049e-03
4.143004882812500000e+03 -1.590363564901053905e-03
4.142867675781250000e+03 -1.590453204698860645e-03
4.142661621093750000e+03 -1.590587664395570755e-03
4.142468261718750000e+03 -1.590713742189109325e-03
4.142359863281250000e+03 -1.590784639120101929e-03
4.142261718750000000e+03 -1.590848434716463089e-03
4.142115234375000000e+03 -1.590944244526326656e-03
4.142060058593750000e+03 -1.590980100445449352e-03
4.141977539062500000e+03 -1.591034000739455223e-03
4.141853515625000000e+03 -1.591114792972803116e-03
4.141737792968750000e+03 -1.591190579347312450e-03
4.141633300781250000e+03 -1.591258682310581207e-03
4.141476562500000000e+03 -1.591361011378467083e-03
4.141329589843750000e+03 -1.591456821188330650e-03
4.141197265625000000e+03 -1.591543084941804409e-03
4.140999023437500000e+03 -1.591672538779675961e-03
4.140812988281250000e+03 -1.591793843545019627e-03
4.140771484375000000e+03 -1.591821201145648956e-03
4.140614746093750000e+03 -1.591923530213534832e-03
4.140473144531250000e+03 -1.592015731148421764e-03
4.140340820312500000e+03 -1.592102111317217350e-03
4.140221679687500000e+03 -1.592179876752197742e-03
4.140042968750000000e+03 -1.592296408489346504e-03
4.139976074218750000e+03 -1.592340180650353432e-03
4.139875488281250000e+03 -1.592405838891863823e-03
4.139725097656250000e+03 -1.592504209838807583e-03
4.139668457031250000e+03 -1.592541113495826721e-03
4.139583496093750000e+03 -1.592596527189016342e-03
4.139456542968750000e+03 -1.592679531313478947e-03
4.139265625000000000e+03 -1.592804095707833767e-03
4.139193847656250000e+03 -1.592850778251886368e-03
4.139086914062500000e+03 -1.592920860275626183e-03
4.138925781250000000e+03 -1.593025983311235905e-03
4.138774902343750000e+03 -1.593124470673501492e-03
4.138639160156250000e+03 -1.593213179148733616e-03
4.138502929687500000e+03 -1.593301887623965740e-03
4.138367187500000000e+03 -1.593390596099197865e-03
4.138316406250000000e+03 -1.593423774465918541e-03
4.138239746093750000e+03 -1.593473716638982296e-03
4.138125488281250000e+03 -1.593548571690917015e-03
4.137953613281250000e+03 -1.593660796061158180e-03
4.137889160156250000e+03 -1.593702821992337704e-03
4.137792480468750000e+03 -1.593766035512089729e-03
4.137701660156250000e+03 -1.593825290910899639e-03
4.137620117187500000e+03 -1.593878492712974548e-03
4.137497558593750000e+03 -1.593958470039069653e-03
4.137313964843750000e+03 -1.594078261405229568e-03
4.137245117187500000e+03 -1.594123314134776592e-03
4.137142089843750000e+03 -1.594190718606114388e-03
4.136986816406250000e+03 -1.594291883520781994e-03
4.136928710937500000e+03 -1.594329834915697575e-03
4.136841796875000000e+03 -1.594386762008070946e-03
4.136710937500000000e+03 -1.594472094438970089e-03
4.136662109375000000e+03 -1.594504108652472496e-03
4.136478515625000000e+03 -1.594624132849276066e-03
4.136437011718750000e+03 -1.594651141203939915e-03
4.136281738281250000e+03 -1.594752422533929348e-03
4.136142089843750000e+03 -1.594843575730919838e-03
4.136002929687500000e+03 -1.594934728927910328e-03
4.135863281250000000e+03 -1.595025882124900818e-03
4.135653808593750000e+03 -1.595162553712725639e-03
4.135575195312500000e+03 -1.595213776454329491e-03
4.135457519531250000e+03 -1.595290726982057095e-03
4.135347167968750000e+03 -1.595362904481589794e-03
4.135247558593750000e+03 -1.595427864231169224e-03
4.135098632812500000e+03 -1.595525187440216541e-03
4.134992187500000000e+03 -1.595594687387347221e-03
