5.652137207031250000e+03 0.000000000000000000e+00
5.645100097656250000e+03 -6.234439206309616566e-05
5.638063476562500000e+03 -1.201768172904849052e-04
5.627508300781250000e+03 -1.644651201786473393e-04
5.623989746093750000e+03 -1.608775346539914608e-04
5.623989746093750000e+03 -1.608775346539914608e-04
5.595842285156250000e+03 -1.723374152788892388e-04
5.595842285156250000e+03 -1.723374152788892388e-04
5.567694824218750000e+03 -2.124120946973562241e-04
5.567694824218750000e+03 -2.124120946973562241e-04
5.539547363281250000e+03 -2.665573847480118275e-04
5.539547363281250000e+03 -2.665573847480118275e-04
5.511399902343750000e+03 -3.303135745227336884e-04
5.511399902343750000e+03 -3.303135745227336884e-04
5.483252441406250000e+03 -3.995592996943742037e-04
5.483252441406250000e+03 -3.995592996943742037e-04
5.455104980468750000e+03 -4.676307144109159708e-04
5.455104980468750000e+03 -4.676307144109159708e-04
5.426957519531250000e+03 -5.215085693635046482e-04
5.426957519531250000e+03 -5.215085693635046482e-04
5.425198242187500000e+03 -5.239474703557789326e-04
5.423438964843750000e+03 -5.258802557364106178e-04
5.421679687500000000e+03 -5.267209489829838276e-04
5.421239746093750000e+03 -5.267094820737838745e-04
5.420800292968750000e+03 -5.264200153760612011e-04
5.420360351562500000e+03 -5.256095901131629944e-04
5.420195312500000000e+03 -5.251661641523241997e-04
5.419947753906250000e+03 -5.240996251814067364e-04
5.419576660156250000e+03 -5.188698996789753437e-04
5.419483886718750000e+03 -5.169603391550481319e-04
5.419251953125000000e+03 -5.070748156867921352e-04
5.419112792968750000e+03 -4.923401866108179092e-04
5.418973632812500000e+03 -4.736382106784731150e-04
5.418834472656250000e+03 -4.607977462001144886e-04
5.418695312500000000e+03 -4.542767419479787350e-04
5.418556152343750000e+03 -4.512679297477006912e-04
5.418416992187500000e+03 -4.499269707594066858e-04
5.418277832031250000e+03 -4.493573505897074938e-04
5.418068847656250000e+03 -4.491999861784279346e-04
5.417755859375000000e+03 -4.494803433772176504e-04
5.417286132812500000e+03 -4.501775256358087063e-04
5.416582031250000000e+03 -4.513606254477053881e-04
5.415524902343750000e+03 -4.531833983492106199e-04
5.413939941406250000e+03 -4.559435474220663309e-04
5.411562500000000000e+03 -4.601227410603314638e-04
5.407996093750000000e+03 -4.664734588004648685e-04
5.402646484375000000e+03 -4.761780146509408951e-04
5.398809570312500000e+03 -4.832666600123047829e-04
5.398809570312500000e+03 -4.832666600123047829e-04
5.370662109375000000e+03 -5.383250536397099495e-04
5.370662109375000000e+03 -5.383250536397099495e-04
5.342514648437500000e+03 -5.984159070067107677e-04
5.342514648437500000e+03 -5.984159070067107677e-04
5.314367187500000000e+03 -6.631311844103038311e-04
5.314367187500000000e+03 -6.631311844103038311e-04
5.286219726562500000e+03 -7.321276352740824223e-04
5.286219726562500000e+03 -7.321276352740824223e-04
5.258072265625000000e+03 -8.050775504671037197e-04
5.258072265625000000e+03 -8.050775504671037197e-04
5.229924804687500000e+03 -8.816664339974522591e-04
5.229924804687500000e+03 -8.816664339974522591e-04
5.201777343750000000e+03 -9.615933522582054138e-04
5.201777343750000000e+03 -9.615933522582054138e-04
5.173629882812500000e+03 -1.044569187797605991e-03
5.173629882812500000e+03 -1.044569187797605991e-03
5.145482421875000000e+03 -1.130311633460223675e-03
5.145482421875000000e+03 -1.130311633460223675e-03
5.117335449218750000e+03 -1.218539313413202763e-03
5.117335449218750000e+03 -1.218539313413202763e-03
5.089187988281250000e+03 -1.308963517658412457e-03
5.089187988281250000e+03 -1.308963517658412457e-03
5.061040527343750000e+03 -1.401280402205884457e-03
5.061040527343750000e+03 -1.401280402205884457e-03
5.032893066406250000e+03 -1.495161210186779499e-03
5.032893066406250000e+03 -1.495161210186779499e-03
5.004745605468750000e+03 -1.590241095982491970e-03
5.004745605468750000e+03 -1.590241095982491970e-03
4.976598144531250000e+03 -1.686106901615858078e-03
4.976598144531250000e+03 -1.686106901615858078e-03
4.948451171875000000e+03 -1.782280742190778255e-03
4.948451171875000000e+03 -1.782280742190778255e-03
4.920303710937500000e+03 -1.878208713605999947e-03
4.920303710937500000e+03 -1.878208713605999947e-03
4.892156250000000000e+03 -1.973161473870277405e-03
4.892156250000000000e+03 -1.973161473870277405e-03
4.888637695312500000e+03 -1.984901027753949165e-03
4.885119628906250000e+03 -1.996604725718498230e-03
4.881601074218750000e+03 -2.008266281336545944e-03
4.878082519531250000e+03 -2.019899664446711540e-03
4.872804687500000000e+03 -2.037253929302096367e-03
4.867527343750000000e+03 -2.054485492408275604e-03
4.864008789062500000e+03 -2.065896987915039062e-03
4.864008789062500000e+03 -2.065896987915039062e-03
4.863568847656250000e+03 -2.067321445792913437e-03
4.863129394531250000e+03 -2.068740315735340118e-03
4.862689453125000000e+03 -2.070159884169697762e-03
4.862029785156250000e+03 -2.072287257760763168e-03
4.861040039062500000e+03 -2.075474243611097336e-03
4.859555664062500000e+03 -2.080243080854415894e-03
4.857329589843750000e+03 -2.087369794026017189e-03
4.853989746093750000e+03 -2.098005497828125954e-03
4.848979980468750000e+03 -2.113827271386981010e-03
4.843970214843750000e+03 -2.129484666511416435e-03
4.838960937500000000e+03 -2.144956029951572418e-03
4.835861328125000000e+03 -2.154442016035318375e-03
4.835861328125000000e+03 -2.154442016035318375e-03
