5.652148925781250000e+03 0.000000000000000000e+00
5.652145019531250000e+03 -2.896306838806594897e-08
5.652118164062500000e+03 -2.276519097677009995e-07
5.652053222656250000e+03 -7.043042273835453670e-07
5.651917968750000000e+03 -1.687861185928341001e-06
5.651715332031250000e+03 -3.156825414407649077e-06
5.651421386718750000e+03 -5.284602138999616727e-06
5.650981445312500000e+03 -8.463420272164512426e-06
5.650446289062500000e+03 -1.231931764777982607e-05
5.649709960937500000e+03 -1.761661951604764909e-05
5.648870117187500000e+03 -2.364332249271683395e-05
5.647770019531250000e+03 -3.151010969304479659e-05
5.646565429687500000e+03 -4.009279291494749486e-05
5.645039550781250000e+03 -5.090257400297559798e-05
5.643415039062500000e+03 -6.232489977264776826e-05
5.641406250000000000e+03 -7.624649879289790988e-05
5.639310546875000000e+03 -9.022672747960314155e-05
5.636971679687500000e+03 -1.029508202918805182e-04
5.634151855468750000e+03 -1.042123039951547980e-04
5.631274414062500000e+03 -1.047128753270953894e-04
5.627848144531250000e+03 -1.035690947901457548e-04
5.624391601562500000e+03 -1.030084240483120084e-04
5.620317382812500000e+03 -1.031335268635302782e-04
5.616244628906250000e+03 -1.038342306856065989e-04
5.611484863281250000e+03 -1.038243208313360810e-04
5.606762695312500000e+03 -8.245286153396591544e-05
5.601718750000000000e+03 -9.172826685244217515e-05
5.595884277343750000e+03 -9.811603376874700189e-05
5.590149902343750000e+03 -1.042606090777553618e-04
5.583553710937500000e+03 -1.115746708819642663e-04
5.577105468750000000e+03 -1.194345677504315972e-04
5.569724121093750000e+03 -1.289735373575240374e-04
5.562541503906250000e+03 -1.389013050356879830e-04
5.554355468750000000e+03 -1.508217101218178868e-04
5.546421875000000000e+03 -1.620693365111947060e-04
5.537414550781250000e+03 -1.728124916553497314e-04
5.528716796875000000e+03 -1.850443513831123710e-04
5.519648437500000000e+03 -2.001793764065951109e-04
5.509403808593750000e+03 -2.167960919905453920e-04
5.499557617187500000e+03 -2.328214031876996160e-04
5.488466796875000000e+03 -2.499889233149588108e-04
5.477836914062500000e+03 -2.650640381034463644e-04
5.465895507812500000e+03 -2.784765383694320917e-04
5.454479492187500000e+03 -2.598784049041569233e-04
5.441686523437500000e+03 -2.415264752926304936e-04
5.429484863281250000e+03 -2.556938852649182081e-04
5.416907226562500000e+03 -2.720362390391528606e-04
5.402858398437500000e+03 -2.926355518866330385e-04
5.389500488281250000e+03 -3.121576446574181318e-04
5.374610351562500000e+03 -3.350346523802727461e-04
5.360479980468750000e+03 -3.581579658202826977e-04
5.344757324218750000e+03 -3.842632286250591278e-04
5.329863769531250000e+03 -4.100484366063028574e-04
5.313320800781250000e+03 -4.399397876113653183e-04
5.297676269531250000e+03 -4.687981563620269299e-04
5.280327148437500000e+03 -5.019136006012558937e-04
5.263945800781250000e+03 -5.341976648196578026e-04
5.247217285156250000e+03 -5.678496090695261955e-04
5.228707031250000000e+03 -6.061301683075726032e-04
5.211267089843750000e+03 -6.431411020457744598e-04
5.191997070312500000e+03 -6.848750635981559753e-04
5.173866210937500000e+03 -7.250536000356078148e-04
5.153858886718750000e+03 -7.703405572101473808e-04
5.135058593750000000e+03 -8.136727265082299709e-04
5.114338867187500000e+03 -8.623412577435374260e-04
5.094893066406250000e+03 -9.088101214729249477e-04
5.075145996093750000e+03 -9.566802764311432838e-04
5.053421386718750000e+03 -1.010116888210177422e-03
5.033067871093750000e+03 -1.060822396539151669e-03
5.010700195312500000e+03 -1.117129111662507057e-03
4.989767089843750000e+03 -1.170300645753741264e-03
4.966788085937500000e+03 -1.229055807925760746e-03
4.945305664062500000e+03 -1.284195692278444767e-03
4.921748046875000000e+03 -1.344731077551841736e-03
4.899747070312500000e+03 -1.401131972670555115e-03
4.875645507812500000e+03 -1.462492276914417744e-03
4.853158203125000000e+03 -1.519002369605004787e-03
4.830450195312500000e+03 -1.574566471390426159e-03
4.805608398437500000e+03 -1.625997712835669518e-03
4.782464355468750000e+03 -1.593491178937256336e-03
4.757168945312500000e+03 -1.337388530373573303e-03
4.733624023437500000e+03 -1.417390070855617523e-03
4.707915039062500000e+03 -1.424690359272062778e-03
4.684006347656250000e+03 -1.448081689886748791e-03
4.657922851562500000e+03 -1.464286237023770809e-03
4.633687011718750000e+03 -1.467363093979656696e-03
4.609308105468750000e+03 -1.487089903093874454e-03
4.582746093750000000e+03 -1.509638736024498940e-03
4.558096679687500000e+03 -1.527561806142330170e-03
4.531262695312500000e+03 -1.532914931885898113e-03
4.506381835937500000e+03 -1.478017307817935944e-03
4.479318847656250000e+03 -1.469836453907191753e-03
4.454246582031250000e+03 -1.444130553863942623e-03
4.428310058593750000e+03 -1.399814151227474213e-03
4.402169433593750000e+03 -1.413837773725390434e-03
4.374779785156250000e+03 -1.468057744204998016e-03
4.349446289062500000e+03 -1.473212498240172863e-03
4.321958007812500000e+03 -1.472891075536608696e-03
4.296554199218750000e+03 -1.484103966504335403e-03
4.271131347656250000e+03 -1.516858581453561783e-03
4.243578613281250000e+03 -1.538462471216917038e-03
4.218145996093750000e+03 -1.538278069347143173e-03
4.190604980468750000e+03 -1.550784450955688953e-03
4.165203613281250000e+03 -1.577137503772974014e-03
4.137719238281250000e+03 -1.600575051270425320e-03
4.112389648437500000e+03 -1.609775470569729805e-03
4.085005371093750000e+03 -1.623259973712265491e-03
4.059789062500000000e+03 -1.645768526941537857e-03
4.032549072265625000e+03 -1.668756594881415367e-03
4.007486083984375000e+03 -1.681353547610342503e-03
3.982510986328125000e+03 -1.693752710707485676e-03
3.955564697265625000e+03 -1.713658450171351433e-03
3.930802490234375000e+03 -1.735006226226687431e-03
3.904107910156250000e+03 -1.754095079377293587e-03
3.879597412109375000e+03 -1.768643385730683804e-03
3.853197021484375000e+03 -1.786731299944221973e-03
3.828977539062500000e+03 -1.806652871891856194e-03
3.802912841796875000e+03 -1.827833824791014194e-03
3.779022216796875000e+03 -1.844762475229799747e-03
3.755302490234375000e+03 -1.861000549979507923e-03
3.729809326171875000e+03 -1.880536088719964027e-03
3.706473144531250000e+03 -1.899949274957180023e-03
3.682374511718750000e+03 -1.919371658004820347e-03
3.658498535156250000e+03 -1.937319524586200714e-03
3.635207275390625000e+03 -1.955574378371238708e-03
3.611576660156250000e+03 -1.975732157006859779e-03
3.588833740234375000e+03 -1.996306469663977623e-03
3.565584228515625000e+03 -2.017461461946368217e-03
3.542569824218750000e+03 -2.037018770352005959e-03
3.521060302734375000e+03 -2.054545562714338303e-03
3.499029052734375000e+03 -2.075468422845005989e-03
3.477500000000000000e+03 -2.093070186674594879e-03
3.456115234375000000e+03 -2.112552756443619728e-03
3.434490722656250000e+03 -2.135488437488675117e-03
3.414263916015625000e+03 -2.152013825252652168e-03
3.393484130859375000e+03 -2.170649822801351547e-03
3.373581054687500000e+03 -2.189314691349864006e-03
3.353782714843750000e+03 -2.207005163654685020e-03
3.333706298828125000e+03 -2.225609496235847473e-03
3.314766113281250000e+03 -2.245673676952719688e-03
3.296368164062500000e+03 -2.261412562802433968e-03
3.277920166015625000e+03 -2.278713276609778404e-03
3.259482177734375000e+03 -2.297686878591775894e-03
3.242076171875000000e+03 -2.313671866431832314e-03
3.224437988281250000e+03 -2.331851515918970108e-03
3.207327148437500000e+03 -2.348913345485925674e-03
3.190506835937500000e+03 -2.363651525229215622e-03
3.174850830078125000e+03 -2.378988312557339668e-03
3.159018554687500000e+03 -2.395287621766328812e-03
3.143666992187500000e+03 -2.410413464531302452e-03
3.128711914062500000e+03 -2.425495767965912819e-03
3.113929443359375000e+03 -2.439956413581967354e-03
3.099754150390625000e+03 -2.451521577313542366e-03
3.093891113281250000e+03 -2.423568628728389740e-03
