5.960464477539063823e-08
5.960464477539063823e-08
7.300048299977716117e-08
1.332800374925012074e-07
2.866295585285337404e-07
5.450648414543898945e-07
9.272306672397019161e-07
1.506418222916282041e-06
2.209697006900137399e-06
3.202328533093756258e-06
4.342966373434349664e-06
5.864813856433594071e-06
7.585261895837874384e-06
9.830520898440228797e-06
1.230875602302524331e-05
1.551942882793807255e-05
1.906979560563430145e-05
2.330114735345133612e-05
2.886346076491676181e-05
3.516813579695835369e-05
4.372531395659647789e-05
5.386742772821834739e-05
6.850610458789063251e-05
8.739654900852162906e-05
1.181203873069186608e-04
1.646334685369363207e-04
2.435471219295939893e-04
3.636355873703424248e-04
4.929773251061795192e-04
6.514896534015094352e-04
8.162800651723227906e-04
1.014529100799444654e-03
1.217595747224392956e-03
1.462579229355342536e-03
1.713939867720384522e-03
2.015566779166909697e-03
2.321903970558043817e-03
2.655782915701339602e-03
3.049832999663313216e-03
3.444472064128566244e-03
3.906720457610190003e-03
4.366597527305216692e-03
4.901982588014251914e-03
5.431676371771741729e-03
6.045269793581625577e-03
6.649545560732778547e-03
7.291357715481088485e-03
8.030337481981864381e-03
8.754012771476750790e-03
9.584319499877536064e-03
1.039457347305802574e-02
1.132070281803515370e-02
1.222039671606298290e-02
1.324231329571508992e-02
1.422510855242041863e-02
1.532008362257253689e-02
1.632926055331978057e-02
1.725862389480975131e-02
1.789703443590331608e-02
1.741370093496040494e-02
1.563770099523871179e-02
1.545038702396074777e-02
1.462787817363541895e-02
1.036984947441055120e-02
9.839527258192707487e-03
1.009474287357990489e-02
9.353041323610292515e-03
8.650560379230377850e-03
8.615750201629086835e-03
8.164096280562572333e-03
7.660471249425991440e-03
7.505103967996356630e-03
7.219836437789506345e-03
6.798764325259470075e-03
6.602997180612633563e-03
6.365686592377654482e-03
6.052784678925396226e-03
5.819833647291063582e-03
5.607513665547829255e-03
5.348418316735258429e-03
5.080084039192254812e-03
4.873390931563319553e-03
4.620922483734806949e-03
4.367562551995099983e-03
4.115342731942463368e-03
3.882347406190700834e-03
3.627150474119299802e-03
3.347321119703160902e-03
3.095511473028442814e-03
2.811273001745987453e-03
2.535056123867770149e-03
2.233779623340211885e-03
1.953281847209717165e-03
1.637022858661133212e-03
1.334396674430137668e-03
1.000664837995148167e-03
6.851147510684218794e-04
3.574708905536865986e-04
1.172216682763729173e-05
3.709724725690564896e-04
7.518424963384847054e-04
1.143189440160679140e-03
1.557138051386497283e-03
2.022853747915567390e-03
2.480212356799647421e-03
2.969132682464626673e-03
3.496512775616049482e-03
4.084000308995429894e-03
4.715035544332670317e-03
5.400258142296597910e-03
6.177148077923149197e-03
6.999101154816059905e-03
7.944500161576694905e-03
9.004247909015550277e-03
1.017367772691508097e-02
1.149295775285284413e-02
1.297776256272897832e-02
1.458807051205895586e-02
1.625878893015710730e-02
1.806485869034935021e-02
1.964631538722391366e-02
2.097977678686295533e-02
2.198766972883831397e-02
2.262368415650141754e-02
2.428986959622261507e-02
3.672239671966145286e-02
8.213733863634500865e-02
1.262584824569758790e-01
1.284285754101665844e-01
1.339642105565513053e-01
1.535467356129735228e-01
1.744027683978358889e-01
1.866035407734188689e-01
2.015656157193582709e-01
2.741857220187476907e-01
3.715729273546591882e-01
