2.107342425544701733e-08
5.161913655903570101e-08
4.712160915387242321e-08
1.645887049613486765e-07
3.891457574725353039e-07
7.676629348034604958e-07
1.309438215125607510e-06
2.103545789125507662e-06
3.076070349371539552e-06
4.424666407343264308e-06
6.426634327844359839e-06
1.211661421621354046e-05
1.999178348957818331e-05
2.853935342589030173e-05
3.699443679679798920e-05
4.635282539258525918e-05
5.545892305304810966e-05
6.660397342002957180e-05
8.070848578315217587e-05
9.653595808685993933e-05
1.178170277991213223e-04
1.414278174933529184e-04
1.721290143652321261e-04
2.058110670569920106e-04
2.485636629538990109e-04
2.945492559461606566e-04
3.472850422471639577e-04
4.122023904804230829e-04
4.785575499212389229e-04
5.575940956768167447e-04
6.391901960216297930e-04
7.363117100449487456e-04
8.336783171174579673e-04
9.481120682523635915e-04
1.062566595994432440e-03
1.138598860814731776e-03
1.267774928118146514e-03
1.398973415202260130e-03
1.562348109370559129e-03
1.745258405131454174e-03
1.952464712898977590e-03
2.168992449334769274e-03
2.432474947792789572e-03
2.694903909915213717e-03
3.011761758279105257e-03
3.332636324947551437e-03
3.680483324796758517e-03
4.094424633866247838e-03
4.510236255025328045e-03
4.999721285545793113e-03
5.491387746313248532e-03
6.068248564638758537e-03
6.644742406275851859e-03
7.320368614556175754e-03
7.993407578577313780e-03
8.779940425113827787e-03
9.562126702283393551e-03
1.040119826411547814e-02
1.137808157600710829e-02
1.234243972474402193e-02
1.347301674214456714e-02
1.460086994661236211e-02
1.591032262848147971e-02
1.721040815032043314e-02
1.872878352542454300e-02
2.023884503488311906e-02
2.186888645633238565e-02
2.379018002846635879e-02
2.573093049118269429e-02
2.805541871568692502e-02
3.045366951059535338e-02
3.338871061615424074e-02
3.645053793235226297e-02
4.010712847821680527e-02
4.366162919324481639e-02
4.757854323335443392e-02
5.122892679132951682e-02
5.491831901457951137e-02
5.896261361957179370e-02
6.274989056093871476e-02
6.692294100168721949e-02
7.096824565679023256e-02
7.489648875014977281e-02
7.905266848829678450e-02
8.339463027040221188e-02
8.765520706036042387e-02
9.212978703128377189e-02
9.633121908849828774e-02
1.007060456321081099e-01
1.050222204532292314e-01
1.090458502482801600e-01
1.123709016191227761e-01
1.154652901738304066e-01
1.178545968756733869e-01
1.207478976197747106e-01
1.241865803021473258e-01
1.280132147959354982e-01
1.321149816506224373e-01
1.359480684777947257e-01
1.399369235529722144e-01
1.458691531539373643e-01
1.499533431959826357e-01
1.540470311391766156e-01
1.590799432632426513e-01
1.644782877241124930e-01
1.696283667820993324e-01
1.742443100828681979e-01
1.797452140218348537e-01
1.854460563006027074e-01
1.910531518187596201e-01
1.954993254791746182e-01
2.013712730080426394e-01
2.072940152295554561e-01
2.136319664031662846e-01
2.194217035507822766e-01
2.246593868992407539e-01
2.317274104032037152e-01
2.386231574695852620e-01
2.445390810773949153e-01
2.502804715494901244e-01
2.567657705274406510e-01
2.641338058711052983e-01
2.709961495477395954e-01
2.770808127815467259e-01
2.834693345575633461e-01
2.903355719244976041e-01
2.979208733936336562e-01
3.051830292159585234e-01
3.114969814704662276e-01
3.179263289570993245e-01
3.253018790523004578e-01
3.323227725266773014e-01
3.396438332430273266e-01
3.460573066912980833e-01
3.524133526794074878e-01
3.601416166591274726e-01
3.675524078212807910e-01
3.741531119344551626e-01
3.814004034073867899e-01
3.874216013170081463e-01
4.005403163588855397e-01
