-1.659999950788915157e-03 0.000000000000000000e+00 5.969248580932617188e+01 6.957289886474609375e+01 8.833647155761718750e+01 1.191692810058593750e+02 1.484804229736328125e+02 1.686753387451171875e+02 1.930929565429687500e+02 2.120649566650390625e+02 2.193904266357421875e+02
-3.319999901577830315e-03 2.633624839782714844e+01 5.676045608520507812e+01 6.959213256835937500e+01 1.418993530273437500e+02 1.455966796875000000e+02 1.727445373535156250e+02 1.810473175048828125e+02 1.894945678710937500e+02 2.168622741699218750e+02 2.230643768310546875e+02
-4.980000201612710953e-03 2.049251747131347656e+01 5.481909179687500000e+01 6.948925018310546875e+01 1.407198028564453125e+02 1.439617919921875000e+02 1.764333801269531250e+02 1.834551239013671875e+02 2.164222106933593750e+02 2.211849822998046875e+02 2.225050354003906250e+02
-6.639999803155660629e-03 0.000000000000000000e+00 5.316594696044921875e+01 6.934982299804687500e+01 1.341191864013671875e+02 1.427964782714843750e+02 1.750431518554687500e+02 1.767859954833984375e+02 2.148392486572265625e+02 2.215419006347656250e+02 2.243823242187500000e+02
-8.299999870359897614e-03 0.000000000000000000e+00 5.171038436889648438e+01 6.914553833007812500e+01 1.236659240722656250e+02 1.419799346923828125e+02 1.647746276855468750e+02 1.758235015869140625e+02 2.127335205078125000e+02 2.205098419189453125e+02 2.278839263916015625e+02
-9.960000403225421906e-03 0.000000000000000000e+00 5.048687744140625000e+01 6.878951263427734375e+01 1.090065460205078125e+02 1.414685516357421875e+02 1.536463165283203125e+02 1.741262054443359375e+02 2.103162078857421875e+02 2.188553619384765625e+02 2.271814117431640625e+02
-1.162000000476837158e-02 0.000000000000000000e+00 4.965918350219726562e+01 6.786892700195312500e+01 8.877003479003906250e+01 1.404120788574218750e+02 1.451197204589843750e+02 1.718966217041015625e+02 2.077725219726562500e+02 2.152592315673828125e+02 2.228853149414062500e+02
-1.327999960631132126e-02 0.000000000000000000e+00 4.931416320800781250e+01 5.168229675292968750e+01 7.042603302001953125e+01 1.369658050537109375e+02 1.444230804443359375e+02 1.693865966796875000e+02 2.030128173828125000e+02 2.053221435546875000e+02 2.182421875000000000e+02
-1.494000013917684555e-02 0.000000000000000000e+00 0.000000000000000000e+00 4.902627944946289062e+01 6.912448120117187500e+01 1.392013702392578125e+02 1.470082550048828125e+02 1.665130004882812500e+02 1.801172790527343750e+02 2.030462036132812500e+02 2.155630035400390625e+02
-1.659999974071979523e-02 2.078927040100097656e+01 4.827484893798828125e+01 6.863109588623046875e+01 1.200005035400390625e+02 1.432383575439453125e+02 1.605189971923828125e+02 1.774187316894531250e+02 1.934068908691406250e+02 2.037624359130859375e+02 2.167822418212890625e+02
-1.826000027358531952e-02 0.000000000000000000e+00 4.548149490356445312e+01 6.826241302490234375e+01 1.277581405639648438e+02 1.398615570068359375e+02 1.567034301757812500e+02 1.631343231201171875e+02 2.033372955322265625e+02 2.071319122314453125e+02 2.245538787841796875e+02
-1.992000080645084381e-02 4.718432235717773438e+01 6.870176696777343750e+01 8.742973327636718750e+01 1.291243743896484375e+02 1.389918212890625000e+02 1.663098907470703125e+02 1.753579101562500000e+02 2.043579101562500000e+02 2.157777557373046875e+02 2.193365020751953125e+02
-2.157999947667121887e-02 4.685940933227539062e+01 6.881267547607421875e+01 9.785064697265625000e+01 1.378234100341796875e+02 1.393881988525390625e+02 1.671922149658203125e+02 1.783047027587890625e+02 2.016178894042968750e+02 2.131664886474609375e+02 2.178113861083984375e+02
-2.324000000953674316e-02 4.667895507812500000e+01 6.874202728271484375e+01 9.746903228759765625e+01 1.376604766845703125e+02 1.429628448486328125e+02 1.666891784667968750e+02 1.781930541992187500e+02 1.988006896972656250e+02 2.100401153564453125e+02 2.166418762207031250e+02
-2.490000054240226746e-02 4.652775192260742188e+01 6.866297149658203125e+01 9.603401947021484375e+01 1.373177185058593750e+02 1.464940643310546875e+02 1.659766845703125000e+02 1.775509338378906250e+02 1.958472137451171875e+02 2.062975463867187500e+02 2.158630371093750000e+02
-2.655999921262264252e-02 4.640092849731445312e+01 6.857813262939453125e+01 9.399623870849609375e+01 1.369510955810546875e+02 1.498994598388671875e+02 1.650737457275390625e+02 1.764536437988281250e+02 1.927588500976562500e+02 2.021551971435546875e+02 2.152573089599609375e+02
-2.821999974548816681e-02 4.625995635986328125e+01 6.848707580566406250e+01 9.046086120605468750e+01 1.365333557128906250e+02 1.530941467285156250e+02 1.639541320800781250e+02 1.747648162841796875e+02 1.895368194580078125e+02 1.976971435546875000e+02 2.147313232421875000e+02
-2.988000027835369110e-02 4.610070419311523438e+01 6.838925933837890625e+01 8.579090118408203125e+01 1.360625915527343750e+02 1.560542602539062500e+02 1.625963134765625000e+02 1.724945983886718750e+02 1.861875915527343750e+02 1.929747619628906250e+02 2.142376098632812500e+02
-3.153999894857406616e-02 4.589641189575195312e+01 6.828276824951171875e+01 7.926206207275390625e+01 1.355004882812500000e+02 1.586886138916015625e+02 1.609765930175781250e+02 1.695369110107421875e+02 1.826938781738281250e+02 1.880289001464843750e+02 2.137330627441406250e+02
-3.319999948143959045e-02 4.565709304809570312e+01 6.816632843017578125e+01 7.150640106201171875e+01 1.348322906494140625e+02 1.588688507080078125e+02 1.611916351318359375e+02 1.659320983886718750e+02 1.790371398925781250e+02 1.829377136230468750e+02 2.131817321777343750e+02
-3.486000001430511475e-02 4.533757400512695312e+01 6.156695938110351562e+01 6.803757476806640625e+01 1.339895019531250000e+02 1.564126129150390625e+02 1.616029357910156250e+02 1.632490081787109375e+02 1.751611633300781250e+02 1.778345642089843750e+02 2.085581207275390625e+02
-3.652000054717063904e-02 4.435041046142578125e+01 4.874245071411132812e+01 6.789453125000000000e+01 1.328711547851562500e+02 1.532216186523437500e+02 1.565258178710937500e+02 1.649213409423828125e+02 1.709995269775390625e+02 1.730322875976562500e+02 2.012905883789062500e+02
-3.818000108003616333e-02 2.570134925842285156e+01 4.511834716796875000e+01 6.773532867431640625e+01 1.312659912109375000e+02 1.489987182617187500e+02 1.507114715576171875e+02 1.653320922851562500e+02 1.664777679443359375e+02 1.696725006103515625e+02 1.938234252929687500e+02
-3.984000161290168762e-02 0.000000000000000000e+00 4.465483856201171875e+01 6.755811309814453125e+01 1.286459960937500000e+02 1.434336547851562500e+02 1.443639373779296875e+02 1.615120391845703125e+02 1.627730407714843750e+02 1.697052001953125000e+02 1.862621459960937500e+02
-4.149999842047691345e-02 0.000000000000000000e+00 4.423992919921875000e+01 6.736083984375000000e+01 1.236920776367187500e+02 1.363749084472656250e+02 1.382814788818359375e+02 1.560313720703125000e+02 1.595375976562500000e+02 1.708592224121093750e+02 1.787238922119140625e+02
-4.315999895334243774e-02 0.000000000000000000e+00 4.380479431152343750e+01 6.714222717285156250e+01 1.146341018676757812e+02 1.277541809082031250e+02 1.334486999511718750e+02 1.500096740722656250e+02 1.565031585693359375e+02 1.713211975097656250e+02 1.720796356201171875e+02
-4.481999948620796204e-02 0.000000000000000000e+00 4.333081436157226562e+01 6.689665985107421875e+01 1.007463073730468750e+02 1.174175415039062500e+02 1.291092681884765625e+02 1.435538482666015625e+02 1.536140136718750000e+02 1.641677551269531250e+02 1.732460174560546875e+02
-4.648000001907348633e-02 0.000000000000000000e+00 4.280452728271484375e+01 6.660203552246093750e+01 8.139861297607421875e+01 1.048872680664062500e+02 1.234500427246093750e+02 1.372534027099609375e+02 1.507565307617187500e+02 1.573467712402343750e+02 1.743153381347656250e+02
-4.814000055193901062e-02 0.000000000000000000e+00 4.225948333740234375e+01 5.821210098266601562e+01 6.681652832031250000e+01 8.903068542480468750e+01 1.156350708007812500e+02 1.320314788818359375e+02 1.479932403564453125e+02 1.511036987304687500e+02 1.745954284667968750e+02
-4.980000108480453491e-02 0.000000000000000000e+00 3.198560905456542969e+01 4.296158218383789062e+01 6.578219604492187500e+01 1.027902450561523438e+02 1.229640274047851562e+02 1.314937286376953125e+02 1.462821655273437500e+02 1.496350097656250000e+02 1.721963500976562500e+02
-5.146000161767005920e-02 4.157713317871093750e+01 5.274632263183593750e+01 5.940471267700195312e+01 7.012324523925781250e+01 1.204875183105468750e+02 1.400107879638671875e+02 1.455875701904296875e+02 1.523307189941406250e+02 1.636918334960937500e+02 1.804317016601562500e+02
-5.311999842524528503e-02 4.230652999877929688e+01 6.073632049560546875e+01 8.020175170898437500e+01 1.042247695922851562e+02 1.186501235961914062e+02 1.395546417236328125e+02 1.556421661376953125e+02 1.611164398193359375e+02 1.615435791015625000e+02 1.849339752197265625e+02
-5.477999895811080933e-02 4.170904159545898438e+01 5.888179016113281250e+01 8.086041259765625000e+01 1.049176330566406250e+02 1.163194046020507812e+02 1.380836944580078125e+02 1.515957946777343750e+02 1.588214874267578125e+02 1.627865600585937500e+02 1.833438720703125000e+02
-5.643999949097633362e-02 4.109887695312500000e+01 5.594414138793945312e+01 8.029442596435546875e+01 9.893183135986328125e+01 1.149950637817382812e+02 1.365316925048828125e+02 1.447767791748046875e+02 1.566261291503906250e+02 1.632321166992187500e+02 1.807899780273437500e+02
-5.810000002384185791e-02 4.005685806274414062e+01 4.736860656738281250e+01 7.843538665771484375e+01 8.470433807373046875e+01 1.135973663330078125e+02 1.342565002441406250e+02 1.380636444091796875e+02 1.536024475097656250e+02 1.632686767578125000e+02 1.776595916748046875e+02
-5.976000055670738220e-02 0.000000000000000000e+00 4.007234954833984375e+01 6.581211853027343750e+01 7.883495330810546875e+01 1.113925170898437500e+02 1.300110321044921875e+02 1.344439239501953125e+02 1.503611755371093750e+02 1.625032958984375000e+02 1.742082366943359375e+02
-6.142000108957290649e-02 0.000000000000000000e+00 3.927944946289062500e+01 6.664842224121093750e+01 7.507770538330078125e+01 1.070775909423828125e+02 1.273601684570312500e+02 1.315945587158203125e+02 1.488547210693359375e+02 1.611602172851562500e+02 1.706962738037109375e+02
-6.307999789714813232e-02 3.480123138427734375e+01 4.368427276611328125e+01 6.329357910156250000e+01 8.619759368896484375e+01 1.021124954223632812e+02 1.269146804809570312e+02 1.298760833740234375e+02 1.506378326416015625e+02 1.589658813476562500e+02 1.680857086181640625e+02
-6.474000215530395508e-02 0.000000000000000000e+00 3.899683761596679688e+01 5.666687774658203125e+01 9.013885498046875000e+01 9.798184204101562500e+01 1.265215911865234375e+02 1.287899932861328125e+02 1.512120513916015625e+02 1.552690887451171875e+02 1.649068145751953125e+02
-6.639999896287918091e-02 0.000000000000000000e+00 3.699065399169921875e+01 5.279529190063476562e+01 8.531266784667968750e+01 8.814637756347656250e+01 1.091903381347656250e+02 1.231209487915039062e+02 1.343582000732421875e+02 1.510303039550781250e+02 1.540132598876953125e+02
-6.806000322103500366e-02 0.000000000000000000e+00 3.332782745361328125e+01 5.469643402099609375e+01 6.206512069702148438e+01 9.141551971435546875e+01 1.164248046875000000e+02 1.250262298583984375e+02 1.412786865234375000e+02 1.578870391845703125e+02 1.607913970947265625e+02
-6.972000002861022949e-02 0.000000000000000000e+00 3.733737564086914062e+01 5.467676162719726562e+01 7.359746551513671875e+01 1.092255249023437500e+02 1.164660568237304688e+02 1.311683197021484375e+02 1.499787139892578125e+02 1.748612213134765625e+02 1.809145355224609375e+02
-7.137999683618545532e-02 3.157069015502929688e+01 5.325160598754882812e+01 6.748797607421875000e+01 9.400315856933593750e+01 1.041987762451171875e+02 1.139963531494140625e+02 1.339804382324218750e+02 1.535751800537109375e+02 1.689727325439453125e+02 1.805424346923828125e+02
-7.304000109434127808e-02 2.948265647888183594e+01 5.250845336914062500e+01 6.563646697998046875e+01 9.401683044433593750e+01 9.517853546142578125e+01 1.118316421508789062e+02 1.316477050781250000e+02 1.520093536376953125e+02 1.639513092041015625e+02 1.818850555419921875e+02
-7.469999790191650391e-02 2.404965972900390625e+01 5.155033493041992188e+01 5.921285629272460938e+01 8.326675415039062500e+01 9.293500518798828125e+01 1.096501007080078125e+02 1.293235168457031250e+02 1.498373870849609375e+02 1.595988006591796875e+02 1.833174438476562500e+02
-7.636000216007232666e-02 0.000000000000000000e+00 4.420668411254882812e+01 5.145788192749023438e+01 7.587804412841796875e+01 9.034038543701171875e+01 1.075725021362304688e+02 1.273816680908203125e+02 1.476766815185546875e+02 1.557206420898437500e+02 1.848368225097656250e+02
-7.801999896764755249e-02 0.000000000000000000e+00 3.527018737792968750e+01 5.036415100097656250e+01 7.300448608398437500e+01 8.785404968261718750e+01 1.058391723632812500e+02 1.259075469970703125e+02 1.458732604980468750e+02 1.529381408691406250e+02 1.864675445556640625e+02
-7.968000322580337524e-02 0.000000000000000000e+00 3.002846527099609375e+01 4.952446365356445312e+01 7.069521331787109375e+01 8.593256378173828125e+01 1.043964843750000000e+02 1.243826446533203125e+02 1.437549285888671875e+02 1.505752258300781250e+02 1.881723632812500000e+02
-8.134000003337860107e-02 0.000000000000000000e+00 2.709926414489746094e+01 4.860610961914062500e+01 6.451820373535156250e+01 8.610354614257812500e+01 1.021194305419921875e+02 1.202555160522460938e+02 1.354363403320312500e+02 1.467615203857421875e+02 1.900074615478515625e+02
-8.299999684095382690e-02 0.000000000000000000e+00 3.656422805786132812e+01 4.988142395019531250e+01 7.860930633544921875e+01 8.972615814208984375e+01 1.083848800659179688e+02 1.224087753295898438e+02 1.412415313720703125e+02 1.697317047119140625e+02 1.927427673339843750e+02
-8.466000109910964966e-02 0.000000000000000000e+00 3.341073989868164062e+01 4.935049819946289062e+01 7.663196563720703125e+01 8.760678863525390625e+01 1.070434951782226562e+02 1.212693328857421875e+02 1.397650909423828125e+02 1.687893371582031250e+02 1.940684509277343750e+02
-8.631999790668487549e-02 0.000000000000000000e+00 3.082711982727050781e+01 4.887608337402343750e+01 7.510146331787109375e+01 8.447125244140625000e+01 1.057356262207031250e+02 1.204089660644531250e+02 1.386314239501953125e+02 1.671908569335937500e+02 1.952857971191406250e+02
-8.798000216484069824e-02 0.000000000000000000e+00 2.842644500732421875e+01 4.843133926391601562e+01 7.378780364990234375e+01 8.116134643554687500e+01 1.045118865966796875e+02 1.196887969970703125e+02 1.376425628662109375e+02 1.655412445068359375e+02 1.964412078857421875e+02
-8.963999897241592407e-02 0.000000000000000000e+00 2.561807060241699219e+01 4.799863052368164062e+01 7.252884674072265625e+01 7.727551269531250000e+01 1.033405914306640625e+02 1.190613861083984375e+02 1.367687377929687500e+02 1.636469116210937500e+02 1.975248718261718750e+02
-9.130000323057174683e-02 0.000000000000000000e+00 2.255355644226074219e+01 4.758077621459960938e+01 7.130054473876953125e+01 7.336482238769531250e+01 1.022647857666015625e+02 1.185121307373046875e+02 1.359920959472656250e+02 1.618353576660156250e+02 1.985404815673828125e+02
-9.296000003814697266e-02 0.000000000000000000e+00 1.959318733215332031e+01 4.717253875732421875e+01 6.919763946533203125e+01 7.061004638671875000e+01 1.012969284057617188e+02 1.180416564941406250e+02 1.353283081054687500e+02 1.602819976806640625e+02 1.994773101806640625e+02
-9.461999684572219849e-02 0.000000000000000000e+00 1.834680557250976562e+01 4.677994155883789062e+01 6.667548370361328125e+01 6.977855682373046875e+01 1.005323791503906250e+02 1.176804809570312500e+02 1.348174591064453125e+02 1.595662384033203125e+02 2.003381958007812500e+02
-9.628000110387802124e-02 0.000000000000000000e+00 1.925370216369628906e+01 4.639527893066406250e+01 6.529758453369140625e+01 6.943842315673828125e+01 9.993218994140625000e+01 1.173905563354492188e+02 1.344016571044921875e+02 1.596128997802734375e+02 2.011101226806640625e+02
-9.793999791145324707e-02 0.000000000000000000e+00 2.066600799560546875e+01 4.603017044067382812e+01 6.482295989990234375e+01 6.935811614990234375e+01 9.940724182128906250e+01 1.171139526367187500e+02 1.340195922851562500e+02 1.598436431884765625e+02 2.018278503417968750e+02
-9.960000216960906982e-02 0.000000000000000000e+00 2.146879768371582031e+01 4.570169067382812500e+01 6.482974243164062500e+01 6.929796600341796875e+01 9.888967132568359375e+01 1.168264083862304688e+02 1.336699066162109375e+02 1.598227691650390625e+02 2.025781097412109375e+02
-1.012599989771842957e-01 0.000000000000000000e+00 2.162702941894531250e+01 4.539820480346679688e+01 6.474655914306640625e+01 6.913191223144531250e+01 9.833605194091796875e+01 1.164898834228515625e+02 1.333028411865234375e+02 1.594936981201171875e+02 2.033273162841796875e+02
-1.029200032353401184e-01 0.000000000000000000e+00 2.138685226440429688e+01 4.509870147705078125e+01 6.431360626220703125e+01 6.874308013916015625e+01 9.772337341308593750e+01 1.160775756835937500e+02 1.328490600585937500e+02 1.589508819580078125e+02 2.039733428955078125e+02
-1.045800000429153442e-01 0.000000000000000000e+00 2.088001060485839844e+01 4.479194259643554688e+01 6.353347396850585938e+01 6.797271728515625000e+01 9.702070617675781250e+01 1.155960388183593750e+02 1.322810668945312500e+02 1.582331237792968750e+02 2.044682464599609375e+02
-1.062399968504905701e-01 0.000000000000000000e+00 2.001038742065429688e+01 4.446937179565429688e+01 6.231266784667968750e+01 6.684591674804687500e+01 9.621195220947265625e+01 1.150628433227539062e+02 1.316211547851562500e+02 1.572736968994140625e+02 2.047949523925781250e+02
-1.079000011086463928e-01 0.000000000000000000e+00 1.895170783996582031e+01 4.412736129760742188e+01 6.082487869262695312e+01 6.551532745361328125e+01 9.531080627441406250e+01 1.145006561279296875e+02 1.308889160156250000e+02 1.562171783447265625e+02 2.049772949218750000e+02
-1.095599979162216187e-01 0.000000000000000000e+00 1.764721107482910156e+01 4.376081848144531250e+01 5.898792648315429688e+01 6.416516113281250000e+01 9.433024597167968750e+01 1.139160766601562500e+02 1.300924987792968750e+02 1.551003112792968750e+02 2.050209197998046875e+02
-1.112200021743774414e-01 0.000000000000000000e+00 1.587190055847167969e+01 4.334834671020507812e+01 5.657426834106445312e+01 6.288920211791992188e+01 9.325613403320312500e+01 1.133118438720703125e+02 1.292299346923828125e+02 1.538765563964843750e+02 2.049216613769531250e+02
-1.128799989819526672e-01 0.000000000000000000e+00 1.322662544250488281e+01 4.283470153808593750e+01 5.350285339355468750e+01 6.173184204101562500e+01 9.207711791992187500e+01 1.126889724731445312e+02 1.282920379638671875e+02 1.525273437500000000e+02 2.046810455322265625e+02
-1.145400032401084900e-01 0.000000000000000000e+00 8.270430564880371094e+00 4.204033279418945312e+01 4.984540939331054688e+01 6.068214416503906250e+01 9.078027343750000000e+01 1.120440292358398438e+02 1.272563247680664062e+02 1.510259704589843750e+02 2.042926025390625000e+02
-1.162000000476837158e-01 0.000000000000000000e+00 0.000000000000000000e+00 4.025210189819335938e+01 4.625328826904296875e+01 5.971707153320312500e+01 8.933796691894531250e+01 1.113672714233398438e+02 1.260687103271484375e+02 1.493225097656250000e+02 2.037265625000000000e+02
-1.178599968552589417e-01 0.000000000000000000e+00 0.000000000000000000e+00 3.619227981567382812e+01 4.416690826416015625e+01 5.884141159057617188e+01 8.765941619873046875e+01 1.106245727539062500e+02 1.245487823486328125e+02 1.472924804687500000e+02 2.028481292724609375e+02
-1.195200011134147644e-01 0.000000000000000000e+00 0.000000000000000000e+00 3.891235733032226562e+01 4.628859710693359375e+01 5.878195571899414062e+01 8.777958679199218750e+01 1.102639312744140625e+02 1.235071182250976562e+02 1.485886077880859375e+02 2.030771789550781250e+02
-1.211799979209899902e-01 0.000000000000000000e+00 2.050040626525878906e+01 4.203427505493164062e+01 5.764070510864257812e+01 7.359827423095703125e+01 1.026339416503906250e+02 1.119118270874023438e+02 1.281856994628906250e+02 1.608618011474609375e+02 2.079841918945312500e+02
nan nan nan nan nan nan nan nan nan nan nan
nan nan nan nan nan nan nan nan nan nan nan
nan nan nan nan nan nan nan nan nan nan nan
nan nan nan nan nan nan nan nan nan nan nan
nan nan nan nan nan nan nan nan nan nan nan
nan nan nan nan nan nan nan nan nan nan nan
nan nan nan nan nan nan nan nan nan nan nan
nan nan nan nan nan nan nan nan nan nan nan
nan nan nan nan nan nan nan nan nan nan nan
nan nan nan nan nan nan nan nan nan nan nan
nan nan nan nan nan nan nan nan nan nan nan
nan nan nan nan nan nan nan nan nan nan nan
nan nan nan nan nan nan nan nan nan nan nan
nan nan nan nan nan nan nan nan nan nan nan
nan nan nan nan nan nan nan nan nan nan nan
nan nan nan nan nan nan nan nan nan nan nan
nan nan nan nan nan nan nan nan nan nan nan
nan nan nan nan nan nan nan nan nan nan nan
nan nan nan nan nan nan nan nan nan nan nan
nan nan nan nan nan nan nan nan nan nan nan
nan nan nan nan nan nan nan nan nan nan nan
nan nan nan nan nan nan nan nan nan nan nan
nan nan nan nan nan nan nan nan nan nan nan
nan nan nan nan nan nan nan nan nan nan nan
nan nan nan nan nan nan nan nan nan nan nan
nan nan nan nan nan nan nan nan nan nan nan
nan nan nan nan nan nan nan nan nan nan nan
