1.712013079684387363e-07
1.896608182990234306e-07
2.715120786173441294e-07
5.035622492049926633e-07
9.585512898013594826e-07
1.676628968600851517e-06
2.706109951652371658e-06
4.255475273021003603e-06
6.148349844485588780e-06
8.753262223556439219e-06
1.173804864455897732e-05
1.566868259437507273e-05
1.998909546491236061e-05
2.549965318339106674e-05
3.140420340404553905e-05
3.876726029690920664e-05
4.653079838804507123e-05
5.529561719391413874e-05
6.603688279291860283e-05
7.724268405567866842e-05
9.102173765860681321e-05
1.056643473685292962e-04
1.246288734126153441e-04
1.471628624475657273e-04
1.828516817430953412e-04
2.361593381646020606e-04
3.195188829803715172e-04
4.486408150837218039e-04
6.029996775584314577e-04
8.055191678148249535e-04
1.021620413849040100e-03
1.283952934559357949e-03
1.550258832468577900e-03
1.863883911467843898e-03
2.176521361697804358e-03
2.541180444051523938e-03
2.904140968181151937e-03
3.299215997980838467e-03
3.784710966544580640e-03
4.327293094174991007e-03
5.097142643377293968e-03
6.102872878360160284e-03
8.061969825706801970e-03
1.087439448703931069e-02
1.175494953449071622e-02
1.254190529372305185e-02
1.375752626302631856e-02
1.486952489992813924e-02
1.584922760968280123e-02
1.723438001599471303e-02
1.838280085813239276e-02
1.969503741791667206e-02
2.104705037041129309e-02
2.244891649429536437e-02
2.380857118212541604e-02
2.535313974881243590e-02
2.676213652507516624e-02
2.822025639652530477e-02
2.984104975551704272e-02
3.133222698522580840e-02
3.296225250830487480e-02
3.443211241423293351e-02
3.584203444464714727e-02
3.659259155683080439e-02
3.463259564350727737e-02
3.584139093915929969e-02
4.014392732617905885e-02
4.007061840956922805e-02
4.196779217517121463e-02
4.471248807075451498e-02
4.739754630627942417e-02
5.111296699227859536e-02
5.549489894999484058e-02
6.212034593007750155e-02
6.525469921277723961e-02
6.130994266595184150e-02
3.710180512338778769e-02
3.533058074927246384e-02
4.280121014831583109e-02
4.518748839707156101e-02
3.799194230302217756e-02
3.815503479047392676e-02
4.342073830638336351e-02
4.472380193448109026e-02
4.316375205915643637e-02
4.435562001566896451e-02
4.785401708436178014e-02
5.133146646270776020e-02
5.296025857342719773e-02
5.549195393235547419e-02
5.836822579205974693e-02
6.124391029104555434e-02
6.380576304655639908e-02
6.691948861175195384e-02
7.036333170164828232e-02
7.466494974368341475e-02
7.918934369628144454e-02
8.461037709798804873e-02
9.228962249454757127e-02
1.022337655924770022e-01
1.183349862412479692e-01
1.397878356219608431e-01
1.727216238174979490e-01
1.753460798752111971e-01
