5.652101074218750000e+03 0.000000000000000000e+00
5.652097656250000000e+03 -2.648441821406777308e-08
5.652070800781250000e+03 -2.073336986541107763e-07
5.652005371093750000e+03 -6.407909722838667221e-07
5.651870117187500000e+03 -1.534237640044011641e-06
5.651667480468750000e+03 -2.866313934646314010e-06
5.651373535156250000e+03 -4.790646926267072558e-06
5.650933593750000000e+03 -7.652673957636579871e-06
5.650398437500000000e+03 -1.109897675632964820e-05
5.649662109375000000e+03 -1.576856993779074401e-05
5.648822265625000000e+03 -2.090139059873763472e-05
5.647722656250000000e+03 -2.590205440355930477e-05
5.646517578125000000e+03 -1.443332166672917083e-05
5.644992187500000000e+03 -1.376264117425307631e-05
5.643367187500000000e+03 -1.364303625450702384e-05
5.641358398437500000e+03 -1.362961302220355719e-05
5.639262695312500000e+03 -1.367032382404431701e-05
5.636923828125000000e+03 -1.390705529047409073e-05
5.634104003906250000e+03 -1.476705710956593975e-05
5.631226562500000000e+03 -1.622658965061418712e-05
5.627800781250000000e+03 -1.857169081631582230e-05
5.624343750000000000e+03 -2.146718179574236274e-05
5.620269531250000000e+03 -2.543282607803121209e-05
5.616196777343750000e+03 -2.990076245623640716e-05
5.611437011718750000e+03 -3.566647137631662190e-05
5.606715332031250000e+03 -4.189131504972465336e-05
5.601671386718750000e+03 -4.903078661300241947e-05
5.595836914062500000e+03 -5.785226676380261779e-05
5.590102539062500000e+03 -6.704976112814620137e-05
5.583506347656250000e+03 -7.821335748303681612e-05
5.577058105468750000e+03 -8.967868052423000336e-05
5.569677246093750000e+03 -1.034205415635369718e-04
5.562494628906250000e+03 -1.173927521449513733e-04
5.554308593750000000e+03 -1.340190065093338490e-04
5.546375000000000000e+03 -1.508428831584751606e-04
5.537368164062500000e+03 -1.707827759673818946e-04
5.528670410156250000e+03 -1.908597332658246160e-04
5.519602050781250000e+03 -2.126128092641010880e-04
5.509357421875000000e+03 -2.381452213739976287e-04
5.499511230468750000e+03 -2.635975833982229233e-04
5.488420410156250000e+03 -2.932892239186912775e-04
5.477790527343750000e+03 -3.227228298783302307e-04
5.465849609375000000e+03 -3.568828396964818239e-04
5.454433593750000000e+03 -3.905845514964312315e-04
5.441641113281250000e+03 -4.295220714993774891e-04
5.429439453125000000e+03 -4.677721008192747831e-04
5.416862304687500000e+03 -5.082983989268541336e-04
5.402813476562500000e+03 -5.548336193896830082e-04
5.389456054687500000e+03 -6.002691225148737431e-04
5.374565917968750000e+03 -6.522221956402063370e-04
5.360435546875000000e+03 -7.027261308394372463e-04
5.344713378906250000e+03 -7.602057885378599167e-04
5.329819824218750000e+03 -8.157986449077725410e-04
5.313276855468750000e+03 -8.787087281234562397e-04
5.297632812500000000e+03 -9.391528437845408916e-04
5.280283691406250000e+03 -1.007011625915765762e-03
5.263903320312500000e+03 -1.071573467925190926e-03
5.247174804687500000e+03 -1.137588056735694408e-03
5.228664550781250000e+03 -1.210077549330890179e-03
5.211225097656250000e+03 -1.276981784030795097e-03
5.191955078125000000e+03 -1.347957528196275234e-03
5.173824218750000000e+03 -1.410142052918672562e-03
5.153817382812500000e+03 -1.470932038500905037e-03
5.135017089843750000e+03 -1.517757074907422066e-03
5.114297363281250000e+03 -1.555308466777205467e-03
5.094851562500000000e+03 -1.577402814291417599e-03
5.075104980468750000e+03 -1.590799540281295776e-03
5.053380371093750000e+03 -1.601949217729270458e-03
5.033026855468750000e+03 -1.613619388081133366e-03
5.010659179687500000e+03 -1.629435806535184383e-03
4.989726562500000000e+03 -1.646946300752460957e-03
4.966747558593750000e+03 -1.668674754910171032e-03
4.945265136718750000e+03 -1.690835459157824516e-03
4.921707519531250000e+03 -1.716637401841580868e-03
4.899707031250000000e+03 -1.741772866807878017e-03
4.875604980468750000e+03 -1.770118600688874722e-03
4.853118164062500000e+03 -1.797061180695891380e-03
4.830511718750000000e+03 -1.822114223614335060e-03
4.805956054687500000e+03 -1.850300235673785210e-03
4.781839355468750000e+03 -1.880212337709963322e-03
4.758114257812500000e+03 -1.910204067826271057e-03
4.733885742187500000e+03 -1.940271235071122646e-03
4.708973144531250000e+03 -1.970570767298340797e-03
4.683073242187500000e+03 -2.002662047743797302e-03
4.658997070312500000e+03 -2.032831544056534767e-03
4.632742675781250000e+03 -2.065740758553147316e-03
4.608068359375000000e+03 -2.095842501148581505e-03
4.583548828125000000e+03 -2.125249011442065239e-03
4.557874023437500000e+03 -2.156729344278573990e-03
4.532467773437500000e+03 -2.193482127040624619e-03
4.506852539062500000e+03 -2.218877198174595833e-03
4.480898437500000000e+03 -2.141628181561827660e-03
4.454936035156250000e+03 -2.123855752870440483e-03
4.428849121093750000e+03 -2.173685235902667046e-03
4.402550292968750000e+03 -2.196379704400897026e-03
4.376348632812500000e+03 -2.227628370746970177e-03
4.350105468750000000e+03 -2.246775664389133453e-03
4.323751464843750000e+03 -2.214385895058512688e-03
4.297455078125000000e+03 -2.305968897417187691e-03
4.271034179687500000e+03 -2.338686259463429451e-03
4.244688476562500000e+03 -2.410252578556537628e-03
4.242583496093750000e+03 -2.401008503511548042e-03
