5.652115722656250000e+03 0.000000000000000000e+00
5.645079101562500000e+03 -6.073260374250821769e-05
5.638042480468750000e+03 -1.129183365264907479e-04
5.627486816406250000e+03 -1.409966935170814395e-04
5.623968750000000000e+03 -1.427941024303436279e-04
5.623968750000000000e+03 -1.427941024303436279e-04
5.595821289062500000e+03 -1.696874533081427217e-04
5.595821289062500000e+03 -1.696874533081427217e-04
5.567673828125000000e+03 -2.139800635632127523e-04
5.567673828125000000e+03 -2.139800635632127523e-04
5.539526367187500000e+03 -2.713729918468743563e-04
5.539526367187500000e+03 -2.713729918468743563e-04
5.511378906250000000e+03 -3.388330515008419752e-04
5.511378906250000000e+03 -3.388330515008419752e-04
5.504342285156250000e+03 -3.569364198483526707e-04
5.503022949218750000e+03 -3.603755030781030655e-04
5.501703125000000000e+03 -3.638241032604128122e-04
5.499724121093750000e+03 -3.689973091240972281e-04
5.497745117187500000e+03 -3.740578249562531710e-04
5.495766113281250000e+03 -3.785538719967007637e-04
5.493787109375000000e+03 -3.822889120783656836e-04
5.491807617187500000e+03 -3.860817523673176765e-04
5.488839355468750000e+03 -3.926836652681231499e-04
5.485870605468750000e+03 -3.997837193310260773e-04
5.483231445312500000e+03 -4.062792577315121889e-04
5.483231445312500000e+03 -4.062792577315121889e-04
5.455084472656250000e+03 -4.782273899763822556e-04
5.455084472656250000e+03 -4.782273899763822556e-04
5.426937011718750000e+03 -5.456329090520739555e-04
5.426937011718750000e+03 -5.456329090520739555e-04
5.398789550781250000e+03 -5.999215645715594292e-04
5.398789550781250000e+03 -5.999215645715594292e-04
5.370642089843750000e+03 -6.522636977024376392e-04
5.370642089843750000e+03 -6.522636977024376392e-04
5.363605468750000000e+03 -6.650649011135101318e-04
5.356568359375000000e+03 -6.769344327040016651e-04
5.354809082031250000e+03 -6.794655346311628819e-04
5.353050292968750000e+03 -6.813419749960303307e-04
5.352610351562500000e+03 -6.816758541390299797e-04
5.352170410156250000e+03 -6.818400579504668713e-04
5.351510742187500000e+03 -6.812556530348956585e-04
5.351345703125000000e+03 -6.809875485487282276e-04
5.351180664062500000e+03 -6.805768352933228016e-04
5.350933593750000000e+03 -6.793553475290536880e-04
5.350701660156250000e+03 -6.773262866772711277e-04
5.350492675781250000e+03 -6.708113360218703747e-04
5.350310058593750000e+03 -6.573747377842664719e-04
5.350192871093750000e+03 -6.283850525505840778e-04
5.350075195312500000e+03 -6.048306240700185299e-04
5.349906250000000000e+03 -5.913652130402624607e-04
5.349774414062500000e+03 -5.891013424843549728e-04
5.349526367187500000e+03 -5.887812003493309021e-04
5.349377929687500000e+03 -5.890512838959693909e-04
5.349229492187500000e+03 -5.893788184039294720e-04
5.349006347656250000e+03 -5.898899980820715427e-04
5.348671875000000000e+03 -5.906424485146999359e-04
5.348170410156250000e+03 -5.917500238865613937e-04
5.347418457031250000e+03 -5.933987558819353580e-04
5.346290039062500000e+03 -5.958715337328612804e-04
5.344597167968750000e+03 -5.995928077027201653e-04
5.342494628906250000e+03 -6.042374297976493835e-04
5.342494628906250000e+03 -6.042374297976493835e-04
5.314347167968750000e+03 -6.688571884296834469e-04
5.314347167968750000e+03 -6.688571884296834469e-04
5.286199707031250000e+03 -7.377972942776978016e-04
5.286199707031250000e+03 -7.377972942776978016e-04
5.258052734375000000e+03 -8.107161265797913074e-04
5.258052734375000000e+03 -8.107161265797913074e-04
5.229905273437500000e+03 -8.872944163158535957e-04
5.229905273437500000e+03 -8.872944163158535957e-04
5.201757812500000000e+03 -9.672279702499508858e-04
5.201757812500000000e+03 -9.672279702499508858e-04
5.173610351562500000e+03 -1.050225924700498581e-03
5.173610351562500000e+03 -1.050225924700498581e-03
5.145463378906250000e+03 -1.136006554588675499e-03
5.145463378906250000e+03 -1.136006554588675499e-03
5.117315917968750000e+03 -1.224289648234844208e-03
5.117315917968750000e+03 -1.224289648234844208e-03
5.089168945312500000e+03 -1.314789173193275928e-03
5.089168945312500000e+03 -1.314789173193275928e-03
5.061021484375000000e+03 -1.407204661518335342e-03
5.061021484375000000e+03 -1.407204661518335342e-03
5.032874023437500000e+03 -1.501211896538734436e-03
5.032874023437500000e+03 -1.501211896538734436e-03
5.004727050781250000e+03 -1.596451969817280769e-03
5.004727050781250000e+03 -1.596451969817280769e-03
4.976579589843750000e+03 -1.692519872449338436e-03
4.976579589843750000e+03 -1.692519872449338436e-03
4.948432128906250000e+03 -1.788950525224208832e-03
4.948432128906250000e+03 -1.788950525224208832e-03
4.920285156250000000e+03 -1.885206438601016998e-03
4.920285156250000000e+03 -1.885206438601016998e-03
4.913248046875000000e+03 -1.909179380163550377e-03
4.911489257812500000e+03 -1.915180706419050694e-03
4.911049316406250000e+03 -1.916676759719848633e-03
4.910609375000000000e+03 -1.918171416036784649e-03
4.909949707031250000e+03 -1.920412760227918625e-03
4.908960449218750000e+03 -1.923773903399705887e-03
4.907476074218750000e+03 -1.928813173435628414e-03
4.905249511718750000e+03 -1.936366083100438118e-03
4.905040527343750000e+03 -1.937075983732938766e-03
4.904727539062500000e+03 -1.938137691468000412e-03
4.904257812500000000e+03 -1.939729438163340092e-03
4.903553222656250000e+03 -1.942116883583366871e-03
4.902496582031250000e+03 -1.945696538314223289e-03
4.901439941406250000e+03 -1.949274679645895958e-03
4.900383300781250000e+03 -1.952851307578384876e-03
4.899326660156250000e+03 -1.956426072865724564e-03
4.899062500000000000e+03 -1.957319909706711769e-03
4.898798339843750000e+03 -1.958213048055768013e-03
4.898401855468750000e+03 -1.959552755579352379e-03
4.897807617187500000e+03 -1.961561618372797966e-03
4.896916015625000000e+03 -1.964573981240391731e-03
4.896024414062500000e+03 -1.967584947124123573e-03
4.895801269531250000e+03 -1.968338154256343842e-03
4.895467285156250000e+03 -1.969466684386134148e-03
4.894965820312500000e+03 -1.971159130334854126e-03
4.894213378906250000e+03 -1.973697217181324959e-03
4.893460937500000000e+03 -1.976234372705221176e-03
4.893272949218750000e+03 -1.976868836209177971e-03
4.893084960937500000e+03 -1.977502834051847458e-03
4.892802734375000000e+03 -1.978453714400529861e-03
4.892379394531250000e+03 -1.979879802092909813e-03
4.892137695312500000e+03 -1.980694476515054703e-03
4.892137695312500000e+03 -1.980694476515054703e-03
4.891698242187500000e+03 -1.982175046578049660e-03
4.891258300781250000e+03 -1.983657246455550194e-03
4.890598632812500000e+03 -1.985878683626651764e-03
4.890433593750000000e+03 -1.986434217542409897e-03
4.890268554687500000e+03 -1.986989285796880722e-03
4.890021484375000000e+03 -1.987821888178586960e-03
4.889650390625000000e+03 -1.989070326089859009e-03
4.889093750000000000e+03 -1.990942982956767082e-03
4.888537109375000000e+03 -1.992814941331744194e-03
4.887980468750000000e+03 -1.994686201214790344e-03
4.887423828125000000e+03 -1.996556995436549187e-03
4.887284667968750000e+03 -1.997024985030293465e-03
4.887075683593750000e+03 -1.997726038098335266e-03
4.886762695312500000e+03 -1.998777734115719795e-03
4.886292968750000000e+03 -2.000354928895831108e-03
4.885588378906250000e+03 -2.002720022574067116e-03
4.885324218750000000e+03 -2.003607107326388359e-03
4.884928222656250000e+03 -2.004936570301651955e-03
4.884779785156250000e+03 -2.005435293540358543e-03
4.884556640625000000e+03 -2.006182912737131119e-03
4.884222167968750000e+03 -2.007304457947611809e-03
4.883720703125000000e+03 -2.008985960856080055e-03
4.883595214843750000e+03 -2.009406685829162598e-03
4.883470214843750000e+03 -2.009826945140957832e-03
4.883281738281250000e+03 -2.010457217693328857e-03
4.883000000000000000e+03 -2.011402742937207222e-03
4.882576660156250000e+03 -2.012820448726415634e-03
4.882417968750000000e+03 -2.013352233916521072e-03
4.882180175781250000e+03 -2.014149446040391922e-03
4.881822753906250000e+03 -2.015345031395554543e-03
4.881688964843750000e+03 -2.015793696045875549e-03
4.881488281250000000e+03 -2.016466110944747925e-03
4.881187011718750000e+03 -2.017474500462412834e-03
4.880734863281250000e+03 -2.018986502662301064e-03
4.880565429687500000e+03 -2.019553910940885544e-03
4.880311523437500000e+03 -2.020404208451509476e-03
4.879930175781250000e+03 -2.021679421886801720e-03
4.879787109375000000e+03 -2.022157656028866768e-03
4.879572753906250000e+03 -2.022874774411320686e-03
4.879250976562500000e+03 -2.023950219154357910e-03
4.879130371093750000e+03 -2.024353714659810066e-03
4.878949218750000000e+03 -2.024958375841379166e-03
4.878677734375000000e+03 -2.025865484029054642e-03
4.878270996093750000e+03 -2.027225680649280548e-03
4.877863769531250000e+03 -2.028585644438862801e-03
4.877456542968750000e+03 -2.029945142567157745e-03
4.877354492187500000e+03 -2.030285308137536049e-03
4.877100097656250000e+03 -2.031134674325585365e-03
4.876871093750000000e+03 -2.031899057328701019e-03
4.876527832031250000e+03 -2.033045282587409019e-03
4.876398925781250000e+03 -2.033475320786237717e-03
4.876205566406250000e+03 -2.034119796007871628e-03
4.875915527343750000e+03 -2.035086741670966148e-03
4.875807128906250000e+03 -2.035449258983135223e-03
4.875644042968750000e+03 -2.035992918536067009e-03
4.875399414062500000e+03 -2.036808291450142860e-03
4.875032714843750000e+03 -2.038031117990612984e-03
4.874895019531250000e+03 -2.038489794358611107e-03
4.874688476562500000e+03 -2.039177343249320984e-03
4.874378906250000000e+03 -2.040208550170063972e-03
4.874263183593750000e+03 -2.040595514699816704e-03
4.874088867187500000e+03 -2.041175263002514839e-03
4.873827636718750000e+03 -2.042045118287205696e-03
4.873583007812500000e+03 -2.042860491201281548e-03
4.873362792968750000e+03 -2.043594140559434891e-03
4.873032226562500000e+03 -2.044694265350699425e-03
4.872908203125000000e+03 -2.045106841251254082e-03
4.872722167968750000e+03 -2.045725472271442413e-03
4.872443359375000000e+03 -2.046653302386403084e-03
4.872024902343750000e+03 -2.048044698312878609e-03
4.871868164062500000e+03 -2.048566704615950584e-03
4.871632812500000000e+03 -2.049349015578627586e-03
4.871544433593750000e+03 -2.049642382189631462e-03
4.871412109375000000e+03 -2.050082432106137276e-03
4.871213378906250000e+03 -2.050742274150252342e-03
4.870915527343750000e+03 -2.051732037216424942e-03
4.870804199218750000e+03 -2.052103169262409210e-03
4.870636718750000000e+03 -2.052659867331385612e-03
4.870385253906250000e+03 -2.053494332358241081e-03
4.870008300781250000e+03 -2.054746262729167938e-03
4.869867187500000000e+03 -2.055215649306774139e-03
4.869654785156250000e+03 -2.055919496342539787e-03
4.869336914062500000e+03 -2.056975150480866432e-03
4.869019042968750000e+03 -2.058030571788549423e-03
4.868700683593750000e+03 -2.059085527434945107e-03
4.868382812500000000e+03 -2.060140483081340790e-03
4.868303222656250000e+03 -2.060404280200600624e-03
4.868104492187500000e+03 -2.061063423752784729e-03
4.867925781250000000e+03 -2.061656443402171135e-03
4.867657226562500000e+03 -2.062545856460928917e-03
4.867254882812500000e+03 -2.063879743218421936e-03
4.867104003906250000e+03 -2.064380096271634102e-03
4.866877441406250000e+03 -2.065130043774843216e-03
4.866537597656250000e+03 -2.066254848614335060e-03
4.866410644531250000e+03 -2.066676737740635872e-03
4.866219238281250000e+03 -2.067309105768799782e-03
4.865932617187500000e+03 -2.068257657811045647e-03
4.865502929687500000e+03 -2.069680020213127136e-03
4.865341796875000000e+03 -2.070213435217738152e-03
4.865100097656250000e+03 -2.071013208478689194e-03
4.864873535156250000e+03 -2.071762923151254654e-03
4.864669433593750000e+03 -2.072437433525919914e-03
4.864478027343750000e+03 -2.073069801554083824e-03
4.864306152343750000e+03 -2.073638839647173882e-03
4.864047851562500000e+03 -2.074492163956165314e-03
4.863990722656250000e+03 -2.074681455269455910e-03
4.863990722656250000e+03 -2.074681455269455910e-03
4.835843261718750000e+03 -2.166512189432978630e-03
4.835843261718750000e+03 -2.166512189432978630e-03
4.807695800781250000e+03 -2.255701692774891853e-03
4.807695800781250000e+03 -2.255701692774891853e-03
4.779548828125000000e+03 -2.342067426070570946e-03
4.779548828125000000e+03 -2.342067426070570946e-03
4.751401367187500000e+03 -2.425856888294219971e-03
4.751401367187500000e+03 -2.425856888294219971e-03
4.723253906250000000e+03 -2.507523400709033012e-03
4.723253906250000000e+03 -2.507523400709033012e-03
4.721495117187500000e+03 -2.512577455490827560e-03
4.721055175781250000e+03 -2.513836836442351341e-03
4.720615234375000000e+03 -2.515095518901944160e-03
4.720175292968750000e+03 -2.516353502869606018e-03
4.719515625000000000e+03 -2.518239896744489670e-03
4.718526367187500000e+03 -2.521067624911665916e-03
4.717041992187500000e+03 -2.525304909795522690e-03
4.714815429687500000e+03 -2.531651407480239868e-03
4.714606445312500000e+03 -2.532246988266706467e-03
4.714397949218750000e+03 -2.532840939238667488e-03
4.714189453125000000e+03 -2.533435123041272163e-03
4.713980468750000000e+03 -2.534029074013233185e-03
4.713667480468750000e+03 -2.534920116886496544e-03
4.713354492187500000e+03 -2.535810694098472595e-03
4.713041015625000000e+03 -2.536701271310448647e-03
4.712571289062500000e+03 -2.538036555051803589e-03
4.711867187500000000e+03 -2.540038665756583214e-03
4.711603027343750000e+03 -2.540789311751723289e-03
4.711206542968750000e+03 -2.541914815083146095e-03
4.710612304687500000e+03 -2.543602138757705688e-03
4.710017578125000000e+03 -2.545288763940334320e-03
4.709869140625000000e+03 -2.545710653066635132e-03
4.709720703125000000e+03 -2.546132076531648636e-03
4.709571777343750000e+03 -2.546553499996662140e-03
4.709349121093750000e+03 -2.547185402363538742e-03
4.709014648437500000e+03 -2.548133255913853645e-03
4.708513183593750000e+03 -2.549554686993360519e-03
4.707760742187500000e+03 -2.551685553044080734e-03
4.707479003906250000e+03 -2.552484394982457161e-03
4.707055664062500000e+03 -2.553682075813412666e-03
4.706632324218750000e+03 -2.554879523813724518e-03
4.706209472656250000e+03 -2.556076506152749062e-03
4.705786132812500000e+03 -2.557273022830486298e-03
4.705627441406250000e+03 -2.557721687480807304e-03
4.705389648437500000e+03 -2.558394335210323334e-03
4.705032226562500000e+03 -2.559403190389275551e-03
4.704898437500000000e+03 -2.559781540185213089e-03
4.704697753906250000e+03 -2.560348715633153915e-03
4.704396484375000000e+03 -2.561199478805065155e-03
4.703944335937500000e+03 -2.562475157901644707e-03
4.703266601562500000e+03 -2.564387861639261246e-03
4.703012695312500000e+03 -2.565105212852358818e-03
4.702631347656250000e+03 -2.566180191934108734e-03
4.702059082031250000e+03 -2.567792311310768127e-03
4.701844726562500000e+03 -2.568396972492337227e-03
4.701630371093750000e+03 -2.569001168012619019e-03
4.701416015625000000e+03 -2.569605130702257156e-03
4.701094238281250000e+03 -2.570511074736714363e-03
4.700611816406250000e+03 -2.571869641542434692e-03
4.700430664062500000e+03 -2.572379074990749359e-03
4.700159179687500000e+03 -2.573142759501934052e-03
4.699904785156250000e+03 -2.573858480900526047e-03
4.699675781250000000e+03 -2.574502723291516304e-03
4.699589843750000000e+03 -2.574744401499629021e-03
4.699460937500000000e+03 -2.575106453150510788e-03
4.699267578125000000e+03 -2.575649647042155266e-03
4.698978027343750000e+03 -2.576464554294943810e-03
4.698869140625000000e+03 -2.576770028099417686e-03
4.698706054687500000e+03 -2.577228238806128502e-03
4.698461425781250000e+03 -2.577915322035551071e-03
4.698232421875000000e+03 -2.578559331595897675e-03
4.698025878906250000e+03 -2.579138847067952156e-03
4.697716308593750000e+03 -2.580007771030068398e-03
4.697600585937500000e+03 -2.580333733931183815e-03
4.697426269531250000e+03 -2.580822445452213287e-03
4.697165039062500000e+03 -2.581555163487792015e-03
4.696773437500000000e+03 -2.582654124125838280e-03
4.696185546875000000e+03 -2.584301866590976715e-03
4.695965332031250000e+03 -2.584919799119234085e-03
4.695745117187500000e+03 -2.585537265986204147e-03
4.695524902343750000e+03 -2.586154732853174210e-03
4.695304199218750000e+03 -2.586771966889500618e-03
4.695106933593750000e+03 -2.587324939668178558e-03
4.695106933593750000e+03 -2.587324939668178558e-03
4.666959472656250000e+03 -2.665160922333598137e-03
4.666959472656250000e+03 -2.665160922333598137e-03
4.638812011718750000e+03 -2.740434603765606880e-03
4.638812011718750000e+03 -2.740434603765606880e-03
4.610665039062500000e+03 -2.811972517520189285e-03
4.610665039062500000e+03 -2.811972517520189285e-03
4.582517578125000000e+03 -2.877994440495967865e-03
4.582517578125000000e+03 -2.877994440495967865e-03
4.582077636718750000e+03 -2.878971397876739502e-03
4.581637695312500000e+03 -2.879943931475281715e-03
4.581198242187500000e+03 -2.880915766581892967e-03
4.580758300781250000e+03 -2.881885040551424026e-03
4.580098632812500000e+03 -2.883333479985594749e-03
4.579851074218750000e+03 -2.883875509724020958e-03
4.579479980468750000e+03 -2.884686458855867386e-03
4.578923339843750000e+03 -2.885899040848016739e-03
4.578714843750000000e+03 -2.886352827772498131e-03
4.578401855468750000e+03 -2.887032227590680122e-03
4.577932128906250000e+03 -2.888048067688941956e-03
4.577227539062500000e+03 -2.889565424993634224e-03
4.576170898437500000e+03 -2.891825744882225990e-03
4.574585937500000000e+03 -2.895175013691186905e-03
4.573000488281250000e+03 -2.898466540500521660e-03
4.571415527343750000e+03 -2.901677740737795830e-03
4.571019042968750000e+03 -2.902470063418149948e-03
4.570623046875000000e+03 -2.903257496654987335e-03
4.570028808593750000e+03 -2.904417458921670914e-03
4.569805664062500000e+03 -2.904847729951143265e-03
4.569471191406250000e+03 -2.905486151576042175e-03
4.568969726562500000e+03 -2.906424924731254578e-03
4.568217285156250000e+03 -2.907764632254838943e-03
4.567088867187500000e+03 -2.909498289227485657e-03
4.566807128906250000e+03 -2.909902017563581467e-03
4.566524902343750000e+03 -2.910261508077383041e-03
4.566101562500000000e+03 -2.910688752308487892e-03
4.565942871093750000e+03 -2.910827286541461945e-03
4.565705078125000000e+03 -2.910970011726021767e-03
4.565615722656250000e+03 -2.911017974838614464e-03
4.565437011718750000e+03 -2.911069430410861969e-03
4.565258789062500000e+03 -2.911064540967345238e-03
4.565169433593750000e+03 -2.911035437136888504e-03
4.564990722656250000e+03 -2.910909708589315414e-03
4.564901855468750000e+03 -2.910810755565762520e-03
4.564723144531250000e+03 -2.910503884777426720e-03
4.564633789062500000e+03 -2.910284092649817467e-03
4.564455078125000000e+03 -2.909679431468248367e-03
4.564349121093750000e+03 -2.909199101850390434e-03
4.564209960937500000e+03 -2.914568176493048668e-03
4.564046875000000000e+03 -2.888363553211092949e-03
4.563939941406250000e+03 -2.884320216253399849e-03
4.563796875000000000e+03 -2.877478254958987236e-03
4.563653808593750000e+03 -2.869114279747009277e-03
4.563510742187500000e+03 -2.859783824533224106e-03
4.563349609375000000e+03 -2.848635427653789520e-03
4.563188964843750000e+03 -2.836012979969382286e-03
4.563081542968750000e+03 -2.825873205438256264e-03
4.562920898437500000e+03 -2.803383627906441689e-03
4.562813476562500000e+03 -2.780333394184708595e-03
4.562666503906250000e+03 -2.738565905019640923e-03
4.562520019531250000e+03 -2.725239144638180733e-03
4.562362792968750000e+03 -2.723038429394364357e-03
4.562233886718750000e+03 -2.679790835827589035e-03
4.562104980468750000e+03 -2.581018023192882538e-03
4.561964355468750000e+03 -2.358017023652791977e-03
4.561778808593750000e+03 -2.248262055218219757e-03
4.561670410156250000e+03 -2.226030221208930016e-03
4.561507324218750000e+03 -2.209063852205872536e-03
4.561344238281250000e+03 -2.199761103838682175e-03
4.561181152343750000e+03 -2.194341970607638359e-03
4.560936523437500000e+03 -2.190107246860861778e-03
4.560569824218750000e+03 -2.187250880524516106e-03
4.560019531250000000e+03 -2.185699529945850372e-03
4.559193847656250000e+03 -2.185153774917125702e-03
4.557955566406250000e+03 -2.185250865295529366e-03
4.556098632812500000e+03 -2.185757737606763840e-03
4.554368164062500000e+03 -2.186300000175833702e-03
4.554368164062500000e+03 -2.186300000175833702e-03
4.526220703125000000e+03 -2.197369933128356934e-03
4.526220703125000000e+03 -2.197369933128356934e-03
4.498072753906250000e+03 -2.211491111665964127e-03
4.498072753906250000e+03 -2.211491111665964127e-03
4.469925292968750000e+03 -2.227980410680174828e-03
4.469925292968750000e+03 -2.227980410680174828e-03
4.441777832031250000e+03 -2.246272517368197441e-03
4.441777832031250000e+03 -2.246272517368197441e-03
4.413630371093750000e+03 -2.266006311401724815e-03
4.413630371093750000e+03 -2.266006311401724815e-03
4.385482910156250000e+03 -2.286848146468400955e-03
4.385482910156250000e+03 -2.286848146468400955e-03
4.357335449218750000e+03 -2.308490686118602753e-03
4.357335449218750000e+03 -2.308490686118602753e-03
4.343261718750000000e+03 -2.319464692845940590e-03
4.329187988281250000e+03 -2.330630552023649216e-03
4.329187988281250000e+03 -2.330630552023649216e-03
4.327428710937500000e+03 -2.332029398530721664e-03
4.325669433593750000e+03 -2.333422657102346420e-03
4.323910644531250000e+03 -2.334818243980407715e-03
4.322151367187500000e+03 -2.336218720301985741e-03
4.320392089843750000e+03 -2.337615471333265305e-03
4.318632812500000000e+03 -2.339015016332268715e-03
4.315994140625000000e+03 -2.341106766834855080e-03
4.312035644531250000e+03 -2.344273030757904053e-03
4.306098144531250000e+03 -2.349006012082099915e-03
4.305782226562500000e+03 -2.349250251427292824e-03
4.305466308593750000e+03 -2.349499613046646118e-03
4.305149902343750000e+03 -2.349749905988574028e-03
4.304833984375000000e+03 -2.350000897422432899e-03
4.304359863281250000e+03 -2.350377850234508514e-03
4.303648437500000000e+03 -2.350943395867943764e-03
4.302581542968750000e+03 -2.351790666580200195e-03
4.301040527343750000e+03 -2.353013958781957626e-03
4.301040527343750000e+03 -2.353013958781957626e-03
4.300600585937500000e+03 -2.353365300223231316e-03
4.300161132812500000e+03 -2.353713149204850197e-03
4.299721191406250000e+03 -2.354062395170331001e-03
4.299281250000000000e+03 -2.354410709813237190e-03
4.298621582031250000e+03 -2.354933414608240128e-03
4.297632324218750000e+03 -2.355716191232204437e-03
4.297261230468750000e+03 -2.356012118980288506e-03
4.296704589843750000e+03 -2.356452867388725281e-03
4.295869628906250000e+03 -2.357112243771553040e-03
4.294617187500000000e+03 -2.358099911361932755e-03
4.294147460937500000e+03 -2.358472440391778946e-03
4.293677734375000000e+03 -2.358842175453901291e-03
4.293208007812500000e+03 -2.359212841838598251e-03
4.292738281250000000e+03 -2.359582344070076942e-03
4.292269042968750000e+03 -2.359951380640268326e-03
4.291799316406250000e+03 -2.360321581363677979e-03
4.291623046875000000e+03 -2.360459417104721069e-03
4.291358886718750000e+03 -2.360666636377573013e-03
4.290962402343750000e+03 -2.360977465286850929e-03
4.290368164062500000e+03 -2.361444523558020592e-03
4.290145507812500000e+03 -2.361618215218186378e-03
4.289811035156250000e+03 -2.361878985539078712e-03
4.289309570312500000e+03 -2.362270839512348175e-03
4.288557128906250000e+03 -2.362856874242424965e-03
4.288274902343750000e+03 -2.363077830523252487e-03
4.287852050781250000e+03 -2.363407053053379059e-03
4.287428710937500000e+03 -2.363736508414149284e-03
4.287005371093750000e+03 -2.364063868299126625e-03
4.286582519531250000e+03 -2.364390995353460312e-03
4.286159179687500000e+03 -2.364718588069081306e-03
4.286000488281250000e+03 -2.364841522648930550e-03
4.285762207031250000e+03 -2.365024760365486145e-03
4.285405273437500000e+03 -2.365298802033066750e-03
4.284869628906250000e+03 -2.365710213780403137e-03
4.284668945312500000e+03 -2.365864347666501999e-03
4.284367675781250000e+03 -2.366094850003719330e-03
4.284254882812500000e+03 -2.366180997341871262e-03
4.284085449218750000e+03 -2.366310218349099159e-03
4.283831054687500000e+03 -2.366503700613975525e-03
4.283449707031250000e+03 -2.366793341934680939e-03
4.283306640625000000e+03 -2.366901841014623642e-03
4.283092285156250000e+03 -2.367064123973250389e-03
4.282770507812500000e+03 -2.367306966334581375e-03
4.282649902343750000e+03 -2.367397770285606384e-03
4.282469238281250000e+03 -2.367533976212143898e-03
4.282197753906250000e+03 -2.367737470194697380e-03
4.281790527343750000e+03 -2.368041547015309334e-03
4.281637695312500000e+03 -2.368155401200056076e-03
4.281408691406250000e+03 -2.368325600400567055e-03
4.281065429687500000e+03 -2.368579618632793427e-03
4.280936523437500000e+03 -2.368674380704760551e-03
4.280743164062500000e+03 -2.368816873058676720e-03
4.280453125000000000e+03 -2.369028516113758087e-03
4.280018554687500000e+03 -2.369343535974621773e-03
4.279855468750000000e+03 -2.369461813941597939e-03
4.279610839843750000e+03 -2.369637601077556610e-03
4.279366210937500000e+03 -2.369812224060297012e-03
4.279121582031250000e+03 -2.369985915720462799e-03
4.279030273437500000e+03 -2.370050642639398575e-03
4.278892578125000000e+03 -2.370147267356514931e-03
4.278686035156250000e+03 -2.370291389524936676e-03
4.278608886718750000e+03 -2.370345639064908028e-03
4.278492675781250000e+03 -2.370425965636968613e-03
4.278318359375000000e+03 -2.370545407757163048e-03
4.278057128906250000e+03 -2.370723756030201912e-03
4.277959472656250000e+03 -2.370789414271712303e-03
4.277812500000000000e+03 -2.370887668803334236e-03
4.277592285156250000e+03 -2.371034119278192520e-03
4.277509765625000000e+03 -2.371088135987520218e-03
4.277385742187500000e+03 -2.371168695390224457e-03
4.277199707031250000e+03 -2.371288603171706200e-03
4.277060058593750000e+03 -2.371377078816294670e-03
4.276851074218750000e+03 -2.371507929638028145e-03
4.276772460937500000e+03 -2.371555659919977188e-03
4.276654785156250000e+03 -2.371626906096935272e-03
4.276478515625000000e+03 -2.371732145547866821e-03
4.276346191406250000e+03 -2.371809212490916252e-03
4.276147460937500000e+03 -2.371921669691801071e-03
4.276073242187500000e+03 -2.371962415054440498e-03
4.275961425781250000e+03 -2.372022485360503197e-03
4.275793945312500000e+03 -2.372109796851873398e-03
4.275667968750000000e+03 -2.372172195464372635e-03
4.275479980468750000e+03 -2.372261136770248413e-03
4.275338378906250000e+03 -2.372322371229529381e-03
4.275126464843750000e+03 -2.372406888753175735e-03
4.274927734375000000e+03 -2.372470451518893242e-03
4.274748535156250000e+03 -2.372515620663762093e-03
4.274681640625000000e+03 -2.372526330873370171e-03
4.274581054687500000e+03 -2.372540766373276711e-03
4.274430175781250000e+03 -2.372547518461942673e-03
4.274231933593750000e+03 -2.372523071244359016e-03
4.274104492187500000e+03 -2.372475340962409973e-03
4.273977050781250000e+03 -2.372396644204854965e-03
4.273849609375000000e+03 -2.372268354520201683e-03
4.273722656250000000e+03 -2.372066024690866470e-03
4.273595214843750000e+03 -2.371752168983221054e-03
4.273436035156250000e+03 -2.371012233197689056e-03
4.273284667968750000e+03 -2.369690686464309692e-03
4.273141601562500000e+03 -2.366751199588179588e-03
4.272998046875000000e+03 -2.362014725804328918e-03
4.272893066406250000e+03 -2.358068013563752174e-03
4.272893066406250000e+03 -2.358068013563752174e-03
4.272673339843750000e+03 -2.351853996515274048e-03
4.272563476562500000e+03 -2.351112198084592819e-03
4.272453125000000000e+03 -2.351347124204039574e-03
4.272233398437500000e+03 -2.352595794945955276e-03
4.272123535156250000e+03 -2.353188116103410721e-03
4.272013671875000000e+03 -2.353667747229337692e-03
4.271903320312500000e+03 -2.354064490646123886e-03
4.271683593750000000e+03 -2.354652620851993561e-03
4.271573730468750000e+03 -2.354876371100544930e-03
4.271463867187500000e+03 -2.355070086196064949e-03
4.271319335937500000e+03 -2.355293836444616318e-03
4.271195800781250000e+03 -2.355463569983839989e-03
4.271033203125000000e+03 -2.355665899813175201e-03
4.270912597656250000e+03 -2.355806063860654831e-03
4.270779296875000000e+03 -2.355954144150018692e-03
4.270640136718750000e+03 -2.356101758778095245e-03
4.270326660156250000e+03 -2.356419572606682777e-03
4.270138183593750000e+03 -2.356605604290962219e-03
4.269950195312500000e+03 -2.356789773330092430e-03
4.269809082031250000e+03 -2.356926910579204559e-03
4.269667968750000000e+03 -2.357063582167029381e-03
4.269456542968750000e+03 -2.357268007472157478e-03
4.269139160156250000e+03 -2.357573248445987701e-03
4.268821777343750000e+03 -2.357878489419817924e-03
4.268820800781250000e+03 -2.357878489419817924e-03
