5.652101074218750000e+03 0.000000000000000000e+00
5.652097656250000000e+03 -4.486597759978394606e-08
5.652070800781250000e+03 -3.527296996708173538e-07
5.652005371093750000e+03 -1.091370791073131841e-06
5.651870117187500000e+03 -2.615615585455088876e-06
5.651667480468750000e+03 -4.892200195172335953e-06
5.651373535156250000e+03 -8.189936124836094677e-06
5.650933593750000000e+03 -1.311687719862675294e-05
5.650398925781250000e+03 -1.909367892949376255e-05
5.649662109375000000e+03 -2.730571213760413229e-05
5.648822265625000000e+03 -3.665039912448264658e-05
5.647722656250000000e+03 -4.885275848209857941e-05
5.646517578125000000e+03 -6.217470217961817980e-05
5.644992187500000000e+03 -7.897685281932353973e-05
5.643367675781250000e+03 -9.678491187514737248e-05
5.641358886718750000e+03 -1.186691151815466583e-04
5.639262695312500000e+03 -1.413308200426399708e-04
5.636924316406250000e+03 -1.663911098148673773e-04
5.634104492187500000e+03 -1.962406531674787402e-04
5.631227050781250000e+03 -2.262203488498926163e-04
5.627801269531250000e+03 -2.611440140753984451e-04
5.624344238281250000e+03 -2.953116199932992458e-04
5.620270507812500000e+03 -3.337212547194212675e-04
5.616197753906250000e+03 -3.692407626658678055e-04
5.611437988281250000e+03 -4.049647541251033545e-04
5.606716308593750000e+03 -4.301294684410095215e-04
5.601672851562500000e+03 -4.420503100845962763e-04
5.595837890625000000e+03 -4.488749837037175894e-04
5.590103515625000000e+03 -4.566450079437345266e-04
5.583507812500000000e+03 -4.671126953326165676e-04
5.577059082031250000e+03 -4.786491335835307837e-04
5.569678222656250000e+03 -4.932091687805950642e-04
5.562495605468750000e+03 -5.086407763883471489e-04
5.554309570312500000e+03 -5.277111195027828217e-04
5.546375976562500000e+03 -5.476967780850827694e-04
5.537369140625000000e+03 -5.721205961890518665e-04
5.528671386718750000e+03 -5.973546649329364300e-04
5.519603027343750000e+03 -6.252754828892648220e-04
5.509358886718750000e+03 -6.586649105884134769e-04
5.499512207031250000e+03 -6.924805347807705402e-04
5.488421875000000000e+03 -7.324510952457785606e-04
5.477791992187500000e+03 -7.724999450147151947e-04
5.465851074218750000e+03 -8.193719550035893917e-04
5.454435058593750000e+03 -8.659076411277055740e-04
5.441642089843750000e+03 -9.199071209877729416e-04
5.429440917968750000e+03 -9.730884339660406113e-04
5.416863769531250000e+03 -1.029480365104973316e-03
5.402814941406250000e+03 -1.094181672669947147e-03
5.389457519531250000e+03 -1.157199149020016193e-03
5.374567382812500000e+03 -1.228950219228863716e-03
5.360437500000000000e+03 -1.298267045058310032e-03
5.344714843750000000e+03 -1.376470783725380898e-03
5.329821777343750000e+03 -1.451199641451239586e-03
5.313278808593750000e+03 -1.534312381409108639e-03
5.297634765625000000e+03 -1.612119143828749657e-03
5.280285644531250000e+03 -1.695766579359769821e-03
5.263905273437500000e+03 -1.769123249687254429e-03
5.247176757812500000e+03 -1.831785193644464016e-03
5.228666503906250000e+03 -1.867778482846915722e-03
5.211226562500000000e+03 -1.837346586398780346e-03
5.191956054687500000e+03 -1.780039630830287933e-03
5.173825683593750000e+03 -1.808670931495726109e-03
5.153818359375000000e+03 -1.803191844373941422e-03
5.135018066406250000e+03 -1.755794626660645008e-03
5.114297851562500000e+03 -1.777356024831533432e-03
5.094852539062500000e+03 -1.805328996852040291e-03
5.075105957031250000e+03 -1.833442365750670433e-03
5.053381347656250000e+03 -1.866651698946952820e-03
5.033027343750000000e+03 -1.900645322166383266e-03
5.010660156250000000e+03 -1.938895322382450104e-03
4.989727539062500000e+03 -1.975947991013526917e-03
4.966748535156250000e+03 -2.018209779635071754e-03
4.945266113281250000e+03 -2.058503683656454086e-03
4.921708984375000000e+03 -2.103526843711733818e-03
4.899708007812500000e+03 -2.146490616723895073e-03
4.875606445312500000e+03 -2.194283762946724892e-03
4.853119628906250000e+03 -2.239457797259092331e-03
4.830411132812500000e+03 -2.285724272951483727e-03
4.805569824218750000e+03 -2.337014535441994667e-03
4.782426269531250000e+03 -2.385363448411226273e-03
4.757131835937500000e+03 -2.438873983919620514e-03
4.733587402343750000e+03 -2.489335602149367332e-03
4.707878417968750000e+03 -2.545133233070373535e-03
4.683970214843750000e+03 -2.597701735794544220e-03
4.657887207031250000e+03 -2.655850024893879890e-03
4.633651855468750000e+03 -2.710644621402025223e-03
4.609272949218750000e+03 -2.766523044556379318e-03
4.582710937500000000e+03 -2.828316530212759972e-03
4.558062011718750000e+03 -2.886542351916432381e-03
4.531228515625000000e+03 -2.950916066765785217e-03
4.506348144531250000e+03 -3.011547261849045753e-03
4.479285644531250000e+03 -3.078560344874858856e-03
4.454213867187500000e+03 -3.141653956845402718e-03
4.426965820312500000e+03 -3.211342962458729744e-03
4.401742675781250000e+03 -3.276908537372946739e-03
4.374352539062500000e+03 -3.349279752001166344e-03
4.349018554687500000e+03 -3.417311934754252434e-03
4.323646484375000000e+03 -3.486515954136848450e-03
4.296126464843750000e+03 -3.562791505828499794e-03
4.270173828125000000e+03 -3.635891247540712357e-03
4.243681640625000000e+03 -3.711687168106436729e-03
4.217719238281250000e+03 -3.787118243053555489e-03
4.191635253906250000e+03 -3.864053403958678246e-03
4.163853027343750000e+03 -3.947262652218341827e-03
4.138152832031250000e+03 -4.025390371680259705e-03
4.112437988281250000e+03 -4.104665014892816544e-03
4.086652832031250000e+03 -4.185247700661420822e-03
4.060134277343750000e+03 -4.269238561391830444e-03
4.034020751953125000e+03 -4.353019874542951584e-03
4.008191650390625000e+03 -4.436891060322523117e-03
3.981747070312500000e+03 -4.523728508502244949e-03
3.956655517578125000e+03 -4.606941249221563339e-03
3.930824951171875000e+03 -4.693312570452690125e-03
3.905135009765625000e+03 -4.779757466167211533e-03
3.879980957031250000e+03 -4.864670336246490479e-03
3.854745849609375000e+03 -4.949789494276046753e-03
3.829334228515625000e+03 -5.034921225160360336e-03
3.804207275390625000e+03 -5.117964465171098709e-03
3.779782958984375000e+03 -5.196736194193363190e-03
3.753778564453125000e+03 -5.277523305267095566e-03
3.729711425781250000e+03 -5.348556209355592728e-03
3.706075927734375000e+03 -5.413911305367946625e-03
3.681765380859375000e+03 -5.475591402500867844e-03
3.658695312500000000e+03 -5.527354776859283447e-03
3.634858154296875000e+03 -5.567929707467556000e-03
3.611913574218750000e+03 -5.562221165746450424e-03
3.588792480468750000e+03 -5.359571892768144608e-03
3.564923583984375000e+03 -4.973932635039091110e-03
3.543097167968750000e+03 -5.063268821686506271e-03
3.521203857421875000e+03 -5.169229581952095032e-03
3.499046630859375000e+03 -5.086427554488182068e-03
3.477268798828125000e+03 -4.939268808811903000e-03
3.455924072265625000e+03 -4.855933133512735367e-03
3.434695068359375000e+03 -4.788589663803577423e-03
3.414265625000000000e+03 -4.252794664353132248e-03
3.397137695312500000e+03 -3.745373338460922241e-03
