5.652143066406250000e+03 0.000000000000000000e+00
5.645106445312500000e+03 -4.926887777401134372e-05
5.638069335937500000e+03 -8.208623330574482679e-05
5.627514160156250000e+03 -7.891467248555272818e-05
5.623995605468750000e+03 -7.882122736191377044e-05
5.595848144531250000e+03 -9.775315993465483189e-05
5.567700683593750000e+03 -1.315996923949569464e-04
5.539553222656250000e+03 -1.755752891767770052e-04
5.511405273437500000e+03 -2.264034992549568415e-04
5.483257812500000000e+03 -2.809681463986635208e-04
5.455110351562500000e+03 -3.351607301738113165e-04
5.426962890625000000e+03 -3.797858371399343014e-04
5.419925781250000000e+03 -3.855878894682973623e-04
5.412889160156250000e+03 -3.769568575080484152e-04
5.411129882812500000e+03 -3.726433496922254562e-04
5.409370605468750000e+03 -3.664935356937348843e-04
5.407611328125000000e+03 -3.573758003767579794e-04
5.407171386718750000e+03 -3.542043268680572510e-04
5.407061523437500000e+03 -3.533085982780903578e-04
5.406896484375000000e+03 -3.516977885738015175e-04
5.406648925781250000e+03 -3.475324192550033331e-04
5.406416992187500000e+03 -3.407773328945040703e-04
5.406208496093750000e+03 -3.290242748335003853e-04
5.405895507812500000e+03 -3.108819946646690369e-04
5.405582031250000000e+03 -2.989291679114103317e-04
5.405269042968750000e+03 -2.925643639173358679e-04
5.404956054687500000e+03 -2.896454825531691313e-04
5.404642578125000000e+03 -2.886453585233539343e-04
5.404173339843750000e+03 -2.889444876927882433e-04
5.403468750000000000e+03 -2.904996508732438087e-04
5.402412109375000000e+03 -2.929499023593962193e-04
5.400826660156250000e+03 -2.960095007438212633e-04
5.398814941406250000e+03 -2.993580710608512163e-04
5.370667480468750000e+03 -3.427938790991902351e-04
5.342520019531250000e+03 -3.893741231877356768e-04
5.314372558593750000e+03 -4.390878893900662661e-04
5.286224609375000000e+03 -4.916858160868287086e-04
5.258077148437500000e+03 -5.469289026223123074e-04
5.229929687500000000e+03 -6.046063499525189400e-04
5.201782226562500000e+03 -6.645320099778473377e-04
5.173634765625000000e+03 -7.265378953889012337e-04
5.145487304687500000e+03 -7.904667872935533524e-04
5.117339843750000000e+03 -8.561850991100072861e-04
5.089192382812500000e+03 -9.234888129867613316e-04
5.061044921875000000e+03 -9.922214085236191750e-04
5.032897460937500000e+03 -1.062186551280319691e-03
5.004750000000000000e+03 -1.133163343183696270e-03
4.997712890625000000e+03 -1.151067437604069710e-03
4.990676269531250000e+03 -1.168982125818729401e-03
4.988037109375000000e+03 -1.175725134089589119e-03
4.984079101562500000e+03 -1.185831148177385330e-03
4.978141601562500000e+03 -1.201000879518687725e-03
4.976602539062500000e+03 -1.204948988743126392e-03
4.974843261718750000e+03 -1.209453679621219635e-03
4.973083984375000000e+03 -1.213959185406565666e-03
4.970445312500000000e+03 -1.220717211253941059e-03
4.966486816406250000e+03 -1.230860012583434582e-03
4.960549804687500000e+03 -1.246086205355823040e-03
4.958323242187500000e+03 -1.251812092959880829e-03
4.954983398437500000e+03 -1.260390388779342175e-03
4.952478515625000000e+03 -1.266828738152980804e-03
4.949973632812500000e+03 -1.273264409974217415e-03
4.948455078125000000e+03 -1.277169561944901943e-03
4.920307617187500000e+03 -1.349489321000874043e-03
4.892160156250000000e+03 -1.421622466295957565e-03
4.864012695312500000e+03 -1.493040123023092747e-03
4.856975585937500000e+03 -1.510763890109956264e-03
4.849938964843750000e+03 -1.528338878415524960e-03
4.849499023437500000e+03 -1.529441913589835167e-03
4.849059082031250000e+03 -1.530539477244019508e-03
4.848399414062500000e+03 -1.532181166112422943e-03
4.848152343750000000e+03 -1.532796886749565601e-03
4.847781250000000000e+03 -1.533719361759722233e-03
4.847224609375000000e+03 -1.535101793706417084e-03
4.846389648437500000e+03 -1.537173287943005562e-03
4.845554687500000000e+03 -1.539243152365088463e-03
4.844719726562500000e+03 -1.541310921311378479e-03
4.843884765625000000e+03 -1.543376594781875610e-03
4.843049804687500000e+03 -1.545439707115292549e-03
4.842214843750000000e+03 -1.547500025480985641e-03
4.841379882812500000e+03 -1.549556502141058445e-03
4.840544921875000000e+03 -1.551607041619718075e-03
4.839709960937500000e+03 -1.553646638058125973e-03
4.838875000000000000e+03 -1.555659924633800983e-03
4.838040039062500000e+03 -1.557626994326710701e-03
4.837205078125000000e+03 -1.559462281875312328e-03
4.836370117187500000e+03 -1.560983364470303059e-03
4.835865234375000000e+03 -1.561675569973886013e-03
4.835425292968750000e+03 -1.562019344419240952e-03
4.834985351562500000e+03 -1.561996177770197392e-03
4.834545410156250000e+03 -1.561454846523702145e-03
4.834105957031250000e+03 -1.560276956297457218e-03
4.833446289062500000e+03 -1.556914998218417168e-03
4.832786621093750000e+03 -1.551916007883846760e-03
4.832126464843750000e+03 -1.545782783068716526e-03
4.831466796875000000e+03 -1.539221033453941345e-03
4.830807128906250000e+03 -1.532697118818759918e-03
4.830147460937500000e+03 -1.526368549093604088e-03
4.829487792968750000e+03 -1.520103309303522110e-03
4.828828125000000000e+03 -1.513543422333896160e-03
4.828168457031250000e+03 -1.506157335825264454e-03
4.827178710937500000e+03 -1.490714610554277897e-03
4.826188964843750000e+03 -1.467179274186491966e-03
4.825199218750000000e+03 -1.436795340850949287e-03
4.824209960937500000e+03 -1.406854018568992615e-03
4.823962402343750000e+03 -1.399472821503877640e-03
4.823714843750000000e+03 -1.392688835039734840e-03
4.823343750000000000e+03 -1.383712631650269032e-03
4.822787109375000000e+03 -1.372715574689209461e-03
4.821952148437500000e+03 -1.360885915346443653e-03
4.820699707031250000e+03 -1.350309234112501144e-03
4.819447265625000000e+03 -1.344305812381207943e-03
4.818194824218750000e+03 -1.341066672466695309e-03
4.816316406250000000e+03 -1.339242327958345413e-03
4.813498046875000000e+03 -1.339172944426536560e-03
4.809271484375000000e+03 -1.340963295660912991e-03
4.807716796875000000e+03 -1.341786235570907593e-03
4.800679687500000000e+03 -1.346377539448440075e-03
4.793643066406250000e+03 -1.351423328742384911e-03
4.786605957031250000e+03 -1.356793800368905067e-03
4.779569335937500000e+03 -1.362396869808435440e-03
4.772532226562500000e+03 -1.368190743960440159e-03
4.765495117187500000e+03 -1.374099636450409889e-03
4.758458496093750000e+03 -1.380135538056492805e-03
4.751421386718750000e+03 -1.386223360896110535e-03
4.744384765625000000e+03 -1.392382895573973656e-03
4.737347656250000000e+03 -1.398538588546216488e-03
4.730311035156250000e+03 -1.404713140800595284e-03
4.723273925781250000e+03 -1.410815166309475899e-03
4.716236816406250000e+03 -1.416860846802592278e-03
4.709200195312500000e+03 -1.422727829776704311e-03
4.702163085937500000e+03 -1.428266172297298908e-03
4.698645019531250000e+03 -1.430914271622896194e-03
4.695126464843750000e+03 -1.433293684385716915e-03
4.693367187500000000e+03 -1.434445381164550781e-03
4.691607910156250000e+03 -1.435493817552924156e-03
4.689848632812500000e+03 -1.436384860426187515e-03
4.688089355468750000e+03 -1.436902675777673721e-03
4.686330078125000000e+03 -1.436653197742998600e-03
4.684570800781250000e+03 -1.435760757885873318e-03
4.682811523437500000e+03 -1.434840029105544090e-03
4.681052734375000000e+03 -1.434306032024323940e-03
4.679293457031250000e+03 -1.434257254004478455e-03
4.677534179687500000e+03 -1.434625824913382530e-03
4.675774902343750000e+03 -1.435309182852506638e-03
4.673135742187500000e+03 -1.436795690096914768e-03
4.669177734375000000e+03 -1.439537620171904564e-03
4.666978515625000000e+03 -1.441163476556539536e-03
4.665219238281250000e+03 -1.442509121261537075e-03
4.663460449218750000e+03 -1.443886430934071541e-03
4.661701171875000000e+03 -1.445290050469338894e-03
4.659062011718750000e+03 -1.447424525395035744e-03
4.655104003906250000e+03 -1.450655632652342319e-03
4.649166503906250000e+03 -1.455503632314503193e-03
4.640260253906250000e+03 -1.462707179598510265e-03
4.638831054687500000e+03 -1.463854452595114708e-03
4.637071777343750000e+03 -1.465257722884416580e-03
4.635312500000000000e+03 -1.466655288822948933e-03
4.633553222656250000e+03 -1.468045869842171669e-03
4.630914550781250000e+03 -1.470121787860989571e-03
4.626956542968750000e+03 -1.473196549341082573e-03
4.621019042968750000e+03 -1.477718004025518894e-03
4.615081542968750000e+03 -1.482116756960749626e-03
4.610683593750000000e+03 -1.485288958065211773e-03
4.608924316406250000e+03 -1.486537046730518341e-03
4.607165039062500000e+03 -1.487766741774976254e-03
4.605405761718750000e+03 -1.488978741690516472e-03
4.602767089843750000e+03 -1.490757917053997517e-03
4.600127929687500000e+03 -1.492490409873425961e-03
4.597489257812500000e+03 -1.494167954660952091e-03
4.594850585937500000e+03 -1.495779608376324177e-03
4.592211425781250000e+03 -1.497308840043842793e-03
4.589572753906250000e+03 -1.498727127909660339e-03
4.586934082031250000e+03 -1.499984646216034889e-03
4.585614257812500000e+03 -1.500561134889721870e-03
4.584294921875000000e+03 -1.501061022281646729e-03
4.582975585937500000e+03 -1.501452177762985229e-03
4.582535644531250000e+03 -1.501571387052536011e-03
4.582096191406250000e+03 -1.501678256317973137e-03
4.581656250000000000e+03 -1.501768012531101704e-03
4.580996582031250000e+03 -1.501853810623288155e-03
4.580006835937500000e+03 -1.501796767115592957e-03
4.579017578125000000e+03 -1.501433784142136574e-03
4.578770019531250000e+03 -1.501370337791740894e-03
4.578522460937500000e+03 -1.501310151070356369e-03
4.578151367187500000e+03 -1.501213177107274532e-03
4.577594726562500000e+03 -1.500738668255507946e-03
4.577038085937500000e+03 -1.496836193837225437e-03
4.576898925781250000e+03 -1.495052827522158623e-03
4.576759765625000000e+03 -1.493033953011035919e-03
4.576620605468750000e+03 -1.490785973146557808e-03
4.576481445312500000e+03 -1.488379784859716892e-03
4.576342285156250000e+03 -1.485884538851678371e-03
4.576063964843750000e+03 -1.480869599618017673e-03
4.575924804687500000e+03 -1.478448044508695602e-03
4.575785644531250000e+03 -1.476133009418845177e-03
4.575646484375000000e+03 -1.473949989303946495e-03
4.575507324218750000e+03 -1.471917494200170040e-03
4.575368164062500000e+03 -1.470046234317123890e-03
4.575229003906250000e+03 -1.468351460061967373e-03
4.575020507812500000e+03 -1.466192421503365040e-03
4.574811523437500000e+03 -1.464500557631254196e-03
4.574603027343750000e+03 -1.463428488932549953e-03
4.574394042968750000e+03 -1.464208355173468590e-03
4.574185546875000000e+03 -1.479107420891523361e-03
4.574067871093750000e+03 -1.476951176300644875e-03
4.573921386718750000e+03 -1.468709437176585197e-03
4.573789062500000000e+03 -1.460888539440929890e-03
4.573590820312500000e+03 -1.450356678105890751e-03
4.573293945312500000e+03 -1.437811646610498428e-03
4.572996582031250000e+03 -1.427326817065477371e-03
4.572699218750000000e+03 -1.418504863977432251e-03
4.572401855468750000e+03 -1.411109347827732563e-03
4.572104980468750000e+03 -1.404819777235388756e-03
4.571807617187500000e+03 -1.399536267854273319e-03
4.571510253906250000e+03 -1.395149389281868935e-03
4.571213378906250000e+03 -1.391502795740962029e-03
4.570916015625000000e+03 -1.388414762914180756e-03
4.570618652343750000e+03 -1.385780284181237221e-03
4.570172851562500000e+03 -1.382577582262456417e-03
4.569504394531250000e+03 -1.378877321258187294e-03
4.568500976562500000e+03 -1.374961459077894688e-03
4.566996582031250000e+03 -1.371338265016674995e-03
4.565491699218750000e+03 -1.369118224829435349e-03
4.563987304687500000e+03 -1.367823337204754353e-03
4.561730468750000000e+03 -1.367020304314792156e-03
4.558345214843750000e+03 -1.367065706290304661e-03
4.554387695312500000e+03 -1.367954304441809654e-03
4.526240234375000000e+03 -1.380129484459757805e-03
4.498092285156250000e+03 -1.393785933032631874e-03
4.469944824218750000e+03 -1.408135518431663513e-03
4.441797363281250000e+03 -1.422946574166417122e-03
4.413649414062500000e+03 -1.438070088624954224e-03
4.385501953125000000e+03 -1.453258562833070755e-03
4.378464843750000000e+03 -1.457028207369148731e-03
4.371428222656250000e+03 -1.460758619941771030e-03
4.369668945312500000e+03 -1.461690757423639297e-03
4.367909667968750000e+03 -1.462616724893450737e-03
4.365270996093750000e+03 -1.463998225517570972e-03
4.361312500000000000e+03 -1.466053538024425507e-03
4.357354492187500000e+03 -1.468109083361923695e-03
4.355595214843750000e+03 -1.469014910981059074e-03
4.353835937500000000e+03 -1.469921204261481762e-03
4.352076660156250000e+03 -1.470827031880617142e-03
4.349437988281250000e+03 -1.472184434533119202e-03
4.345479492187500000e+03 -1.474223332479596138e-03
4.344490234375000000e+03 -1.474726363085210323e-03
4.343500488281250000e+03 -1.475226832553744316e-03
4.342016113281250000e+03 -1.475991099141538143e-03
4.339789550781250000e+03 -1.477124635130167007e-03
4.338954589843750000e+03 -1.477548154070973396e-03
4.337702148437500000e+03 -1.478182268328964710e-03
4.335823730468750000e+03 -1.479125814512372017e-03
4.335119140625000000e+03 -1.479477738030254841e-03
4.334062500000000000e+03 -1.480001956224441528e-03
4.332477050781250000e+03 -1.480771810747683048e-03
4.331882812500000000e+03 -1.481056562624871731e-03
4.330991210937500000e+03 -1.481477404013276100e-03
4.329653808593750000e+03 -1.482079620473086834e-03
4.329206542968750000e+03 -1.482275431044399738e-03
4.328767089843750000e+03 -1.482463558204472065e-03
4.328327148437500000e+03 -1.482644234783947468e-03
4.327887207031250000e+03 -1.482816995121538639e-03
4.327227539062500000e+03 -1.483053551055490971e-03
4.326567871093750000e+03 -1.483252621255815029e-03
4.325908203125000000e+03 -1.483387546613812447e-03
4.325578125000000000e+03 -1.483425730839371681e-03
4.325248535156250000e+03 -1.483427826315164566e-03
4.324918457031250000e+03 -1.483372063376009464e-03
4.324588867187500000e+03 -1.483215251937508583e-03
4.324258789062500000e+03 -1.482855179347097874e-03
4.323929199218750000e+03 -1.482025953009724617e-03
4.323599121093750000e+03 -1.480734790675342083e-03
4.323269531250000000e+03 -1.479993923567235470e-03
4.322939453125000000e+03 -1.479883096180856228e-03
4.322609375000000000e+03 -1.480053528212010860e-03
4.322279785156250000e+03 -1.480337348766624928e-03
4.321949707031250000e+03 -1.480666804127395153e-03
4.321620117187500000e+03 -1.481016399338841438e-03
4.321125488281250000e+03 -1.481544692069292068e-03
4.320383300781250000e+03 -1.482311636209487915e-03
4.319270019531250000e+03 -1.483384869061410427e-03
4.318156738281250000e+03 -1.484376261942088604e-03
4.317043457031250000e+03 -1.485307700932025909e-03
4.315373535156250000e+03 -1.486605382524430752e-03
4.312868652343750000e+03 -1.488420879468321800e-03
4.309111328125000000e+03 -1.490994240157306194e-03
4.303475585937500000e+03 -1.494696713052690029e-03
4.301059082031250000e+03 -1.496264943853020668e-03
4.272911621093750000e+03 -1.513976254500448704e-03
4.244763671875000000e+03 -1.531830406747758389e-03
4.237727050781250000e+03 -1.536350464448332787e-03
4.230689941406250000e+03 -1.540870056487619877e-03
4.223653320312500000e+03 -1.545398845337331295e-03
4.216616210937500000e+03 -1.549940672703087330e-03
4.214856933593750000e+03 -1.551080378703773022e-03
4.213097656250000000e+03 -1.552221016027033329e-03
4.211338378906250000e+03 -1.553359907120466232e-03
4.208699707031250000e+03 -1.555068069137632847e-03
4.204741210937500000e+03 -1.557631185278296471e-03
4.198804199218750000e+03 -1.561496523208916187e-03
4.196577636718750000e+03 -1.562951365485787392e-03
4.193237792968750000e+03 -1.565130078233778477e-03
4.188468750000000000e+03 -1.568243489600718021e-03
4.184950195312500000e+03 -1.570548396557569504e-03
4.181431640625000000e+03 -1.572852372191846371e-03
4.177913085937500000e+03 -1.575160888023674488e-03
4.172635742187500000e+03 -1.578625058755278587e-03
4.164719238281250000e+03 -1.583831617608666420e-03
4.163619628906250000e+03 -1.584563055075705051e-03
4.161970214843750000e+03 -1.585655147209763527e-03
4.160320800781250000e+03 -1.586744328960776329e-03
4.158561523437500000e+03 -1.587907318025827408e-03
4.156802734375000000e+03 -1.589071121998131275e-03
4.155043457031250000e+03 -1.590233179740607738e-03
4.152404296875000000e+03 -1.591976266354322433e-03
4.148446289062500000e+03 -1.594590372405946255e-03
4.146961914062500000e+03 -1.595583627931773663e-03
4.144735351562500000e+03 -1.597061404027044773e-03
4.143900390625000000e+03 -1.597614958882331848e-03
4.142647949218750000e+03 -1.598446746356785297e-03
4.140769531250000000e+03 -1.599694485776126385e-03
4.137951171875000000e+03 -1.601562718860805035e-03
4.136894531250000000e+03 -1.602266216650605202e-03
4.135309570312500000e+03 -1.603323034942150116e-03
4.132932128906250000e+03 -1.604903023689985275e-03
4.132173339843750000e+03 -1.605408731848001480e-03
4.130414062500000000e+03 -1.606580452062189579e-03
4.128654785156250000e+03 -1.607749494723975658e-03
4.126895507812500000e+03 -1.608920982107520103e-03
4.124256835937500000e+03 -1.610675826668739319e-03
4.123267089843750000e+03 -1.611340907402336597e-03
4.121782714843750000e+03 -1.612331485375761986e-03
4.119556640625000000e+03 -1.613813685253262520e-03
4.116216796875000000e+03 -1.616035588085651398e-03
4.114964355468750000e+03 -1.616878551431000233e-03
4.113085449218750000e+03 -1.618133275769650936e-03
4.112381347656250000e+03 -1.618604175746440887e-03
4.111324218750000000e+03 -1.619310583919286728e-03
4.109739257812500000e+03 -1.620370545424520969e-03
4.109145019531250000e+03 -1.620767405256628990e-03
4.108253417968750000e+03 -1.621364499442279339e-03
4.106916015625000000e+03 -1.622257172130048275e-03
4.104909667968750000e+03 -1.623595715500414371e-03
4.104025878906250000e+03 -1.624188153073191643e-03
4.103585937500000000e+03 -1.624484313651919365e-03
4.103145996093750000e+03 -1.624778611585497856e-03
4.102706542968750000e+03 -1.625072327442467213e-03
4.102046386718750000e+03 -1.625512959435582161e-03
4.101057128906250000e+03 -1.626174547709524632e-03
4.099572753906250000e+03 -1.627166289836168289e-03
4.097346191406250000e+03 -1.628652797080576420e-03
4.096511230468750000e+03 -1.629215548746287823e-03
4.095258789062500000e+03 -1.630053506232798100e-03
4.094789062500000000e+03 -1.630367245525121689e-03
4.094084716796875000e+03 -1.630838494747877121e-03
4.093028076171875000e+03 -1.631545368582010269e-03
4.091442871093750000e+03 -1.632604165934026241e-03
4.090848388671875000e+03 -1.633004052564501762e-03
4.089956787109375000e+03 -1.633600564673542976e-03
4.088619384765625000e+03 -1.634495100006461143e-03
4.086613281250000000e+03 -1.635832712054252625e-03
4.085861083984375000e+03 -1.636339817196130753e-03
4.084732421875000000e+03 -1.637095585465431213e-03
4.084309326171875000e+03 -1.637378241866827011e-03
4.083674560546875000e+03 -1.637802459299564362e-03
4.082722412109375000e+03 -1.638439483940601349e-03
4.081294189453125000e+03 -1.639393391087651253e-03
4.079152099609375000e+03 -1.640822156332433224e-03
4.078348632812500000e+03 -1.641363487578928471e-03
4.077143554687500000e+03 -1.642168848775327206e-03
4.075878173828125000e+03 -1.643015653826296329e-03
4.074998535156250000e+03 -1.643603551201522350e-03
4.074118896484375000e+03 -1.644191914238035679e-03
4.073239257812500000e+03 -1.644778647460043430e-03
4.071919921875000000e+03 -1.645661424845457077e-03
4.070600341796875000e+03 -1.646542572416365147e-03
4.069281005859375000e+03 -1.647422905080020428e-03
4.067961669921875000e+03 -1.648303470574319363e-03
4.066642089843750000e+03 -1.649182173423469067e-03
4.065322753906250000e+03 -1.650061691179871559e-03
4.064827880859375000e+03 -1.650393474847078323e-03
4.064085937500000000e+03 -1.650888822041451931e-03
4.062972656250000000e+03 -1.651631086133420467e-03
4.062555175781250000e+03 -1.651909784413874149e-03
4.061928955078125000e+03 -1.652327133342623711e-03
4.060989501953125000e+03 -1.652951934374868870e-03
4.059580566406250000e+03 -1.653888728469610214e-03
4.057467041015625000e+03 -1.655292697250843048e-03
4.056674560546875000e+03 -1.655826112255454063e-03
4.055485839843750000e+03 -1.656616106629371643e-03
4.054296875000000000e+03 -1.657405286096036434e-03
4.053108154296875000e+03 -1.658195164054632187e-03
4.052662353515625000e+03 -1.658492721617221832e-03
4.051993652343750000e+03 -1.658939290791749954e-03
4.050990478515625000e+03 -1.659604371525347233e-03
4.049485839843750000e+03 -1.660601003095507622e-03
4.049047119140625000e+03 -1.660894369706511497e-03
4.048388916015625000e+03 -1.661333022639155388e-03
4.047730468750000000e+03 -1.661769696511328220e-03
4.047290771484375000e+03 -1.662061666138470173e-03
4.046850830078125000e+03 -1.662353402934968472e-03
4.046411132812500000e+03 -1.662645256146788597e-03
4.045751464843750000e+03 -1.663082861341536045e-03
4.044761718750000000e+03 -1.663738396018743515e-03
4.044390625000000000e+03 -1.663986709900200367e-03
4.043833984375000000e+03 -1.664355746470391750e-03
4.042999267578125000e+03 -1.664909184910356998e-03
4.041746826171875000e+03 -1.665737479925155640e-03
4.041277099609375000e+03 -1.666051452048122883e-03
4.040572509765625000e+03 -1.666518277488648891e-03
4.039515869140625000e+03 -1.667218515649437904e-03
4.037930664062500000e+03 -1.668266253545880318e-03
4.037336425781250000e+03 -1.668664393946528435e-03
4.036444824218750000e+03 -1.669255318120121956e-03
4.036110351562500000e+03 -1.669477671384811401e-03
4.035608886718750000e+03 -1.669809571467339993e-03
4.034856445312500000e+03 -1.670308178290724754e-03
4.033728027343750000e+03 -1.671058358624577522e-03
4.033304931640625000e+03 -1.671338337473571301e-03
4.032670166015625000e+03 -1.671759178861975670e-03
4.031718017578125000e+03 -1.672390499152243137e-03
4.031361083984375000e+03 -1.672628335654735565e-03
4.030825439453125000e+03 -1.672984799370169640e-03
4.030021972656250000e+03 -1.673517865128815174e-03
4.028817138671875000e+03 -1.674317871220409870e-03
4.028365234375000000e+03 -1.674617407843470573e-03
4.027687255859375000e+03 -1.675068284384906292e-03
4.026670654296875000e+03 -1.675742794759571552e-03
4.026289306640625000e+03 -1.675997627899050713e-03
4.025717285156250000e+03 -1.676377607509493828e-03
4.024859375000000000e+03 -1.676947926171123981e-03
4.023572753906250000e+03 -1.677804742939770222e-03
4.022607421875000000e+03 -1.678445376455783844e-03
4.021642333984375000e+03 -1.679088105447590351e-03
4.020194824218750000e+03 -1.680051325820386410e-03
4.019583007812500000e+03 -1.680462970398366451e-03
4.019143066406250000e+03 -1.680757035501301289e-03
4.018703369140625000e+03 -1.681050402112305164e-03
4.018263427734375000e+03 -1.681343535892665386e-03
4.017603759765625000e+03 -1.681784167885780334e-03
4.016614257812500000e+03 -1.682444242760539055e-03
4.016243164062500000e+03 -1.682693255133926868e-03
4.015686523437500000e+03 -1.683065318502485752e-03
4.014851562500000000e+03 -1.683623529970645905e-03
4.013599121093750000e+03 -1.684461836703121662e-03
4.012346679687500000e+03 -1.685300958342850208e-03
4.011094238281250000e+03 -1.686140894889831543e-03
4.009841796875000000e+03 -1.686981646344065666e-03
4.008589355468750000e+03 -1.687823445536196232e-03
4.007336914062500000e+03 -1.688666059635579586e-03
4.006084716796875000e+03 -1.689509721472859383e-03
4.004832275390625000e+03 -1.690354314632713795e-03
4.003579833984375000e+03 -1.691199839115142822e-03
4.002327392578125000e+03 -1.692046294920146465e-03
4.001074951171875000e+03 -1.692893798463046551e-03
3.999822509765625000e+03 -1.693742349743843079e-03
3.998570068359375000e+03 -1.694591832347214222e-03
3.997317626953125000e+03 -1.695442479103803635e-03
3.996065185546875000e+03 -1.696294057182967663e-03
3.994812744140625000e+03 -1.697146683000028133e-03
3.993560546875000000e+03 -1.698000472970306873e-03
3.992308105468750000e+03 -1.698855194263160229e-03
3.991435302734375000e+03 -1.699451473541557789e-03
3.990995361328125000e+03 -1.699752756394445896e-03
3.990555664062500000e+03 -1.700053690001368523e-03
3.990115966796875000e+03 -1.700354623608291149e-03
3.989456054687500000e+03 -1.700806082226336002e-03
3.988466552734375000e+03 -1.701483852230012417e-03
3.988095458984375000e+03 -1.701738685369491577e-03
3.987538818359375000e+03 -1.702121226117014885e-03
3.986703857421875000e+03 -1.702694105915725231e-03
3.985451416015625000e+03 -1.703554065898060799e-03
3.984512207031250000e+03 -1.704199938103556633e-03
3.983572753906250000e+03 -1.704846625216305256e-03
3.983220703125000000e+03 -1.705089700408279896e-03
3.982692382812500000e+03 -1.705453963950276375e-03
3.981899658203125000e+03 -1.706000301055610180e-03
3.980710937500000000e+03 -1.706821029074490070e-03
3.979521972656250000e+03 -1.707642339169979095e-03
3.978333251953125000e+03 -1.708464813418686390e-03
3.977887451171875000e+03 -1.708773081190884113e-03
3.977218750000000000e+03 -1.709236297756433487e-03
3.976215576171875000e+03 -1.709931297227740288e-03
3.975839599609375000e+03 -1.710192766040563583e-03
3.975275390625000000e+03 -1.710584387183189392e-03
3.974428955078125000e+03 -1.711171818897128105e-03
3.973159423828125000e+03 -1.712054247036576271e-03
3.972207275390625000e+03 -1.712715835310518742e-03
3.971255126953125000e+03 -1.713378704153001308e-03
3.969826904296875000e+03 -1.714373007416725159e-03
3.969291503906250000e+03 -1.714747748337686062e-03
3.968488037109375000e+03 -1.715308637358248234e-03
3.967282958984375000e+03 -1.716150902211666107e-03
3.966379150390625000e+03 -1.716782106086611748e-03
3.965475585937500000e+03 -1.717415172606706619e-03
3.964119873046875000e+03 -1.718364306725561619e-03
3.963287597656250000e+03 -1.718947198241949081e-03
3.962847900390625000e+03 -1.719256164506077766e-03
3.962407958984375000e+03 -1.719565014354884624e-03
3.961968261718750000e+03 -1.719873747788369656e-03
3.961528320312500000e+03 -1.720182481221854687e-03
3.961088623046875000e+03 -1.720491331070661545e-03
3.960648925781250000e+03 -1.720800413750112057e-03
3.960208984375000000e+03 -1.721109496429562569e-03
3.959769287109375000e+03 -1.721418811939656734e-03
3.959329345703125000e+03 -1.721728011034429073e-03
3.958889648437500000e+03 -1.722037326544523239e-03
3.958229980468750000e+03 -1.722501358017325401e-03
3.957240234375000000e+03 -1.723198452964425087e-03
3.956869140625000000e+03 -1.723460038192570210e-03
3.956498046875000000e+03 -1.723721623420715332e-03
3.956126953125000000e+03 -1.723983092233538628e-03
3.955755859375000000e+03 -1.724244910292327404e-03
3.955199218750000000e+03 -1.724637462757527828e-03
3.954364501953125000e+03 -1.725226407870650291e-03
3.953112060546875000e+03 -1.726109883747994900e-03
3.951233398437500000e+03 -1.727436669170856476e-03
3.950528808593750000e+03 -1.727937138639390469e-03
3.949472167968750000e+03 -1.728685572743415833e-03
3.949075927734375000e+03 -1.728966250084340572e-03
3.948481445312500000e+03 -1.729387324303388596e-03
3.947589843750000000e+03 -1.730019925162196159e-03
3.946252441406250000e+03 -1.730968011543154716e-03
3.944246337890625000e+03 -1.732391305267810822e-03
3.943493896484375000e+03 -1.732929144054651260e-03
3.942741699218750000e+03 -1.733464305289089680e-03
3.941989501953125000e+03 -1.733999932184815407e-03
3.941237060546875000e+03 -1.734535791911184788e-03
3.940108642578125000e+03 -1.735339872539043427e-03
3.938980224609375000e+03 -1.736144185997545719e-03
3.937851806640625000e+03 -1.736949896439909935e-03
3.936723388671875000e+03 -1.737755141220986843e-03
3.935594726562500000e+03 -1.738562132231891155e-03
3.935140136718750000e+03 -1.738887163810431957e-03
3.934700195312500000e+03 -1.739201834425330162e-03
3.934260498046875000e+03 -1.739516737870872021e-03
3.933820556640625000e+03 -1.739831641316413879e-03
3.933380859375000000e+03 -1.740146428346633911e-03
3.932940917968750000e+03 -1.740461331792175770e-03
3.932281250000000000e+03 -1.740933628752827644e-03
3.931291748046875000e+03 -1.741642248816788197e-03
3.929807373046875000e+03 -1.742705819196999073e-03
3.929250732421875000e+03 -1.743106404319405556e-03
3.928694091796875000e+03 -1.743505941703915596e-03
3.928137451171875000e+03 -1.743905595503747463e-03
3.927580810546875000e+03 -1.744305365718901157e-03
3.927024169921875000e+03 -1.744705252349376678e-03
3.926467529296875000e+03 -1.745105371810495853e-03
3.925910888671875000e+03 -1.745505491271615028e-03
3.925354248046875000e+03 -1.745905727148056030e-03
3.924519287109375000e+03 -1.746506080962717533e-03
3.923267089843750000e+03 -1.747407019138336182e-03
3.921388427734375000e+03 -1.748758601024746895e-03
3.918570312500000000e+03 -1.750787138007581234e-03
3.917513671875000000e+03 -1.751555246300995350e-03
3.916457031250000000e+03 -1.752318697981536388e-03
3.915400146484375000e+03 -1.753082964569330215e-03
3.914343505859375000e+03 -1.753847580403089523e-03
3.913286865234375000e+03 -1.754613011144101620e-03
3.912229980468750000e+03 -1.755377859808504581e-03
3.911173339843750000e+03 -1.756143290549516678e-03
3.909588134765625000e+03 -1.757291727699339390e-03
3.908993896484375000e+03 -1.757723861373960972e-03
3.908102294921875000e+03 -1.758372294716536999e-03
3.907210693359375000e+03 -1.759019680321216583e-03
3.906992431640625000e+03 -1.759178121574223042e-03
3.906552734375000000e+03 -1.759497565217316151e-03
3.906112792968750000e+03 -1.759817125275731087e-03
3.905453125000000000e+03 -1.760297338478267193e-03
3.904463623046875000e+03 -1.761016319505870342e-03
3.904092529296875000e+03 -1.761286635883152485e-03
3.903535888671875000e+03 -1.761691761203110218e-03
3.902700927734375000e+03 -1.762299216352403164e-03
3.901448486328125000e+03 -1.763210631906986237e-03
3.899569824218750000e+03 -1.764576532877981663e-03
3.898865234375000000e+03 -1.765093300491571426e-03
3.898160888671875000e+03 -1.765607274137437344e-03
3.897456298828125000e+03 -1.766121364198625088e-03
3.896751953125000000e+03 -1.766636036336421967e-03
3.896047363281250000e+03 -1.767150359228253365e-03
3.895343017578125000e+03 -1.767665264196693897e-03
3.894638427734375000e+03 -1.768180052749812603e-03
3.893933837890625000e+03 -1.768694957718253136e-03
3.892877197265625000e+03 -1.769467256963253021e-03
3.891292236328125000e+03 -1.770626171492040157e-03
3.888914550781250000e+03 -1.772365183569490910e-03
3.888468750000000000e+03 -1.772695337422192097e-03
3.888134277343750000e+03 -1.772940508089959621e-03
3.887883544921875000e+03 -1.773124444298446178e-03
3.887632812500000000e+03 -1.773308496922254562e-03
3.887382080078125000e+03 -1.773492433130741119e-03
3.887005859375000000e+03 -1.773768453858792782e-03
3.886441650390625000e+03 -1.774182426743209362e-03
3.885595214843750000e+03 -1.774803502485156059e-03
3.884749023437500000e+03 -1.775424694642424583e-03
3.883902587890625000e+03 -1.776046003215014935e-03
3.882633056640625000e+03 -1.776978140696883202e-03
3.880729003906250000e+03 -1.778377452865242958e-03
3.880257812500000000e+03 -1.778725534677505493e-03
3.879786865234375000e+03 -1.779072219505906105e-03
3.879315917968750000e+03 -1.779419137164950371e-03
3.878844726562500000e+03 -1.779766054823994637e-03
3.878405029296875000e+03 -1.780089922249317169e-03
3.877965087890625000e+03 -1.780413673259317875e-03
3.877305419921875000e+03 -1.780900405719876289e-03
3.876645751953125000e+03 -1.781386439688503742e-03
3.875986083984375000e+03 -1.781872822903096676e-03
3.875738769531250000e+03 -1.782055478543043137e-03
3.875491210937500000e+03 -1.782237901352345943e-03
3.875243896484375000e+03 -1.782420440576970577e-03
3.874996582031250000e+03 -1.782602979801595211e-03
3.874625488281250000e+03 -1.782876672223210335e-03
3.874068847656250000e+03 -1.783287269063293934e-03
3.873233886718750000e+03 -1.783903106115758419e-03
3.871981445312500000e+03 -1.784826978109776974e-03
3.871511718750000000e+03 -1.785175059922039509e-03
3.871159423828125000e+03 -1.785435364581644535e-03
3.870895263671875000e+03 -1.785630593076348305e-03
3.870631103515625000e+03 -1.785825937986373901e-03
3.870234863281250000e+03 -1.786118838936090469e-03
3.869838623046875000e+03 -1.786411739885807037e-03
3.869442382812500000e+03 -1.786704757250845432e-03
3.868847900390625000e+03 -1.787144225090742111e-03
3.867956298828125000e+03 -1.787803485058248043e-03
3.867622070312500000e+03 -1.788051333278417587e-03
3.867371093750000000e+03 -1.788237015716731548e-03
3.867120361328125000e+03 -1.788422581739723682e-03
3.866869628906250000e+03 -1.788608264178037643e-03
3.866618896484375000e+03 -1.788793946616351604e-03
3.866242675781250000e+03 -1.789072528481483459e-03
3.865866699218750000e+03 -1.789351110346615314e-03
3.865490478515625000e+03 -1.789629692211747169e-03
3.865114257812500000e+03 -1.789908390492200851e-03
3.864738037109375000e+03 -1.790187088772654533e-03
3.864173828125000000e+03 -1.790605019778013229e-03
3.863327636718750000e+03 -1.791232032701373100e-03
3.862058105468750000e+03 -1.792172552086412907e-03
3.861582031250000000e+03 -1.792526803910732269e-03
3.861224853515625000e+03 -1.792791765183210373e-03
3.860957275390625000e+03 -1.792990602552890778e-03
3.860689453125000000e+03 -1.793189439922571182e-03
3.860287597656250000e+03 -1.793487695977091789e-03
3.859885986328125000e+03 -1.793785835616290569e-03
3.859484375000000000e+03 -1.794084208086133003e-03
3.858881835937500000e+03 -1.794531475752592087e-03
3.857978027343750000e+03 -1.795202726498246193e-03
3.857639160156250000e+03 -1.795454998500645161e-03
3.857385009765625000e+03 -1.795643940567970276e-03
3.857194335937500000e+03 -1.795785734429955482e-03
3.857003662109375000e+03 -1.795927528291940689e-03
3.856717773437500000e+03 -1.796140219084918499e-03
3.856431640625000000e+03 -1.796352909877896309e-03
3.856145751953125000e+03 -1.796565484255552292e-03
3.855716796875000000e+03 -1.796884578652679920e-03
3.855073486328125000e+03 -1.797363162040710449e-03
3.854429931640625000e+03 -1.797841861844062805e-03
3.853786621093750000e+03 -1.798320561647415161e-03
3.852821533203125000e+03 -1.799038611352443695e-03
3.851373779296875000e+03 -1.800116384401917458e-03
3.850697265625000000e+03 -1.800621626898646355e-03
3.850257324218750000e+03 -1.800949568860232830e-03
3.849817626953125000e+03 -1.801277510821819305e-03
3.849377685546875000e+03 -1.801605802029371262e-03
3.848718017578125000e+03 -1.802097773179411888e-03
3.848058349609375000e+03 -1.802590326406061649e-03
3.847398681640625000e+03 -1.803082763217389584e-03
3.846739013671875000e+03 -1.803574967198073864e-03
3.846079101562500000e+03 -1.804067636840045452e-03
3.845089599609375000e+03 -1.804806524887681007e-03
3.844718505859375000e+03 -1.805084524676203728e-03
3.844440185546875000e+03 -1.805292558856308460e-03
3.844231445312500000e+03 -1.805448671802878380e-03
3.844022705078125000e+03 -1.805604784749448299e-03
3.843813964843750000e+03 -1.805760897696018219e-03
3.843605224609375000e+03 -1.805917010642588139e-03
3.843292236328125000e+03 -1.806151121854782104e-03
3.842979003906250000e+03 -1.806385349482297897e-03
3.842666015625000000e+03 -1.806619577109813690e-03
3.842196289062500000e+03 -1.806970802135765553e-03
3.841491943359375000e+03 -1.807497930712997913e-03
3.840787353515625000e+03 -1.808024942874908447e-03
3.840083007812500000e+03 -1.808552420698106289e-03
3.839554443359375000e+03 -1.808948116376996040e-03
3.839026123046875000e+03 -1.809343928471207619e-03
3.838629882812500000e+03 -1.809640903957188129e-03
3.838233642578125000e+03 -1.809937763027846813e-03
3.837639160156250000e+03 -1.810383168049156666e-03
3.836747558593750000e+03 -1.811051508411765099e-03
3.835855957031250000e+03 -1.811719965189695358e-03
3.834964355468750000e+03 -1.812388189136981964e-03
3.833626953125000000e+03 -1.813391339965164661e-03
3.831620849609375000e+03 -1.814896007999777794e-03
3.831244628906250000e+03 -1.815181109122931957e-03
3.830962646484375000e+03 -1.815393217839300632e-03
3.830750976562500000e+03 -1.815552357584238052e-03
3.830539306640625000e+03 -1.815711613744497299e-03
3.830327880859375000e+03 -1.815870753489434719e-03
3.830010498046875000e+03 -1.816109521314501762e-03
3.829772460937500000e+03 -1.816288684494793415e-03
3.829534423828125000e+03 -1.816467731259763241e-03
3.829296386718750000e+03 -1.816646894440054893e-03
3.828939208984375000e+03 -1.816915581002831459e-03
3.828582275390625000e+03 -1.817184267565608025e-03
3.828225097656250000e+03 -1.817452954128384590e-03
3.827957275390625000e+03 -1.817654585465788841e-03
3.827756591796875000e+03 -1.817805808968842030e-03
3.827555664062500000e+03 -1.817957032471895218e-03
3.827354980468750000e+03 -1.818108255974948406e-03
3.827154052734375000e+03 -1.818259479478001595e-03
3.826953125000000000e+03 -1.818410702981054783e-03
3.826752441406250000e+03 -1.818561926484107971e-03
3.826551513671875000e+03 -1.818713266402482986e-03
3.826350585937500000e+03 -1.818864489905536175e-03
3.826149902343750000e+03 -1.819015713408589363e-03
3.825848632812500000e+03 -1.819242723286151886e-03
3.825622558593750000e+03 -1.819412922486662865e-03
3.825396728515625000e+03 -1.819583121687173843e-03
3.825170654296875000e+03 -1.819753437303006649e-03
3.824831787109375000e+03 -1.820008736103773117e-03
3.824577636718750000e+03 -1.820200355723500252e-03
3.824323486328125000e+03 -1.820391858927905560e-03
3.823942138671875000e+03 -1.820679288357496262e-03
3.823656250000000000e+03 -1.820894889533519745e-03
3.823441650390625000e+03 -1.821056590415537357e-03
3.823227294921875000e+03 -1.821218291297554970e-03
3.823012695312500000e+03 -1.821379992179572582e-03
3.822691162109375000e+03 -1.821622601710259914e-03
3.822549560546875000e+03 -1.821729354560375214e-03
3.822109863281250000e+03 -1.822061021812260151e-03
3.821669921875000000e+03 -1.822392572648823261e-03
3.821230224609375000e+03 -1.822724705561995506e-03
3.820790283203125000e+03 -1.823056605644524097e-03
3.820350585937500000e+03 -1.823388272896409035e-03
3.819690917968750000e+03 -1.823886297643184662e-03
3.819031005859375000e+03 -1.824384322389960289e-03
3.818371337890625000e+03 -1.824882347136735916e-03
3.817381835937500000e+03 -1.825629384256899357e-03
3.817375976562500000e+03 -1.825629384256899357e-03
