5.652148925781250000e+03 0.000000000000000000e+00
5.652145019531250000e+03 -3.939067738656376605e-08
5.652118164062500000e+03 -3.099776790804753546e-07
5.652053222656250000e+03 -9.592613423592410982e-07
5.651917968750000000e+03 -2.299236939506954513e-06
5.651715332031250000e+03 -4.300866294215666130e-06
5.651421386718750000e+03 -7.200871095847105607e-06
5.650981445312500000e+03 -1.153482207882916555e-05
5.650446289062500000e+03 -1.679429260548204184e-05
5.649709960937500000e+03 -2.402439531579148024e-05
5.648870117187500000e+03 -3.225700129405595362e-05
5.647770019531250000e+03 -4.301586523070000112e-05
5.646565429687500000e+03 -5.477329250425100327e-05
5.645040039062500000e+03 -6.961939652683213353e-05
5.643415039062500000e+03 -8.537503890693187714e-05
5.641406250000000000e+03 -1.047644473146647215e-04
5.639310546875000000e+03 -1.248689804924651980e-04
5.636971679687500000e+03 -1.471169962314888835e-04
5.634151855468750000e+03 -1.735888945404440165e-04
5.631274414062500000e+03 -2.000245149247348309e-04
5.627848632812500000e+03 -2.302661741850897670e-04
5.624391601562500000e+03 -2.584773174021393061e-04
5.620317871093750000e+03 -2.868755836971104145e-04
5.616245117187500000e+03 -3.086520300712436438e-04
5.611485351562500000e+03 -3.268266445957124233e-04
5.606763671875000000e+03 -3.396508691366761923e-04
5.601719726562500000e+03 -3.494239936117082834e-04
5.595884765625000000e+03 -3.494498087093234062e-04
5.590150390625000000e+03 -2.805494586937129498e-04
5.583554199218750000e+03 -2.483530843164771795e-04
5.577105468750000000e+03 -2.644499181769788265e-04
5.569724609375000000e+03 -2.749475534074008465e-04
5.562541992187500000e+03 -2.873532939702272415e-04
5.554355957031250000e+03 -3.038151771761476994e-04
5.546422363281250000e+03 -3.208222042303532362e-04
5.537415039062500000e+03 -3.415290266275405884e-04
5.528717285156250000e+03 -3.631645813584327698e-04
5.519648925781250000e+03 -3.867815539706498384e-04
5.509404296875000000e+03 -4.149634041823446751e-04
5.499558105468750000e+03 -4.434790753293782473e-04
5.488467285156250000e+03 -4.768756916746497154e-04
5.477837402343750000e+03 -5.102297873236238956e-04
5.465895996093750000e+03 -5.490570911206305027e-04
5.454480468750000000e+03 -5.873079644516110420e-04
5.441687500000000000e+03 -6.314261117950081825e-04
5.429485839843750000e+03 -6.745011778548359871e-04
5.416908203125000000e+03 -7.197181694209575653e-04
5.402859375000000000e+03 -7.709729834459722042e-04
5.389501953125000000e+03 -8.200843003578484058e-04
5.374611816406250000e+03 -8.748361724428832531e-04
5.360481445312500000e+03 -9.263614192605018616e-04
5.344758789062500000e+03 -9.827906033024191856e-04
5.329865722656250000e+03 -1.035423018038272858e-03
5.313322265625000000e+03 -1.093544997274875641e-03
5.297678222656250000e+03 -1.148747396655380726e-03
5.280329101562500000e+03 -1.210490241646766663e-03
5.263948242187500000e+03 -1.269221073016524315e-03
5.247219726562500000e+03 -1.329434686340391636e-03
5.228708984375000000e+03 -1.396068022586405277e-03
5.211269531250000000e+03 -1.458568382076919079e-03
5.191999511718750000e+03 -1.526826410554349422e-03
5.173868652343750000e+03 -1.589153660461306572e-03
5.153861328125000000e+03 -1.650795922614634037e-03
5.135061035156250000e+03 -1.646477845497429371e-03
5.114340332031250000e+03 -1.412678277119994164e-03
5.094894531250000000e+03 -1.491434988565742970e-03
5.075147949218750000e+03 -1.558821648359298706e-03
5.053423339843750000e+03 -1.608590479008853436e-03
5.033069335937500000e+03 -1.659990055486559868e-03
5.010701660156250000e+03 -1.706586452201008797e-03
4.989769042968750000e+03 -1.729020732454955578e-03
4.966789550781250000e+03 -1.741777407005429268e-03
4.945307128906250000e+03 -1.748750568367540836e-03
4.921749511718750000e+03 -1.767461420968174934e-03
4.899748535156250000e+03 -1.791610382497310638e-03
4.875646484375000000e+03 -1.821830519475042820e-03
4.853159179687500000e+03 -1.853635418228805065e-03
4.830450683593750000e+03 -1.888595172204077244e-03
4.805609375000000000e+03 -1.929408404976129532e-03
4.782465332031250000e+03 -1.969441538676619530e-03
4.757170410156250000e+03 -2.014998579397797585e-03
4.733625976562500000e+03 -2.059004269540309906e-03
4.707916992187500000e+03 -2.108748303726315498e-03
4.684008300781250000e+03 -2.156289992853999138e-03
4.657925292968750000e+03 -2.209408208727836609e-03
4.633689453125000000e+03 -2.260004635900259018e-03
4.609310546875000000e+03 -2.312009455636143684e-03
4.582748046875000000e+03 -2.369716530665755272e-03
4.558099121093750000e+03 -2.424211241304874420e-03
4.531265136718750000e+03 -2.484588650986552238e-03
4.506384765625000000e+03 -2.541427500545978546e-03
4.479322265625000000e+03 -2.604018663987517357e-03
4.454250488281250000e+03 -2.662653569132089615e-03
4.427001953125000000e+03 -2.726990031078457832e-03
4.401778808593750000e+03 -2.786898054182529449e-03
4.374388183593750000e+03 -2.851975150406360626e-03
4.349054199218750000e+03 -2.911553019657731056e-03
4.323681152343750000e+03 -2.967079402878880501e-03
4.296161132812500000e+03 -3.007405903190374374e-03
4.270737792968750000e+03 -3.009945387020707130e-03
4.243185058593750000e+03 -2.944294363260269165e-03
4.218338867187500000e+03 -2.823112998157739639e-03
4.191947753906250000e+03 -2.627044916152954102e-03
4.165624511718750000e+03 -1.942790928296744823e-03
4.158899902343750000e+03 -2.114366041496396065e-03
