5.652148925781250000e+03 0.000000000000000000e+00
5.652145019531250000e+03 -5.375297718046567752e-08
5.652118164062500000e+03 -4.236149209191353293e-07
5.652053222656250000e+03 -1.311399387304845732e-06
5.651917968750000000e+03 -3.144010179312317632e-06
5.651715332031250000e+03 -5.882302048121346161e-06
5.651421386718750000e+03 -9.851100912783294916e-06
5.650981445312500000e+03 -1.578556475578807294e-05
5.650446289062500000e+03 -2.299259358551353216e-05
5.649709960937500000e+03 -3.290960739832371473e-05
5.648870117187500000e+03 -4.421578341862186790e-05
5.647770019531250000e+03 -5.901520489715039730e-05
5.646565429687500000e+03 -7.522125088144093752e-05
5.645040039062500000e+03 -9.573852003086358309e-05
5.643415039062500000e+03 -1.175863944808952510e-04
5.641406250000000000e+03 -1.445940433768555522e-04
5.639310546875000000e+03 -1.727683265926316381e-04
5.636971679687500000e+03 -2.042059059021994472e-04
5.634152343750000000e+03 -2.421064564259722829e-04
5.631274902343750000e+03 -2.807807759381830692e-04
5.627849121093750000e+03 -3.268246655352413654e-04
5.624392089843750000e+03 -3.732826153282076120e-04
5.620318359375000000e+03 -4.280326538719236851e-04
5.616245605468750000e+03 -4.827663069590926170e-04
5.611485839843750000e+03 -5.467256996780633926e-04
5.606764160156250000e+03 -6.101713515818119049e-04
5.601720703125000000e+03 -6.779365357942879200e-04
5.595886230468750000e+03 -7.563154213130474091e-04
5.590151855468750000e+03 -8.333257865160703659e-04
5.583556152343750000e+03 -9.218751802109181881e-04
5.577107910156250000e+03 -1.008391031064093113e-03
5.569727050781250000e+03 -1.107324613258242607e-03
5.562544433593750000e+03 -1.203446183353662491e-03
5.554358886718750000e+03 -1.312676933594048023e-03
5.546425292968750000e+03 -1.417916850186884403e-03
5.537418457031250000e+03 -1.535567571409046650e-03
5.528721191406250000e+03 -1.642708084546029568e-03
5.519652832031250000e+03 -1.712047029286623001e-03
5.509407714843750000e+03 -1.520707039162516594e-03
5.499561035156250000e+03 -1.510601025074720383e-03
5.488470214843750000e+03 -1.509496709331870079e-03
5.477840332031250000e+03 -1.525414059869945049e-03
5.465898925781250000e+03 -1.549429143778979778e-03
5.454482910156250000e+03 -1.578602124936878681e-03
5.441689941406250000e+03 -1.612247200682759285e-03
5.429488769531250000e+03 -1.645703800022602081e-03
5.416911132812500000e+03 -1.678835134953260422e-03
5.402862304687500000e+03 -1.710913493297994137e-03
5.389504394531250000e+03 -1.733916462399065495e-03
5.374614257812500000e+03 -1.745091984048485756e-03
5.360483886718750000e+03 -1.738633378408849239e-03
5.344761230468750000e+03 -1.745568239130079746e-03
5.329867675781250000e+03 -1.772951334714889526e-03
5.313324218750000000e+03 -1.803827937692403793e-03
5.297680175781250000e+03 -1.832913141697645187e-03
5.280331054687500000e+03 -1.866733306087553501e-03
5.263949707031250000e+03 -1.892952132038772106e-03
5.247221191406250000e+03 -1.884699915535748005e-03
5.228710449218750000e+03 -1.881250296719372272e-03
5.211270507812500000e+03 -1.893237931653857231e-03
5.192000488281250000e+03 -1.889582606963813305e-03
5.173869140625000000e+03 -1.866358099505305290e-03
5.153861816406250000e+03 -1.878503593616187572e-03
5.135061523437500000e+03 -1.907269819639623165e-03
5.114341796875000000e+03 -1.939646899700164795e-03
5.094895996093750000e+03 -1.969747943803668022e-03
5.075148925781250000e+03 -2.001625252887606621e-03
5.053424316406250000e+03 -2.037671394646167755e-03
5.033070312500000000e+03 -2.072175033390522003e-03
5.010703125000000000e+03 -2.110751578584313393e-03
4.989770019531250000e+03 -2.147516235709190369e-03
4.966791015625000000e+03 -2.188598737120628357e-03
4.945308593750000000e+03 -2.227605087682604790e-03
4.921750488281250000e+03 -2.271013334393501282e-03
4.899750000000000000e+03 -2.312191529199481010e-03
4.875647949218750000e+03 -2.358016325160861015e-03
4.853160644531250000e+03 -2.401418285444378853e-03
4.830452636718750000e+03 -2.445908961817622185e-03
4.805610839843750000e+03 -2.495392691344022751e-03
4.782466796875000000e+03 -2.542265225201845169e-03
4.757172363281250000e+03 -2.594383666291832924e-03
4.733627441406250000e+03 -2.643771003931760788e-03
4.707918945312500000e+03 -2.698694355785846710e-03
4.684009765625000000e+03 -2.750743180513381958e-03
4.657926757812500000e+03 -2.808626741170883179e-03
4.633690917968750000e+03 -2.863444155082106590e-03
4.609312011718750000e+03 -2.919616876170039177e-03
4.582750000000000000e+03 -2.981997793540358543e-03
4.558100585937500000e+03 -3.040971932932734489e-03
4.531267089843750000e+03 -3.106374293565750122e-03
4.506386718750000000e+03 -3.168087452650070190e-03
4.479323730468750000e+03 -3.236406482756137848e-03
4.454251953125000000e+03 -3.300789278000593185e-03
4.427528320312500000e+03 -3.370526479557156563e-03
4.401780273437500000e+03 -3.438766347244381905e-03
4.374851074218750000e+03 -3.511175978928804398e-03
4.349319824218750000e+03 -3.580706892535090446e-03
4.323815429687500000e+03 -3.650781931355595589e-03
4.296229492187500000e+03 -3.726925002411007881e-03
4.270268554687500000e+03 -3.798309946432709694e-03
4.244607421875000000e+03 -3.867309307679533958e-03
4.217561523437500000e+03 -3.937662113457918167e-03
4.190881835937500000e+03 -4.003311973065137863e-03
4.164872558593750000e+03 -4.066334106028079987e-03
4.138914550781250000e+03 -4.132451023906469345e-03
4.112380859375000000e+03 -4.205272998660802841e-03
4.086714843750000000e+03 -4.278917331248521805e-03
4.060025878906250000e+03 -4.357442259788513184e-03
4.034446777343750000e+03 -4.431611392647027969e-03
4.008471435546875000e+03 -4.502292722463607788e-03
3.982289062500000000e+03 -4.560355562716722488e-03
3.956419921875000000e+03 -4.584847483783960342e-03
3.930419677734375000e+03 -4.547021351754665375e-03
3.904964111328125000e+03 -4.460953641682863235e-03
3.880130615234375000e+03 -4.409190732985734940e-03
3.854646728515625000e+03 -4.425843711942434311e-03
3.829533935546875000e+03 -4.473535809665918350e-03
3.804330810546875000e+03 -4.509774036705493927e-03
3.779641845703125000e+03 -4.507715813815593719e-03
3.755268310546875000e+03 -4.485559649765491486e-03
3.730572753906250000e+03 -4.478271584957838058e-03
3.706481445312500000e+03 -4.496371373534202576e-03
3.682536376953125000e+03 -4.525720607489347458e-03
3.658331787109375000e+03 -4.549020901322364807e-03
3.634844482421875000e+03 -4.559590015560388565e-03
3.611246826171875000e+03 -4.560313187539577484e-03
3.588429443359375000e+03 -4.556986968964338303e-03
3.565818603515625000e+03 -4.560885950922966003e-03
3.543544921875000000e+03 -4.576183855533599854e-03
3.521260986328125000e+03 -4.592214245349168777e-03
3.499250976562500000e+03 -4.594238940626382828e-03
3.477616455078125000e+03 -4.001548513770103455e-03
3.469861572265625000e+03 -3.768523689359426498e-03
