5.652115722656250000e+03 0.000000000000000000e+00
5.623968750000000000e+03 -1.671961072133854032e-04
5.623968750000000000e+03 -1.671961072133854032e-04
5.595821289062500000e+03 -1.909776765387505293e-04
5.595821289062500000e+03 -1.909776765387505293e-04
5.567673828125000000e+03 -2.289939293405041099e-04
5.567673828125000000e+03 -2.289939293405041099e-04
5.539526367187500000e+03 -2.840641245711594820e-04
5.539526367187500000e+03 -2.840641245711594820e-04
5.511378906250000000e+03 -3.507793298922479153e-04
5.511378906250000000e+03 -3.507793298922479153e-04
5.483231933593750000e+03 -4.254923260305076838e-04
5.483231933593750000e+03 -4.254923260305076838e-04
5.455084472656250000e+03 -5.047727026976644993e-04
5.455084472656250000e+03 -5.047727026976644993e-04
5.426937011718750000e+03 -5.837903008796274662e-04
5.426937011718750000e+03 -5.837903008796274662e-04
5.398789550781250000e+03 -6.535434513352811337e-04
5.398789550781250000e+03 -6.535434513352811337e-04
5.370642089843750000e+03 -7.033700821921229362e-04
5.370642089843750000e+03 -7.033700821921229362e-04
5.342495117187500000e+03 -7.478104089386761189e-04
5.342495117187500000e+03 -7.478104089386761189e-04
5.314347656250000000e+03 -8.050150936469435692e-04
5.314347656250000000e+03 -8.050150936469435692e-04
5.286200195312500000e+03 -8.701886399649083614e-04
5.286200195312500000e+03 -8.701886399649083614e-04
5.279163574218750000e+03 -8.858677465468645096e-04
5.272126464843750000e+03 -8.981934515759348869e-04
5.269487792968750000e+03 -9.013785747811198235e-04
5.265529296875000000e+03 -8.978192345239222050e-04
5.264044921875000000e+03 -8.949192124418914318e-04
5.261818359375000000e+03 -8.874291670508682728e-04
5.258478515625000000e+03 -8.731468697078526020e-04
5.258052734375000000e+03 -8.707938832230865955e-04
5.258052734375000000e+03 -8.707938832230865955e-04
5.256293457031250000e+03 -8.653483237139880657e-04
5.254534179687500000e+03 -8.610335062257945538e-04
5.251895507812500000e+03 -8.576837717555463314e-04
5.247937011718750000e+03 -8.584669558331370354e-04
5.243979003906250000e+03 -8.638431900180876255e-04
5.240020507812500000e+03 -8.721018675714731216e-04
5.234083496093750000e+03 -8.871169993653893471e-04
5.229905273437500000e+03 -8.983392035588622093e-04
5.229905273437500000e+03 -8.983392035588622093e-04
5.201757812500000000e+03 -9.785039583221077919e-04
5.201757812500000000e+03 -9.785039583221077919e-04
5.173610839843750000e+03 -1.062107388861477375e-03
5.173610839843750000e+03 -1.062107388861477375e-03
5.145463378906250000e+03 -1.148639712482690811e-03
5.145463378906250000e+03 -1.148639712482690811e-03
5.117315917968750000e+03 -1.237757387571036816e-03
5.117315917968750000e+03 -1.237757387571036816e-03
5.089168945312500000e+03 -1.329162274487316608e-03
5.089168945312500000e+03 -1.329162274487316608e-03
5.061021484375000000e+03 -1.422563102096319199e-03
5.061021484375000000e+03 -1.422563102096319199e-03
5.032874023437500000e+03 -1.517652301117777824e-03
5.032874023437500000e+03 -1.517652301117777824e-03
5.004727050781250000e+03 -1.614090870134532452e-03
5.004727050781250000e+03 -1.614090870134532452e-03
4.976579589843750000e+03 -1.711496966890990734e-03
4.976579589843750000e+03 -1.711496966890990734e-03
4.948432617187500000e+03 -1.809433451853692532e-03
4.948432617187500000e+03 -1.809433451853692532e-03
4.920285156250000000e+03 -1.907394267618656158e-03
4.920285156250000000e+03 -1.907394267618656158e-03
4.892137695312500000e+03 -2.004794543609023094e-03
4.892137695312500000e+03 -2.004794543609023094e-03
4.863990722656250000e+03 -2.100972458720207214e-03
4.863990722656250000e+03 -2.100972458720207214e-03
4.856953613281250000e+03 -2.124934224411845207e-03
4.849916992187500000e+03 -2.148687606677412987e-03
4.839361816406250000e+03 -2.183909993618726730e-03
4.835843261718750000e+03 -2.195615787059068680e-03
4.835843261718750000e+03 -2.195615787059068680e-03
4.828806640625000000e+03 -2.218816429376602173e-03
4.821769531250000000e+03 -2.241860609501600266e-03
4.811214355468750000e+03 -2.276017330586910248e-03
4.807696289062500000e+03 -2.287356182932853699e-03
4.807696289062500000e+03 -2.287356182932853699e-03
4.779548828125000000e+03 -2.375730779021978378e-03
4.779548828125000000e+03 -2.375730779021978378e-03
4.751401367187500000e+03 -2.461366588249802589e-03
4.751401367187500000e+03 -2.461366588249802589e-03
4.723254394531250000e+03 -2.544356742873787880e-03
4.723254394531250000e+03 -2.544356742873787880e-03
4.695106933593750000e+03 -2.624921966344118118e-03
4.695106933593750000e+03 -2.624921966344118118e-03
4.666959472656250000e+03 -2.702904399484395981e-03
4.666959472656250000e+03 -2.702904399484395981e-03
4.638812500000000000e+03 -2.777548739686608315e-03
4.638812500000000000e+03 -2.777548739686608315e-03
4.610665039062500000e+03 -2.847450319677591324e-03
4.610665039062500000e+03 -2.847450319677591324e-03
4.582517578125000000e+03 -2.910625189542770386e-03
4.582517578125000000e+03 -2.910625189542770386e-03
4.554370117187500000e+03 -2.965086605399847031e-03
4.554370117187500000e+03 -2.965086605399847031e-03
4.526222656250000000e+03 -3.010642947629094124e-03
4.526222656250000000e+03 -3.010642947629094124e-03
4.498075195312500000e+03 -3.052214859053492546e-03
4.498075195312500000e+03 -3.052214859053492546e-03
4.469927734375000000e+03 -3.095738822594285011e-03
4.469927734375000000e+03 -3.095738822594285011e-03
4.441780761718750000e+03 -3.145087277516722679e-03
4.441780761718750000e+03 -3.145087277516722679e-03
4.413633300781250000e+03 -3.200705628842115402e-03
4.413633300781250000e+03 -3.200705628842115402e-03
4.385485839843750000e+03 -3.261595033109188080e-03
4.385485839843750000e+03 -3.261595033109188080e-03
4.357338378906250000e+03 -3.326575038954615593e-03
4.357338378906250000e+03 -3.326575038954615593e-03
4.329190917968750000e+03 -3.394674742594361305e-03
4.329190917968750000e+03 -3.394674742594361305e-03
4.301043945312500000e+03 -3.465170506387948990e-03
4.301043945312500000e+03 -3.465170506387948990e-03
4.294006835937500000e+03 -3.483147593215107918e-03
4.286970214843750000e+03 -3.501235041767358780e-03
4.279933105468750000e+03 -3.519417718052864075e-03
4.272896484375000000e+03 -3.537685610353946686e-03
4.272896484375000000e+03 -3.537685610353946686e-03
4.265859375000000000e+03 -3.556030802428722382e-03
4.258822753906250000e+03 -3.574444213882088661e-03
4.251786132812500000e+03 -3.592918626964092255e-03
4.244749023437500000e+03 -3.611445892602205276e-03
4.244749023437500000e+03 -3.611445892602205276e-03
4.237712402343750000e+03 -3.630018560215830803e-03
4.230675292968750000e+03 -3.648622892796993256e-03
4.223638671875000000e+03 -3.667252603918313980e-03
4.216601562500000000e+03 -3.685901407152414322e-03
4.216601562500000000e+03 -3.685901407152414322e-03
4.209564941406250000e+03 -3.704546717926859856e-03
4.202528320312500000e+03 -3.723181551322340965e-03
4.195491210937500000e+03 -3.741787280887365341e-03
4.188454589843750000e+03 -3.760345513001084328e-03
4.188454589843750000e+03 -3.760345513001084328e-03
4.181417480468750000e+03 -3.778843441978096962e-03
4.174380859375000000e+03 -3.797221230342984200e-03
4.167343750000000000e+03 -3.815489355474710464e-03
4.160307128906250000e+03 -3.833562368527054787e-03
4.160307128906250000e+03 -3.833562368527054787e-03
4.153270507812500000e+03 -3.851398127153515816e-03
4.146233398437500000e+03 -3.868917468935251236e-03
4.145354003906250000e+03 -3.871081629768013954e-03
4.144474121093750000e+03 -3.873247653245925903e-03
4.144144531250000000e+03 -3.874110756441950798e-03
4.143649414062500000e+03 -3.875332418829202652e-03
4.142907226562500000e+03 -3.877180395647883415e-03
4.142351074218750000e+03 -3.878576215356588364e-03
4.141516113281250000e+03 -3.880833275616168976e-03
4.140681152343750000e+03 -3.884162055328488350e-03
4.139846191406250000e+03 -3.891634289175271988e-03
4.139011230468750000e+03 -3.903588745743036270e-03
4.138176269531250000e+03 -3.911967854946851730e-03
4.137967285156250000e+03 -3.913828171789646149e-03
4.137758789062500000e+03 -3.914654254913330078e-03
4.137621582031250000e+03 -3.914926666766405106e-03
4.137482421875000000e+03 -3.914813976734876633e-03
4.137364746093750000e+03 -3.914493136107921600e-03
4.137190917968750000e+03 -3.913803026080131531e-03
4.137014648437500000e+03 -3.912874497473239899e-03
4.136934082031250000e+03 -3.912451677024364471e-03
4.136801757812500000e+03 -3.911694977432489395e-03
4.136656738281250000e+03 -3.910850733518600464e-03
4.136517089843750000e+03 -3.910033963620662689e-03
4.136374511718750000e+03 -3.909226041287183762e-03
4.136238281250000000e+03 -3.908482845872640610e-03
4.136073730468750000e+03 -3.907626494765281677e-03
4.135955078125000000e+03 -3.907055594027042389e-03
4.135814453125000000e+03 -3.906408324837684631e-03
4.135675292968750000e+03 -3.905807156115770340e-03
4.135528320312500000e+03 -3.905221587046980858e-03
4.135392089843750000e+03 -3.904714714735746384e-03
4.135252441406250000e+03 -3.904232522472739220e-03
4.135104492187500000e+03 -3.903761971741914749e-03
4.134971191406250000e+03 -3.903365461155772209e-03
4.134827148437500000e+03 -3.902975702658295631e-03
4.134687500000000000e+03 -3.902623895555734634e-03
4.134536132812500000e+03 -3.902272321283817291e-03
4.134381835937500000e+03 -3.901943331584334373e-03
4.134270019531250000e+03 -3.901718882843852043e-03
4.134112304687500000e+03 -3.901434363797307014e-03
4.133929687500000000e+03 -3.901126794517040253e-03
4.133832519531250000e+03 -3.900974756106734276e-03
4.133692382812500000e+03 -3.900777548551559448e-03
4.133521972656250000e+03 -3.900551702827215195e-03
4.133288574218750000e+03 -3.900267416611313820e-03
4.133285156250000000e+03 -3.900279290974140167e-03
4.133138183593750000e+03 -3.900114679709076881e-03
4.133000488281250000e+03 -3.899976611137390137e-03
4.132813476562500000e+03 -3.899806179106235504e-03
4.132722167968750000e+03 -3.899729577824473381e-03
4.132573242187500000e+03 -3.899608738720417023e-03
4.132438964843750000e+03 -3.899510018527507782e-03
4.132293945312500000e+03 -3.899410367012023926e-03
4.132159667968750000e+03 -3.899324685335159302e-03
4.132159667968750000e+03 -3.899324685335159302e-03
4.131720214843750000e+03 -3.899118630215525627e-03
4.131594726562500000e+03 -3.899055765941739082e-03
4.131452148437500000e+03 -3.898992901667952538e-03
4.131313476562500000e+03 -3.898937487974762917e-03
4.131166992187500000e+03 -3.898883704096078873e-03
4.131023925781250000e+03 -3.898836439475417137e-03
4.130893066406250000e+03 -3.898797556757926941e-03
4.130750000000000000e+03 -3.898757975548505783e-03
4.130606933593750000e+03 -3.898723050951957703e-03
4.130463867187500000e+03 -3.898690920323133469e-03
4.130320800781250000e+03 -3.898662514984607697e-03
4.130178222656250000e+03 -3.898637369275093079e-03
4.130044921875000000e+03 -3.898616414517164230e-03
4.129902832031250000e+03 -3.898597788065671921e-03
4.129766113281250000e+03 -3.898581722751259804e-03
4.129619628906250000e+03 -3.898567287251353264e-03
4.129484863281250000e+03 -3.898556809872388840e-03
4.129343750000000000e+03 -3.898547496646642685e-03
4.129201660156250000e+03 -3.898540511727333069e-03
4.129059082031250000e+03 -3.898534923791885376e-03
4.128916503906250000e+03 -3.898531896993517876e-03
4.128771484375000000e+03 -3.898531198501586914e-03
4.128636718750000000e+03 -3.898532129824161530e-03
4.128499023437500000e+03 -3.898534225299954414e-03
4.128349609375000000e+03 -3.898538416251540184e-03
4.128219238281250000e+03 -3.898543305695056915e-03
4.128062988281250000e+03 -3.898551687598228455e-03
4.127927246093750000e+03 -3.898559138178825378e-03
4.127792480468750000e+03 -3.898568451404571533e-03
4.127647460937500000e+03 -3.898579860106110573e-03
4.127512695312500000e+03 -3.898591734468936920e-03
4.127367187500000000e+03 -3.898605471476912498e-03
4.127232421875000000e+03 -3.898618742823600769e-03
4.127087402343750000e+03 -3.898634575307369232e-03
4.126949707031250000e+03 -3.898651106283068657e-03
4.126802246093750000e+03 -3.898669034242630005e-03
4.126666503906250000e+03 -3.898686496540904045e-03
4.126520507812500000e+03 -3.898706287145614624e-03
4.126385742187500000e+03 -3.898725146427750587e-03
4.126239746093750000e+03 -3.898746334016323090e-03
4.126104980468750000e+03 -3.898767288774251938e-03
4.125964843750000000e+03 -3.898788709193468094e-03
4.125822753906250000e+03 -3.898811759427189827e-03
4.125683105468750000e+03 -3.898834576830267906e-03
4.125542480468750000e+03 -3.898858325555920601e-03
4.125402832031250000e+03 -3.898882074281573296e-03
4.125259277343750000e+03 -3.898907685652375221e-03
4.125117675781250000e+03 -3.898932831361889839e-03
4.124980468750000000e+03 -3.898957744240760803e-03
4.124833984375000000e+03 -3.898984519764780998e-03
4.124691894531250000e+03 -3.899011528119444847e-03
4.124559570312500000e+03 -3.899035742506384850e-03
4.124413574218750000e+03 -3.899064380675554276e-03
4.124278320312500000e+03 -3.899090923368930817e-03
4.124137207031250000e+03 -3.899118397384881973e-03
4.123989257812500000e+03 -3.899147734045982361e-03
4.123850585937500000e+03 -3.899175208061933517e-03
4.123711425781250000e+03 -3.899202216416597366e-03
4.123564941406250000e+03 -3.899232717230916023e-03
4.123425781250000000e+03 -3.899261122569441795e-03
4.123285156250000000e+03 -3.899289295077323914e-03
4.123149902343750000e+03 -3.899316303431987762e-03
4.123004882812500000e+03 -3.899346804246306419e-03
4.122870605468750000e+03 -3.899373812600970268e-03
4.122725585937500000e+03 -3.899403614923357964e-03
4.122586914062500000e+03 -3.899432253092527390e-03
4.122443359375000000e+03 -3.899461356922984123e-03
4.122299804687500000e+03 -3.899490926414728165e-03
4.122160644531250000e+03 -3.899519331753253937e-03
4.122019042968750000e+03 -3.899548202753067017e-03
4.121880859375000000e+03 -3.899576142430305481e-03
4.121745117187500000e+03 -3.899604082107543945e-03
4.121596191406250000e+03 -3.899633884429931641e-03
4.121459960937500000e+03 -3.899661125615239143e-03
4.121319824218750000e+03 -3.899689298123121262e-03
4.121176757812500000e+03 -3.899717470631003380e-03
4.121038574218750000e+03 -3.899744711816310883e-03
4.120899414062500000e+03 -3.899772185832262039e-03
4.120750488281250000e+03 -3.899801056832075119e-03
4.120614257812500000e+03 -3.899827133864164352e-03
4.120476074218750000e+03 -3.899853210896253586e-03
4.120329589843750000e+03 -3.899881383404135704e-03
4.120192871093750000e+03 -3.899906994774937630e-03
4.120056152343750000e+03 -3.899931907653808594e-03
4.119910644531250000e+03 -3.899958683177828789e-03
4.119773925781250000e+03 -3.899983363226056099e-03
4.119627441406250000e+03 -3.900009207427501678e-03
4.119486816406250000e+03 -3.900033887475728989e-03
4.119352539062500000e+03 -3.900056937709450722e-03
4.119211914062500000e+03 -3.900081384927034378e-03
4.119066894531250000e+03 -3.900105599313974380e-03
4.118926757812500000e+03 -3.900128649547696114e-03
4.118783691406250000e+03 -3.900151932612061501e-03
4.118645507812500000e+03 -3.900173818692564964e-03
4.118501464843750000e+03 -3.900196403264999390e-03
4.118363769531250000e+03 -3.900217125192284584e-03
4.118223632812500000e+03 -3.900238079950213432e-03
4.118079101562500000e+03 -3.900259267538785934e-03
4.117943359375000000e+03 -3.900278359651565552e-03
4.117804199218750000e+03 -3.900297684594988823e-03
4.117658691406250000e+03 -3.900318173691630363e-03
4.117521972656250000e+03 -3.900336101651191711e-03
4.117376953125000000e+03 -3.900354960933327675e-03
4.117234863281250000e+03 -3.900372423231601715e-03
4.117098632812500000e+03 -3.900388721376657486e-03
4.116957519531250000e+03 -3.900405950844287872e-03
4.116811035156250000e+03 -3.900422481819987297e-03
4.116677734375000000e+03 -3.900436917319893837e-03
4.116537109375000000e+03 -3.900451585650444031e-03
4.116392578125000000e+03 -3.900466253980994225e-03
4.116247558593750000e+03 -3.900480223819613457e-03
4.116110351562500000e+03 -3.900493262335658073e-03
4.115971679687500000e+03 -3.900505136698484421e-03
4.115831054687500000e+03 -3.900517011061310768e-03
4.115687988281250000e+03 -3.900528419762849808e-03
4.115552246093750000e+03 -3.900538664311170578e-03
4.115407226562500000e+03 -3.900548676028847694e-03
4.115270507812500000e+03 -3.900557756423950195e-03
4.115130371093750000e+03 -3.900566603988409042e-03
4.114984375000000000e+03 -3.900574753060936928e-03
4.114848144531250000e+03 -3.900581737980246544e-03
4.114706542968750000e+03 -3.900588257238268852e-03
4.114559570312500000e+03 -3.900594543665647507e-03
4.114419921875000000e+03 -3.900599433109164238e-03
4.114282714843750000e+03 -3.900603856891393661e-03
4.114139160156250000e+03 -3.900607582181692123e-03
4.113997070312500000e+03 -3.900610841810703278e-03
4.113861816406250000e+03 -3.900612937286496162e-03
4.113716308593750000e+03 -3.900614799931645393e-03
4.113578613281250000e+03 -3.900615498423576355e-03
4.113440429687500000e+03 -3.900615498423576355e-03
4.113292480468750000e+03 -3.900615032762289047e-03
4.113158203125000000e+03 -3.900613402947783470e-03
4.113016601562500000e+03 -3.900611307471990585e-03
4.112875000000000000e+03 -3.900608280673623085e-03
4.112733398437500000e+03 -3.900604555383324623e-03
4.112591796875000000e+03 -3.900599898770451546e-03
4.112450683593750000e+03 -3.900594543665647507e-03
4.112310546875000000e+03 -3.900588490068912506e-03
4.112173828125000000e+03 -3.900581737980246544e-03
4.112030273437500000e+03 -3.900573821738362312e-03
4.111889160156250000e+03 -3.900565207004547119e-03
4.111750976562500000e+03 -3.900556126609444618e-03
4.111611816406250000e+03 -3.900545882061123848e-03
4.111465820312500000e+03 -3.900534240528941154e-03
4.111327636718750000e+03 -3.900522598996758461e-03
4.111189453125000000e+03 -3.900510026142001152e-03
4.111043457031250000e+03 -3.900495823472738266e-03
4.110904785156250000e+03 -3.900481620803475380e-03
4.110765136718750000e+03 -3.900466486811637878e-03
4.110623046875000000e+03 -3.900449955835938454e-03
4.110479003906250000e+03 -3.900432493537664413e-03
4.110344238281250000e+03 -3.900415264070034027e-03
4.110201660156250000e+03 -3.900396171957254410e-03
4.110059082031250000e+03 -3.900376148521900177e-03
4.109916992187500000e+03 -3.900355193763971329e-03
4.109781738281250000e+03 -3.900334471836686134e-03
4.109639648437500000e+03 -3.900311887264251709e-03
4.109497070312500000e+03 -3.900287905707955360e-03
4.109354980468750000e+03 -3.900263225659728050e-03
4.109212402343750000e+03 -3.900237614288926125e-03
4.109077636718750000e+03 -3.900212701410055161e-03
4.108935058593750000e+03 -3.900185227394104004e-03
4.108792968750000000e+03 -3.900156822055578232e-03
4.108650390625000000e+03 -3.900127252563834190e-03
4.108515625000000000e+03 -3.900098614394664764e-03
4.108373046875000000e+03 -3.900067182257771492e-03
4.108230957031250000e+03 -3.900034818798303604e-03
4.108088378906250000e+03 -3.900001756846904755e-03
4.107946289062500000e+03 -3.899967297911643982e-03
4.107810058593750000e+03 -3.899933537468314171e-03
4.107664062500000000e+03 -3.899896517395973206e-03
4.107526855468750000e+03 -3.899860661476850510e-03
4.107387207031250000e+03 -3.899823175743222237e-03
4.107243164062500000e+03 -3.899783128872513771e-03
4.107101562500000000e+03 -3.899743082001805305e-03
4.106967285156250000e+03 -3.899704199284315109e-03
4.106820800781250000e+03 -3.899660427123308182e-03
4.106683105468750000e+03 -3.899618517607450485e-03
4.106540527343750000e+03 -3.899574046954512596e-03
4.106402832031250000e+03 -3.899530041962862015e-03
4.106259277343750000e+03 -3.899483010172843933e-03
4.106117187500000000e+03 -3.899435512721538544e-03
4.105979492187500000e+03 -3.899388713762164116e-03
4.105834472656250000e+03 -3.899337956681847572e-03
4.105700683593750000e+03 -3.899290226399898529e-03
4.105557617187500000e+03 -3.899238072335720062e-03
4.105414062500000000e+03 -3.899184754118323326e-03
4.105277832031250000e+03 -3.899133065715432167e-03
4.105134277343750000e+03 -3.899077652022242546e-03
4.104991210937500000e+03 -3.899021074175834656e-03
4.104854492187500000e+03 -3.898966126143932343e-03
4.104711425781250000e+03 -3.898907452821731567e-03
4.104575195312500000e+03 -3.898850409314036369e-03
4.104431640625000000e+03 -3.898789407685399055e-03
4.104289550781250000e+03 -3.898727940395474434e-03
4.104147460937500000e+03 -3.898665076121687889e-03
4.104012207031250000e+03 -3.898604307323694229e-03
4.104012207031250000e+03 -3.898604307323694229e-03
