5.575503985246929189e-08
5.575503985246929189e-08
7.300048299977716117e-08
1.365713982270909364e-07
2.842960361888852155e-07
5.101335873789749991e-07
8.489739616659011256e-07
1.344576949564388995e-06
1.957220867497550191e-06
2.797928625115732126e-06
3.764305846754821058e-06
5.044697836315041564e-06
6.453768433402451710e-06
8.256722526045063686e-06
1.020463026369132359e-05
1.264338721064010187e-05
1.522233662928590128e-05
1.816805402387210294e-05
2.179432242130758030e-05
2.560976874222546695e-05
3.030842706395735710e-05
3.526724278596754514e-05
4.139103245941071262e-05
4.791561470247993493e-05
5.615427813545851031e-05
6.515596077699249233e-05
7.595892608223702607e-05
9.058419447151796230e-05
1.082179471341544958e-04
1.350558564429808794e-04
1.737637973464142458e-04
2.534177545601300121e-04
4.471939317922696711e-04
1.130102193957805128e-03
1.747714464963113189e-03
2.343063932174497144e-03
2.910835955186826841e-03
3.489257236180641833e-03
4.111263468623537094e-03
4.734102064062285439e-03
5.426737193354533827e-03
6.092219725129718703e-03
6.857168827645575629e-03
7.588541607989379191e-03
8.421339877265695759e-03
9.227384461284193068e-03
1.006436913230849065e-02
1.101197009252727170e-02
1.191923585666204016e-02
1.293002761382820547e-02
1.387848347853181188e-02
1.489134076670982701e-02
1.576160320808056223e-02
1.652991358271639968e-02
1.694593644672602248e-02
1.700288585175673342e-02
1.702112932677351739e-02
1.743786476905430718e-02
1.827468733087503350e-02
1.889131496310682279e-02
1.834761403193654883e-02
1.378657516618399248e-02
1.187521895406624430e-02
1.173182989779487408e-02
1.169842843427734876e-02
1.121075832636840922e-02
1.098817372983075004e-02
1.096109023761224384e-02
1.072473922172679367e-02
1.058151157152099377e-02
1.056373699260330402e-02
1.046582887981909425e-02
1.037960182635029767e-02
1.037533161104218365e-02
1.035454607360482109e-02
1.030690443043726610e-02
1.030894464979959131e-02
1.031855377934292987e-02
1.030558526416531367e-02
1.030415967430818765e-02
1.031998458298526850e-02
1.032323538345320674e-02
1.032017164787338293e-02
1.032596336489972379e-02
1.033046416862179982e-02
1.032514991652314952e-02
1.031855143783321459e-02
1.031323420950940213e-02
1.030326834682948091e-02
1.028601917456943224e-02
1.026880337821077689e-02
1.024871537694561560e-02
1.022570994474898166e-02
1.019835292572519002e-02
1.016760910320984972e-02
1.013751467864083128e-02
1.010190691391028503e-02
1.006609488559412346e-02
1.002747357102439819e-02
9.985838983865661170e-03
9.943985585733467608e-03
9.900118816019423326e-03
9.854998304403480083e-03
9.808537072941464485e-03
9.761552522011095537e-03
9.714007331145234694e-03
9.669679542611674811e-03
9.626891685942010057e-03
9.587872585837729777e-03
9.554343765876391684e-03
9.532411966440296897e-03
9.526054199850418278e-03
9.545074554327468222e-03
9.605032719972738872e-03
9.730075160269156809e-03
9.972285198831483399e-03
1.039726864861595206e-02
1.118225856799350861e-02
1.274197917694065881e-02
1.596932378499204414e-02
2.404277762074440508e-02
4.667120378944657200e-02
1.024881945415012513e-01
1.676360013954298900e-01
1.887271253229102219e-01
2.068032075037390116e-01
2.262164024842660270e-01
2.229911933967809179e-01
2.220023950768718057e-01
2.406350130014662247e-01
2.551998544306135486e-01
2.589127867703847619e-01
2.655912498640561892e-01
2.759838860277039063e-01
2.844051486136010554e-01
2.918280326727766827e-01
2.994339763496488560e-01
3.070345494443422196e-01
3.144738737974798193e-01
3.218281174713870652e-01
3.291385275450012249e-01
3.363672731548447703e-01
3.429789305301897406e-01
3.497113016295221311e-01
3.564224770063035286e-01
3.629015669222986906e-01
3.692230233676934148e-01
3.755174439599300307e-01
3.816370281405310760e-01
3.877937353284884314e-01
3.937521954938297264e-01
4.140071179257435174e-01
4.340444751867245654e-01
