5.652148925781250000e+03 0.000000000000000000e+00
5.632445800781250000e+03 -1.361888571409508586e-04
5.612742187500000000e+03 -1.045392273226752877e-04
5.593039062500000000e+03 -1.118848304031416774e-04
5.573335937500000000e+03 -1.214133008033968508e-04
5.553632324218750000e+03 -1.329835795331746340e-04
5.533929199218750000e+03 -1.466801040805876255e-04
5.514225585937500000e+03 -1.625365111976861954e-04
5.494522460937500000e+03 -1.805620704544708133e-04
5.474818847656250000e+03 -2.007434522965922952e-04
5.455115722656250000e+03 -2.230473764939233661e-04
5.435412109375000000e+03 -2.474206266924738884e-04
5.415708984375000000e+03 -2.737912000156939030e-04
5.396005859375000000e+03 -3.020717413164675236e-04
5.376302246093750000e+03 -3.321645199321210384e-04
5.356599121093750000e+03 -3.639670903794467449e-04
5.336895996093750000e+03 -3.973771526943892241e-04
5.317192382812500000e+03 -4.322965978644788265e-04
5.297489257812500000e+03 -4.686337779276072979e-04
5.277786132812500000e+03 -5.063045537099242210e-04
5.258082519531250000e+03 -5.452323821373283863e-04
5.238379394531250000e+03 -5.853472976014018059e-04
5.218676269531250000e+03 -6.265853880904614925e-04
5.198972656250000000e+03 -6.688872235827147961e-04
5.179269531250000000e+03 -7.121970993466675282e-04
5.159566406250000000e+03 -7.564614643342792988e-04
5.139862792968750000e+03 -8.016274077817797661e-04
5.120159667968750000e+03 -8.476413204334676266e-04
5.100456542968750000e+03 -8.944472647272050381e-04
5.080753417968750000e+03 -9.419859852641820908e-04
5.061049804687500000e+03 -9.901938028633594513e-04
5.041346679687500000e+03 -1.039001625031232834e-03
5.021643554687500000e+03 -1.088334713131189346e-03
5.001940429687500000e+03 -1.138111460022628307e-03
4.982236816406250000e+03 -1.188243040814995766e-03
