6.322027276634105531e-08
5.960464477539063823e-08
5.960464477539063823e-08
8.161702118890975363e-08
1.812804499357410735e-07
3.430504927999196804e-07
5.904320703792345094e-07
9.652456486643716487e-07
1.421011483834164687e-06
2.051495415971120056e-06
2.778337388730669080e-06
3.749411690789643392e-06
4.824479626520006794e-06
6.210871197773303523e-06
7.739858781852757707e-06
9.669464423770360935e-06
1.176740840687344214e-05
1.421086485771695967e-05
1.731663679495039362e-05
2.071428635284672682e-05
2.510678957245085762e-05
3.000404958220903828e-05
3.653211055013713459e-05
4.413700804341502909e-05
5.484908346318037353e-05
6.818631338164431155e-05
8.680821572815818293e-05
1.170899492573820801e-04
1.619251342315099597e-04
2.463806709755937533e-04
3.883145604072352750e-04
6.469652788315411861e-04
9.612533241218582797e-04
1.341478140376733789e-03
1.720155629009109460e-03
2.159894962710740864e-03
2.591816287450946551e-03
3.051394343769047758e-03
3.581449223291379748e-03
4.101204873880607421e-03
4.699277131065441454e-03
5.284238094484003216e-03
5.954680083460315437e-03
6.608435864246310111e-03
7.354938541259022945e-03
8.079933607221090330e-03
8.839453814767457215e-03
9.700561909795792429e-03
1.052920309276200381e-02
1.145922606323394183e-02
1.233959046929997659e-02
1.329865265354620782e-02
1.415415527898898282e-02
1.496793044397633915e-02
1.547966097225633719e-02
1.561500931699418698e-02
1.546110859672555383e-02
1.576695269527089369e-02
1.622848453676934560e-02
1.688453080733558903e-02
1.755373030846703666e-02
1.726129788374689694e-02
7.550549387124959842e-03
8.023738194737809956e-03
8.956098096107706005e-03
7.993073084876232623e-03
7.098700121423895566e-03
7.355760922453566907e-03
7.001904088512175654e-03
6.249523594092699398e-03
6.243648043699141607e-03
6.004421509785986232e-03
5.494022339017696176e-03
5.303519161358399327e-03
5.134092473853307109e-03
4.732166175832708092e-03
4.469918968257231146e-03
4.302707999815905647e-03
4.000431436913429520e-03
3.709208562974546184e-03
3.489493332027601789e-03
3.261765861935679318e-03
2.968520241250525299e-03
2.735600516636379435e-03
2.509235106171852411e-03
2.272366586192929323e-03
2.033276852271673901e-03
1.803921323122592048e-03
1.596369927187475495e-03
1.359150702361615641e-03
1.147571366016413366e-03
9.352882934103117201e-04
7.411033794559521290e-04
5.288474102702594298e-04
3.402199209072062896e-04
1.508836833005716813e-04
8.703163234124251975e-05
2.474690090362173566e-04
4.289163523734029152e-04
6.136736261432558601e-04
7.913705842000246264e-04
9.909108406206787630e-04
1.173433256679171826e-03
1.371944507037521285e-03
1.578066963315149585e-03
1.796087655901066997e-03
2.022022255443815895e-03
2.279839847824939245e-03
2.544426421627622812e-03
2.849556016511164448e-03
3.197396158012913436e-03
3.617357616806403994e-03
4.066997689339640204e-03
4.637082968162472771e-03
5.335213977518426555e-03
6.177345219846132503e-03
7.285976690914465828e-03
8.792279578446703797e-03
1.057040984222235025e-02
1.279608163704736186e-02
1.518013130990885501e-02
1.732416672337428257e-02
1.841097344947756689e-02
1.967657180071274645e-02
3.055197544480462574e-02
7.435197922254681291e-02
1.260023072222040130e-01
1.254477839543816087e-01
1.246031870936746278e-01
1.441740675717535225e-01
1.595122390218668695e-01
1.637774646223945918e-01
1.690123576479606593e-01
1.805889389844657911e-01
1.892041986160918621e-01
1.936278137457970727e-01
1.957427393856764619e-01
1.210330656929172882e-01
2.104216018167134050e-01
