5.652148925781250000e+03 0.000000000000000000e+00
5.632445800781250000e+03 -1.361855102004483342e-04
5.612742187500000000e+03 -1.045272365445271134e-04
5.593039062500000000e+03 -1.118797372328117490e-04
5.573335937500000000e+03 -1.214089497807435691e-04
5.553632324218750000e+03 -1.329795195488259196e-04
5.533929199218750000e+03 -1.466761459596455097e-04
5.514225585937500000e+03 -1.625325676286593080e-04
5.494522460937500000e+03 -1.805580832296982408e-04
5.474818847656250000e+03 -2.007394068641588092e-04
5.455115722656250000e+03 -2.230432437499985099e-04
5.435412109375000000e+03 -2.474164066370576620e-04
5.415708984375000000e+03 -2.737868635449558496e-04
5.396005859375000000e+03 -3.020672593265771866e-04
5.376302246093750000e+03 -3.321598924230784178e-04
5.356599121093750000e+03 -3.639622882474213839e-04
5.336895996093750000e+03 -3.973721759393811226e-04
5.317192382812500000e+03 -4.322914173826575279e-04
5.297489257812500000e+03 -4.686283646151423454e-04
5.277786132812500000e+03 -5.062989075668156147e-04
5.258082519531250000e+03 -5.452264449559152126e-04
5.238379394531250000e+03 -5.853411275893449783e-04
5.218676269531250000e+03 -6.265789270401000977e-04
5.198972656250000000e+03 -6.688804714940488338e-04
5.179269531250000000e+03 -7.121900562196969986e-04
5.159566406250000000e+03 -7.564541301690042019e-04
5.139862792968750000e+03 -8.016197243705391884e-04
5.120159667968750000e+03 -8.476332877762615681e-04
5.100456542968750000e+03 -8.944388246163725853e-04
5.080753417968750000e+03 -9.419771376997232437e-04
5.061049804687500000e+03 -9.901844896376132965e-04
5.041346679687500000e+03 -1.038991962559521198e-03
5.021643554687500000e+03 -1.088324468582868576e-03
5.001940429687500000e+03 -1.138100749813020229e-03
4.982236816406250000e+03 -1.188231748528778553e-03
