-1.162000000476837158e-03 0.000000000000000000e+00 0.000000000000000000e+00 6.215683364868164062e+01 6.995525360107421875e+01 1.305175323486328125e+02 1.509720153808593750e+02 1.561967926025390625e+02 1.626279296875000000e+02 1.665087280273437500e+02 1.729809417724609375e+02
-2.324000000953674316e-03 0.000000000000000000e+00 5.819893264770507812e+01 6.960387420654296875e+01 1.258907852172851562e+02 1.370611877441406250e+02 1.469609832763671875e+02 1.706069641113281250e+02 1.925707855224609375e+02 2.152846832275390625e+02 2.237476501464843750e+02
-3.486000001430511475e-03 0.000000000000000000e+00 5.644798660278320312e+01 6.955812072753906250e+01 1.430149383544921875e+02 1.452442626953125000e+02 1.740202789306640625e+02 1.856388854980468750e+02 1.906212310791015625e+02 2.169729766845703125e+02 2.200196990966796875e+02
-4.648000001907348633e-03 0.000000000000000000e+00 5.506228637695312500e+01 6.948599243164062500e+01 1.420144653320312500e+02 1.440385131835937500e+02 1.765997467041015625e+02 1.865031738281250000e+02 2.166746215820312500e+02 2.186574249267578125e+02 2.191039581298828125e+02
-5.810000002384185791e-03 0.000000000000000000e+00 5.384303283691406250e+01 6.939640045166015625e+01 1.382881774902343750e+02 1.431184692382812500e+02 1.772987670898437500e+02 1.811514129638671875e+02 2.157933807373046875e+02 2.200168914794921875e+02 2.216876678466796875e+02
-6.972000002861022949e-03 0.000000000000000000e+00 5.274297332763671875e+01 6.928343963623046875e+01 1.327505493164062500e+02 1.424135437011718750e+02 1.748579559326171875e+02 1.771141662597656250e+02 2.145835571289062500e+02 2.213083801269531250e+02 2.220711975097656250e+02
-8.134000003337860107e-03 0.000000000000000000e+00 5.174307250976562500e+01 6.913225555419921875e+01 1.254318923950195312e+02 1.418860168457031250e+02 1.677753601074218750e+02 1.763834838867187500e+02 2.131402435302734375e+02 2.205522155761718750e+02 2.249346618652343750e+02
-9.296000003814697266e-03 0.000000000000000000e+00 5.086156463623046875e+01 6.891380310058593750e+01 1.162287750244140625e+02 1.415386810302734375e+02 1.602350006103515625e+02 1.752906188964843750e+02 2.115338439941406250e+02 2.194860382080078125e+02 2.285967712402343750e+02
-1.045800000429153442e-02 0.000000000000000000e+00 5.014608383178710938e+01 6.855969238281250000e+01 1.048124542236328125e+02 1.413630676269531250e+02 1.530026092529296875e+02 1.739035491943359375e+02 2.098251037597656250e+02 2.177864685058593750e+02 2.263841400146484375e+02
-1.162000000476837158e-02 0.000000000000000000e+00 4.970954895019531250e+01 6.785334014892578125e+01 9.037622070312500000e+01 1.411611175537109375e+02 1.477453918457031250e+02 1.722720642089843750e+02 2.081071929931640625e+02 2.133847045898437500e+02 2.232012023925781250e+02
-1.278200000524520874e-02 0.000000000000000000e+00 4.961271667480468750e+01 6.298959732055664062e+01 7.272597503662109375e+01 1.406886596679687500e+02 1.469374542236328125e+02 1.704567718505859375e+02 1.959789428710937500e+02 2.065424499511718750e+02 2.196792602539062500e+02
-1.394400000572204590e-02 0.000000000000000000e+00 3.573886108398437500e+01 4.976997375488281250e+01 6.899579620361328125e+01 1.420583801269531250e+02 1.544433898925781250e+02 1.628912506103515625e+02 1.723667907714843750e+02 2.056475067138671875e+02 2.180713043212890625e+02
-1.510600000619888306e-02 0.000000000000000000e+00 2.548808813095092773e+00 4.986179733276367188e+01 6.879537963867187500e+01 1.421452178955078125e+02 1.432630157470703125e+02 1.599344024658203125e+02 1.738012542724609375e+02 2.057647857666015625e+02 2.103747863769531250e+02
-1.626800000667572021e-02 4.728694534301757812e+01 6.893051147460937500e+01 9.497340393066406250e+01 1.139267578125000000e+02 1.395232086181640625e+02 1.691653900146484375e+02 1.753748931884765625e+02 2.090798492431640625e+02 2.170424041748046875e+02 2.240380706787109375e+02
-1.743000000715255737e-02 4.748231506347656250e+01 6.899254608154296875e+01 9.916661834716796875e+01 1.292889709472656250e+02 1.388825836181640625e+02 1.684318695068359375e+02 1.762949676513671875e+02 2.079408111572265625e+02 2.168954620361328125e+02 2.236057891845703125e+02
-1.859200000762939453e-02 4.747882080078125000e+01 6.894286346435546875e+01 1.017147293090820312e+02 1.343506622314453125e+02 1.386615447998046875e+02 1.680921020507812500e+02 1.775800628662109375e+02 2.063986816406250000e+02 2.163546752929687500e+02 2.219988098144531250e+02
-1.975400000810623169e-02 4.730783462524414062e+01 6.889427185058593750e+01 1.025397338867187500e+02 1.370464630126953125e+02 1.384532470703125000e+02 1.678207702636718750e+02 1.782804412841796875e+02 2.046764068603515625e+02 2.155235595703125000e+02 2.202496337890625000e+02
-2.091600000858306885e-02 4.713095092773437500e+01 6.884523010253906250e+01 1.029286193847656250e+02 1.382454833984375000e+02 1.393963470458984375e+02 1.675312042236328125e+02 1.786325683593750000e+02 2.028568878173828125e+02 2.142935791015625000e+02 2.187199249267578125e+02
-2.207800000905990601e-02 4.697325897216796875e+01 6.879404449462890625e+01 1.028935089111328125e+02 1.380278930664062500e+02 1.417265319824218750e+02 1.671903686523437500e+02 1.786935424804687500e+02 2.009566802978515625e+02 2.125301208496093750e+02 2.175913085937500000e+02
-2.324000000953674316e-02 4.683731079101562500e+01 6.874031829833984375e+01 1.024436416625976562e+02 1.377976531982421875e+02 1.440783843994140625e+02 1.667830047607421875e+02 1.784936065673828125e+02 1.989809265136718750e+02 2.103006286621093750e+02 2.168081359863281250e+02
-2.440200001001358032e-02 4.671918487548828125e+01 6.868400573730468750e+01 1.015672454833984375e+02 1.375535125732421875e+02 1.464330596923828125e+02 1.662980499267578125e+02 1.780456542968750000e+02 1.969324035644531250e+02 2.077527923583984375e+02 2.162268981933593750e+02
-2.556400001049041748e-02 4.661294555664062500e+01 6.862512207031250000e+01 1.002454833984375000e+02 1.372943267822265625e+02 1.487613220214843750e+02 1.657258300781250000e+02 1.773507385253906250e+02 1.948136444091796875e+02 2.049806976318359375e+02 2.157555694580078125e+02
-2.672600001096725464e-02 4.651200103759765625e+01 6.856361389160156250e+01 9.845565032958984375e+01 1.370182647705078125e+02 1.510334930419921875e+02 1.650574340820312500e+02 1.764009094238281250e+02 1.926271667480468750e+02 2.020316314697265625e+02 2.153477172851562500e+02
-2.788800001144409180e-02 4.640981674194335938e+01 6.849931335449218750e+01 9.617098236083984375e+01 1.367219543457031250e+02 1.532221374511718750e+02 1.642841796875000000e+02 1.751814727783203125e+02 1.903748931884765625e+02 1.989309234619140625e+02 2.149776916503906250e+02
-2.905000001192092896e-02 4.630048370361328125e+01 6.843186187744140625e+01 9.335936737060546875e+01 1.363999786376953125e+02 1.553037719726562500e+02 1.633966674804687500e+02 1.736734161376953125e+02 1.880571289062500000e+02 1.956950836181640625e+02 2.146280212402343750e+02
-3.021200001239776611e-02 4.617912292480468750e+01 6.836074829101562500e+01 8.998071289062500000e+01 1.360445098876953125e+02 1.572604675292968750e+02 1.623836975097656250e+02 1.718563385009765625e+02 1.856714324951171875e+02 1.923384857177734375e+02 2.142841033935546875e+02
-3.137400001287460327e-02 4.604194641113281250e+01 6.828532409667968750e+01 8.598200988769531250e+01 1.356450347900390625e+02 1.590775146484375000e+02 1.612328338623046875e+02 1.697109527587890625e+02 1.832112274169921875e+02 1.888777618408203125e+02 2.139320831298828125e+02
-3.253600001335144043e-02 4.588589096069335938e+01 6.820487976074218750e+01 8.128933715820312500e+01 1.351875305175781250e+02 1.598716125488281250e+02 1.607980194091796875e+02 1.672208709716796875e+02 1.806651611328125000e+02 1.853364410400390625e+02 2.135580902099609375e+02
-3.369800001382827759e-02 4.570758056640625000e+01 6.811869812011718750e+01 7.579422760009765625e+01 1.346528778076171875e+02 1.583651275634765625e+02 1.623172302246093750e+02 1.643728942871093750e+02 1.780170440673828125e+02 1.817514801025390625e+02 2.130600280761718750e+02
-3.486000001430511475e-02 4.550030136108398438e+01 6.802604675292968750e+01 6.932965087890625000e+01 1.340134735107421875e+02 1.565832519531250000e+02 1.611566925048828125e+02 1.637015533447265625e+02 1.752468566894531250e+02 1.781847839355468750e+02 2.082238006591796875e+02
-3.602200001478195190e-02 4.524126434326171875e+01 6.162684631347656250e+01 6.792629241943359375e+01 1.332261810302734375e+02 1.544624633789062500e+02 1.575666503906250000e+02 1.648971557617187500e+02 1.723318176269531250e+02 1.747494201660156250e+02 2.032396240234375000e+02
-3.718400001525878906e-02 4.476477432250976562e+01 5.229955291748046875e+01 6.781873321533203125e+01 1.322173614501953125e+02 1.518982391357421875e+02 1.536092529296875000e+02 1.657371978759765625e+02 1.692474060058593750e+02 1.717077484130859375e+02 1.981486358642578125e+02
-3.834600001573562622e-02 3.856973648071289062e+01 4.554052352905273438e+01 6.770275115966796875e+01 1.308497772216796875e+02 1.487715759277343750e+02 1.493286743164062500e+02 1.655144805908203125e+02 1.659678802490234375e+02 1.698687133789062500e+02 1.929874420166015625e+02
-3.950800001621246338e-02 1.718318939208984375e+01 4.491232299804687500e+01 6.757768249511718750e+01 1.288516387939453125e+02 1.448665313720703125e+02 1.449812011718750000e+02 1.624665527343750000e+02 1.636741943359375000e+02 1.698622131347656250e+02 1.877926177978515625e+02
-4.067000001668930054e-02 0.000000000000000000e+00 4.457704162597656250e+01 6.744284057617187500e+01 1.257132492065429688e+02 1.404626007080078125e+02 1.405608062744140625e+02 1.587176971435546875e+02 1.613595581054687500e+02 1.705625000000000000e+02 1.826021728515625000e+02
-4.183200001716613770e-02 0.000000000000000000e+00 4.426731491088867188e+01 6.729746246337890625e+01 1.207557220458984375e+02 1.351961212158203125e+02 1.368448638916015625e+02 1.547005310058593750e+02 1.591035308837890625e+02 1.713974151611328125e+02 1.774543762207031250e+02
-4.299400001764297485e-02 0.000000000000000000e+00 4.395111846923828125e+01 6.714068603515625000e+01 1.135673294067382812e+02 1.291591796875000000e+02 1.337899017333984375e+02 1.504118652343750000e+02 1.569639892578125000e+02 1.722397308349609375e+02 1.723854370117187500e+02
-4.415600001811981201e-02 0.000000000000000000e+00 4.360002899169921875e+01 6.697177886962890625e+01 1.039114761352539062e+02 1.222734756469726562e+02 1.309581298828125000e+02 1.458479461669921875e+02 1.548988342285156250e+02 1.673804168701171875e+02 1.730336151123046875e+02
-4.531800001859664917e-02 0.000000000000000000e+00 4.323598861694335938e+01 6.678911590576171875e+01 9.177159881591796875e+01 1.144498519897460938e+02 1.277850341796875000e+02 1.412361755371093750e+02 1.528707580566406250e+02 1.625551910400390625e+02 1.738004608154296875e+02
-4.648000001907348633e-02 0.000000000000000000e+00 4.282729339599609375e+01 6.659027862548828125e+01 7.619798278808593750e+01 1.054157562255859375e+02 1.235609130859375000e+02 1.368296813964843750e+02 1.508338012695312500e+02 1.578778533935546875e+02 1.745074157714843750e+02
-4.764200001955032349e-02 0.000000000000000000e+00 4.230936431884765625e+01 5.515862655639648438e+01 6.638834381103515625e+01 9.470452117919921875e+01 1.176194458007812500e+02 1.329220428466796875e+02 1.487787780761718750e+02 1.533727111816406250e+02 1.751416320800781250e+02
-4.880400002002716064e-02 0.000000000000000000e+00 2.056496238708496094e+01 4.207408523559570312e+01 6.619860076904296875e+01 8.118186950683593750e+01 1.098842163085937500e+02 1.295227813720703125e+02 1.467906036376953125e+02 1.491202392578125000e+02 1.728828277587890625e+02
-4.996600002050399780e-02 0.000000000000000000e+00 1.928303909301757812e+01 4.197116851806640625e+01 6.506609344482421875e+01 7.236230468750000000e+01 1.088893203735351562e+02 1.277881622314453125e+02 1.454205627441406250e+02 1.467257843017578125e+02 1.702168579101562500e+02
-5.112800002098083496e-02 0.000000000000000000e+00 3.292582321166992188e+01 4.335279083251953125e+01 6.596603393554687500e+01 1.143610687255859375e+02 1.345978851318359375e+02 1.390223846435546875e+02 1.492383728027343750e+02 1.577228851318359375e+02 1.764639129638671875e+02
-5.229000002145767212e-02 4.238712692260742188e+01 6.023598098754882812e+01 7.500236511230468750e+01 1.004542846679687500e+02 1.181113433837890625e+02 1.387440338134765625e+02 1.539428863525390625e+02 1.596035614013671875e+02 1.612241821289062500e+02 1.854667205810546875e+02
-5.345200002193450928e-02 4.194377517700195312e+01 5.933576583862304688e+01 7.712284851074218750e+01 1.051557769775390625e+02 1.164162597656250000e+02 1.382705688476562500e+02 1.527987518310546875e+02 1.604120483398437500e+02 1.620474243164062500e+02 1.851890106201171875e+02
-5.461400002241134644e-02 4.154727172851562500e+01 5.792713928222656250e+01 7.791287231445312500e+01 1.037807922363281250e+02 1.153116607666015625e+02 1.374329986572265625e+02 1.490307312011718750e+02 1.594016265869140625e+02 1.628099517822265625e+02 1.839191131591796875e+02
-5.577600002288818359e-02 4.113624191284179688e+01 5.633528900146484375e+01 7.948685455322265625e+01 1.000503311157226562e+02 1.145827713012695312e+02 1.365621643066406250e+02 1.450219573974609375e+02 1.579909362792968750e+02 1.634171142578125000e+02 1.822668609619140625e+02
-5.693800002336502075e-02 4.064787292480468750e+01 5.315208053588867188e+01 7.967401885986328125e+01 9.261557769775390625e+01 1.137971038818359375e+02 1.356231994628906250e+02 1.408639984130859375e+02 1.560487060546875000e+02 1.638452301025390625e+02 1.802876586914062500e+02
-5.810000002384185791e-02 3.849011993408203125e+01 4.288805007934570312e+01 7.605680847167968750e+01 8.056907653808593750e+01 1.123173141479492188e+02 1.341289215087890625e+02 1.365199737548828125e+02 1.535661163330078125e+02 1.637934265136718750e+02 1.780230102539062500e+02
-5.926200002431869507e-02 0.000000000000000000e+00 4.005453109741210938e+01 6.635169219970703125e+01 7.753354644775390625e+01 1.104731521606445312e+02 1.311723632812500000e+02 1.341917419433593750e+02 1.510707397460937500e+02 1.634913024902343750e+02 1.756372680664062500e+02
-6.042400002479553223e-02 0.000000000000000000e+00 3.934983825683593750e+01 6.557147979736328125e+01 7.437836456298828125e+01 1.070598449707031250e+02 1.287180328369140625e+02 1.324450683593750000e+02 1.497914733886718750e+02 1.628310089111328125e+02 1.731514434814453125e+02
-6.158600002527236938e-02 3.655913543701171875e+01 4.335600662231445312e+01 6.696174621582031250e+01 8.158114624023437500e+01 1.033845596313476562e+02 1.279872817993164062e+02 1.318595275878906250e+02 1.514879455566406250e+02 1.617564239501953125e+02 1.712697906494140625e+02
-6.274800002574920654e-02 3.516509246826171875e+01 4.288025283813476562e+01 6.152275466918945312e+01 8.884347534179687500e+01 1.005845794677734375e+02 1.285576934814453125e+02 1.310845184326171875e+02 1.525242767333984375e+02 1.601201019287109375e+02 1.697238311767578125e+02
-6.391000002622604370e-02 1.663005828857421875e+01 3.886634826660156250e+01 5.774061584472656250e+01 9.115280151367187500e+01 9.843846130371093750e+01 1.281894836425781250e+02 1.308120880126953125e+02 1.527727203369140625e+02 1.579366607666015625e+02 1.678136444091796875e+02
-6.507200002670288086e-02 0.000000000000000000e+00 3.750608062744140625e+01 5.560358047485351562e+01 9.043559265136718750e+01 9.693203735351562500e+01 1.263346633911132812e+02 1.304035491943359375e+02 1.519748840332031250e+02 1.547463073730468750e+02 1.629733276367187500e+02
-6.623400002717971802e-02 0.000000000000000000e+00 3.617779159545898438e+01 5.212929916381835938e+01 8.073143768310546875e+01 8.494985961914062500e+01 1.057032546997070312e+02 1.221743392944335938e+02 1.318621063232421875e+02 1.530385284423828125e+02 1.540812072753906250e+02
-6.739600002765655518e-02 0.000000000000000000e+00 3.166019630432128906e+01 5.463912200927734375e+01 6.453436279296875000e+01 8.897092437744140625e+01 1.163633193969726562e+02 1.257616119384765625e+02 1.415568542480468750e+02 1.581947479248046875e+02 1.624282073974609375e+02
-6.855800002813339233e-02 0.000000000000000000e+00 3.641556167602539062e+01 5.501949691772460938e+01 7.332616424560546875e+01 1.099681701660156250e+02 1.181103744506835938e+02 1.313206787109375000e+02 1.500926818847656250e+02 1.753314971923828125e+02 1.815153045654296875e+02
-6.972000002861022949e-02 3.267302703857421875e+01 5.391055679321289062e+01 6.819158172607421875e+01 9.601339721679687500e+01 1.070194168090820312e+02 1.166368408203125000e+02 1.355568389892578125e+02 1.543384399414062500e+02 1.708475189208984375e+02 1.814583129882812500e+02
-7.088200002908706665e-02 3.175900268554687500e+01 5.341281127929687500e+01 6.765425872802734375e+01 9.690598297119140625e+01 1.017237472534179688e+02 1.152650756835937500e+02 1.340001373291015625e+02 1.534626312255859375e+02 1.675646820068359375e+02 1.822375946044921875e+02
-7.204400002956390381e-02 3.003203582763671875e+01 5.284586334228515625e+01 6.551764678955078125e+01 9.206194305419921875e+01 9.816552734375000000e+01 1.137770919799804688e+02 1.320846252441406250e+02 1.518883514404296875e+02 1.645835266113281250e+02 1.830146942138671875e+02
-7.320600003004074097e-02 2.664245605468750000e+01 5.212408828735351562e+01 6.077368927001953125e+01 8.424649810791015625e+01 9.623995208740234375e+01 1.122450790405273438e+02 1.303077850341796875e+02 1.502661437988281250e+02 1.616465911865234375e+02 1.838150024414062500e+02
-7.436800003051757812e-02 1.534426784515380859e+01 4.905113220214843750e+01 5.336973571777343750e+01 7.790978240966796875e+01 9.436788940429687500e+01 1.107293548583984375e+02 1.287530822753906250e+02 1.486880798339843750e+02 1.587829437255859375e+02 1.846757659912109375e+02
-7.553000003099441528e-02 0.000000000000000000e+00 4.013446426391601562e+01 5.174177551269531250e+01 7.454812622070312500e+01 9.250883483886718750e+01 1.093291625976562500e+02 1.274539947509765625e+02 1.472247619628906250e+02 1.562613677978515625e+02 1.856218872070312500e+02
-7.669200003147125244e-02 0.000000000000000000e+00 3.473275756835937500e+01 5.102468109130859375e+01 7.278618621826171875e+01 9.092148590087890625e+01 1.081491394042968750e+02 1.263511047363281250e+02 1.459171295166015625e+02 1.543057861328125000e+02 1.866583557128906250e+02
-7.785400003194808960e-02 0.000000000000000000e+00 3.093696784973144531e+01 5.041922378540039062e+01 7.086164093017578125e+01 8.976247406005859375e+01 1.071127700805664062e+02 1.250370712280273438e+02 1.441647796630859375e+02 1.523387603759765625e+02 1.877670135498046875e+02
-7.901600003242492676e-02 0.000000000000000000e+00 2.807363700866699219e+01 4.981594848632812500e+01 6.569299316406250000e+01 8.977841949462890625e+01 1.055140609741210938e+02 1.211819458007812500e+02 1.375233154296875000e+02 1.485179138183593750e+02 1.890195159912109375e+02
-8.017800003290176392e-02 2.076049995422363281e+01 4.437655639648437500e+01 5.088837432861328125e+01 8.132427978515625000e+01 9.356265258789062500e+01 1.113149795532226562e+02 1.241346588134765625e+02 1.430219421386718750e+02 1.716498413085937500e+02 1.914136352539062500e+02
-8.134000003337860107e-02 1.279205131530761719e+01 4.197498321533203125e+01 5.043742370605468750e+01 8.010234069824218750e+01 9.248246765136718750e+01 1.104564590454101562e+02 1.233408432006835938e+02 1.420172729492187500e+02 1.716274719238281250e+02 1.923232421875000000e+02
-8.250200003385543823e-02 0.000000000000000000e+00 3.952203750610351562e+01 5.005657958984375000e+01 7.911251068115234375e+01 9.060160064697265625e+01 1.095389556884765625e+02 1.227238159179687500e+02 1.412648773193359375e+02 1.708927307128906250e+02 1.931488800048828125e+02
-8.366400003433227539e-02 0.000000000000000000e+00 3.690447235107421875e+01 4.970291900634765625e+01 7.819747161865234375e+01 8.838668823242187500e+01 1.086381454467773438e+02 1.221717910766601562e+02 1.405924224853515625e+02 1.699415435791015625e+02 1.939558563232421875e+02
-8.482600003480911255e-02 0.000000000000000000e+00 3.411882019042968750e+01 4.936636352539062500e+01 7.732117462158203125e+01 8.582464599609375000e+01 1.077872238159179688e+02 1.216596679687500000e+02 1.399717102050781250e+02 1.688401184082031250e+02 1.947533416748046875e+02
-8.598800003528594971e-02 0.000000000000000000e+00 3.133204460144042969e+01 4.903482437133789062e+01 7.631990814208984375e+01 8.330073547363281250e+01 1.069453201293945312e+02 1.211537094116210938e+02 1.393468933105468750e+02 1.676619262695312500e+02 1.955442504882812500e+02
-8.715000003576278687e-02 0.000000000000000000e+00 2.876988410949707031e+01 4.870751953125000000e+01 7.518514251708984375e+01 8.082411956787109375e+01 1.060995407104492188e+02 1.206497879028320312e+02 1.387111206054687500e+02 1.663846435546875000e+02 1.963231353759765625e+02
-8.831200003623962402e-02 0.000000000000000000e+00 2.655508995056152344e+01 4.839052200317382812e+01 7.400690460205078125e+01 7.850650024414062500e+01 1.052803726196289062e+02 1.201703414916992188e+02 1.380865783691406250e+02 1.651317596435546875e+02 1.970826110839843750e+02
-8.947400003671646118e-02 0.000000000000000000e+00 2.446308326721191406e+01 4.807901763916015625e+01 7.271482849121093750e+01 7.629190826416015625e+01 1.044858093261718750e+02 1.197198638916015625e+02 1.374878234863281250e+02 1.638322296142578125e+02 1.978194274902343750e+02
-9.063600003719329834e-02 0.000000000000000000e+00 2.261495971679687500e+01 4.777487564086914062e+01 7.131354522705078125e+01 7.448320007324218750e+01 1.037420043945312500e+02 1.193147354125976562e+02 1.369318084716796875e+02 1.626537780761718750e+02 1.985303802490234375e+02
-9.179800003767013550e-02 0.000000000000000000e+00 2.112598228454589844e+01 4.747515487670898438e+01 6.985779571533203125e+01 7.310529327392578125e+01 1.030471038818359375e+02 1.189574203491210938e+02 1.364220428466796875e+02 1.616585540771484375e+02 1.992086334228515625e+02
-9.296000003814697266e-02 0.000000000000000000e+00 2.032231712341308594e+01 4.718015289306640625e+01 6.860932922363281250e+01 7.218466949462890625e+01 1.024309005737304688e+02 1.186613540649414062e+02 1.359746704101562500e+02 1.610165252685546875e+02 1.998513488769531250e+02
-9.412200003862380981e-02 0.000000000000000000e+00 2.025250434875488281e+01 4.688846969604492188e+01 6.763406372070312500e+01 7.159712219238281250e+01 1.018866424560546875e+02 1.184161834716796875e+02 1.355832366943359375e+02 1.606871337890625000e+02 2.004489135742187500e+02
-9.528400003910064697e-02 0.000000000000000000e+00 2.096068572998046875e+01 4.661307144165039062e+01 6.723249816894531250e+01 7.142562103271484375e+01 1.014189376831054688e+02 1.182145462036132812e+02 1.352370452880859375e+02 1.607816925048828125e+02 2.010177612304687500e+02
-9.644600003957748413e-02 0.000000000000000000e+00 2.162508392333984375e+01 4.635530471801757812e+01 6.691182708740234375e+01 7.138031005859375000e+01 1.009689712524414062e+02 1.180160598754882812e+02 1.349187011718750000e+02 1.608021392822265625e+02 2.015713653564453125e+02
-9.760800004005432129e-02 0.000000000000000000e+00 2.205411720275878906e+01 4.611823272705078125e+01 6.664532470703125000e+01 7.136476135253906250e+01 1.005203170776367188e+02 1.178081817626953125e+02 1.346209106445312500e+02 1.606815032958984375e+02 2.021369628906250000e+02
-9.877000004053115845e-02 0.000000000000000000e+00 2.208724212646484375e+01 4.589284515380859375e+01 6.619408416748046875e+01 7.122767639160156250e+01 1.000544509887695312e+02 1.175661315917968750e+02 1.343122406005859375e+02 1.603169097900390625e+02 2.026837158203125000e+02
-9.993200004100799561e-02 0.000000000000000000e+00 2.206875610351562500e+01 4.567545700073242188e+01 6.584204101562500000e+01 7.099819183349609375e+01 9.957910156250000000e+01 1.172967605590820312e+02 1.339760589599609375e+02 1.599667663574218750e+02 2.032063140869140625e+02
-1.010940000414848328e-01 0.000000000000000000e+00 2.186693000793457031e+01 4.545565795898437500e+01 6.535004425048828125e+01 7.054253387451171875e+01 9.906645202636718750e+01 1.169886703491210938e+02 1.335917205810546875e+02 1.594892120361328125e+02 2.036603546142578125e+02
-1.022560000419616699e-01 0.000000000000000000e+00 2.154730987548828125e+01 4.523112487792968750e+01 6.476718902587890625e+01 6.989793395996093750e+01 9.852063751220703125e+01 1.166513671875000000e+02 1.331645355224609375e+02 1.589321746826171875e+02 2.040419616699218750e+02
-1.034180000424385071e-01 0.000000000000000000e+00 2.113525009155273438e+01 4.500132369995117188e+01 6.410936737060546875e+01 6.909567260742187500e+01 9.794322967529296875e+01 1.162922897338867188e+02 1.327001953125000000e+02 1.583191223144531250e+02 2.043497772216796875e+02
-1.045800000429153442e-01 0.000000000000000000e+00 2.073633575439453125e+01 4.476852798461914062e+01 6.348566055297851562e+01 6.822089385986328125e+01 9.735408782958984375e+01 1.159214401245117188e+02 1.322074890136718750e+02 1.577441101074218750e+02 2.045964660644531250e+02
-1.057420000433921814e-01 0.000000000000000000e+00 2.003853797912597656e+01 4.452067184448242188e+01 6.251506805419921875e+01 6.709068298339843750e+01 9.667546081542968750e+01 1.155288696289062500e+02 1.316799468994140625e+02 1.569190826416015625e+02 2.047400054931640625e+02
-1.069040000438690186e-01 0.000000000000000000e+00 1.934527397155761719e+01 4.426806259155273438e+01 6.152202606201171875e+01 6.598307800292968750e+01 9.598670959472656250e+01 1.151312408447265625e+02 1.311297149658203125e+02 1.561540222167968750e+02 2.048230895996093750e+02
-1.080660000443458557e-01 0.000000000000000000e+00 1.860236930847167969e+01 4.400671386718750000e+01 6.041210556030273438e+01 6.490480804443359375e+01 9.526893615722656250e+01 1.147256546020507812e+02 1.305520324707031250e+02 1.553965911865234375e+02 2.048390350341796875e+02
-1.092280000448226929e-01 0.000000000000000000e+00 1.749551200866699219e+01 4.371767807006835938e+01 5.873731994628906250e+01 6.383204650878906250e+01 9.447760009765625000e+01 1.143097991943359375e+02 1.299482421875000000e+02 1.544598693847656250e+02 2.047593536376953125e+02
-1.103900000452995300e-01 0.000000000000000000e+00 1.624840927124023438e+01 4.340352630615234375e+01 5.685128402709960938e+01 6.290274047851562500e+01 9.365979003906250000e+01 1.138874282836914062e+02 1.293132781982421875e+02 1.535509490966796875e+02 2.046169586181640625e+02
-1.115520000457763672e-01 0.000000000000000000e+00 1.461312007904052734e+01 4.303340530395507812e+01 5.459078598022460938e+01 6.207291030883789062e+01 9.279204559326171875e+01 1.134563522338867188e+02 1.286418762207031250e+02 1.525839996337890625e+02 2.043996124267578125e+02
nan nan nan nan nan nan nan nan nan nan nan
nan nan nan nan nan nan nan nan nan nan nan
nan nan nan nan nan nan nan nan nan nan nan
nan nan nan nan nan nan nan nan nan nan nan
