-1.162000000476837158e-03 0.000000000000000000e+00 0.000000000000000000e+00 6.216883850097656250e+01 6.994806671142578125e+01 1.341056518554687500e+02 1.510354309082031250e+02 1.567370452880859375e+02 1.631886138916015625e+02 1.703125610351562500e+02 1.730276947021484375e+02
-2.324000000953674316e-03 0.000000000000000000e+00 5.810854721069335938e+01 6.967590332031250000e+01 1.169436721801757812e+02 1.273267745971679688e+02 1.410760803222656250e+02 1.470557098388671875e+02 1.493877563476562500e+02 1.683234252929687500e+02 2.218003234863281250e+02
-3.486000001430511475e-03 0.000000000000000000e+00 5.577959060668945312e+01 6.954682159423828125e+01 1.267775726318359375e+02 1.426355133056640625e+02 1.438212890625000000e+02 1.502492828369140625e+02 1.543200683593750000e+02 1.685575561523437500e+02 2.220886230468750000e+02
-4.648000001907348633e-03 0.000000000000000000e+00 5.443463516235351562e+01 6.946758270263671875e+01 1.391293029785156250e+02 1.391525878906250000e+02 1.470513916015625000e+02 1.621918029785156250e+02 1.678511352539062500e+02 1.864089965820312500e+02 2.213926391601562500e+02
-5.810000002384185791e-03 1.526112842559814453e+01 5.341098403930664062e+01 6.940638732910156250e+01 1.361836090087890625e+02 1.408359375000000000e+02 1.498247222900390625e+02 1.682599792480468750e+02 1.860997924804687500e+02 2.152216796875000000e+02 2.205450897216796875e+02
-6.972000002861022949e-03 4.667911529541015625e+01 5.252733612060546875e+01 6.935493469238281250e+01 1.336653137207031250e+02 1.409173431396484375e+02 1.527321929931640625e+02 1.684306030273437500e+02 2.072617034912109375e+02 2.196269836425781250e+02 2.211461334228515625e+02
-8.134000003337860107e-03 5.169066619873046875e+01 6.263480758666992188e+01 6.930931091308593750e+01 1.315852966308593750e+02 1.407072143554687500e+02 1.559527130126953125e+02 1.685327606201171875e+02 2.186447143554687500e+02 2.208896636962890625e+02 2.229370727539062500e+02
-9.296000003814697266e-03 5.097112274169921875e+01 6.926685333251953125e+01 7.348719787597656250e+01 1.299867095947265625e+02 1.404320526123046875e+02 1.593464965820312500e+02 1.685952911376953125e+02 2.176000518798828125e+02 2.204683074951171875e+02 2.336244659423828125e+02
-1.045800000429153442e-02 5.032426452636718750e+01 6.922573089599609375e+01 8.132015991210937500e+01 1.289059600830078125e+02 1.401541748046875000e+02 1.627390136718750000e+02 1.686274414062500000e+02 2.164856872558593750e+02 2.200202636718750000e+02 2.334921264648437500e+02
-1.162000000476837158e-02 4.974703598022460938e+01 6.918485260009765625e+01 8.711096191406250000e+01 1.283585052490234375e+02 1.398914031982421875e+02 1.659640045166015625e+02 1.686316223144531250e+02 2.152990875244140625e+02 2.195654602050781250e+02 2.322022247314453125e+02
-1.278200000524520874e-02 4.923367309570312500e+01 6.914369964599609375e+01 9.146182250976562500e+01 1.283360290527343750e+02 1.396467895507812500e+02 1.686073608398437500e+02 1.688889923095703125e+02 2.140374450683593750e+02 2.191060333251953125e+02 2.307993164062500000e+02
-1.394400000572204590e-02 4.877854537963867188e+01 6.910204315185546875e+01 9.477575683593750000e+01 1.288089447021484375e+02 1.394183807373046875e+02 1.685531616210937500e+02 1.714281921386718750e+02 2.126984252929687500e+02 2.186388702392578125e+02 2.292835083007812500e+02
-1.510600000619888306e-02 4.837670135498046875e+01 6.905975341796875000e+01 9.732614135742187500e+01 1.297311553955078125e+02 1.392026672363281250e+02 1.684672851562500000e+02 1.735419769287109375e+02 2.112801971435546875e+02 2.181574401855468750e+02 2.276576538085937500e+02
-1.626800000667572021e-02 4.802391052246093750e+01 6.901660919189453125e+01 9.929365539550781250e+01 1.310452728271484375e+02 1.389956512451171875e+02 1.683479919433593750e+02 1.752274169921875000e+02 2.097816314697265625e+02 2.176501770019531250e+02 2.259303131103515625e+02
-1.743000000715255737e-02 4.771645355224609375e+01 6.897229003906250000e+01 1.007903366088867188e+02 1.326874847412109375e+02 1.387932739257812500e+02 1.681931457519531250e+02 1.765059509277343750e+02 2.082022857666015625e+02 2.170948181152343750e+02 2.241218872070312500e+02
-1.859200000762939453e-02 4.745082855224609375e+01 6.892639923095703125e+01 1.018777236938476562e+02 1.345921325683593750e+02 1.385912933349609375e+02 1.679995727539062500e+02 1.774116973876953125e+02 2.065423583984375000e+02 2.164451751708984375e+02 2.222781829833984375e+02
-1.975400000810623169e-02 4.722344589233398438e+01 6.887854766845703125e+01 1.025819473266601562e+02 1.366955108642578125e+02 1.383856048583984375e+02 1.677624664306640625e+02 1.779822235107421875e+02 2.048024902343750000e+02 2.156030273437500000e+02 2.204984130859375000e+02
-2.091600000858306885e-02 4.703032684326171875e+01 6.882841491699218750e+01 1.029061355590820312e+02 1.381723785400390625e+02 1.389390411376953125e+02 1.674750671386718750e+02 1.782517395019531250e+02 2.029836730957031250e+02 2.143947906494140625e+02 2.189583129882812500e+02
-2.207800000905990601e-02 4.686691284179687500e+01 6.877581024169921875e+01 1.028404312133789062e+02 1.379485015869140625e+02 1.412712402343750000e+02 1.671289367675781250e+02 1.782469024658203125e+02 2.010870666503906250e+02 2.126729583740234375e+02 2.178084106445312500e+02
-2.324000000953674316e-02 4.672791671752929688e+01 6.872064971923828125e+01 1.023685226440429688e+02 1.377117156982421875e+02 1.436478729248046875e+02 1.667145996093750000e+02 1.779847564697265625e+02 1.991141204833984375e+02 2.104851531982421875e+02 2.170045013427734375e+02
-2.440200001001358032e-02 4.660730743408203125e+01 6.866292572021484375e+01 1.014709014892578125e+02 1.374604339599609375e+02 1.460306091308593750e+02 1.662223510742187500e+02 1.774722900390625000e+02 1.970664520263671875e+02 2.079710083007812500e+02 2.164100036621093750e+02
-2.556400001049041748e-02 4.649845123291015625e+01 6.860265350341796875e+01 1.001256942749023438e+02 1.371931304931640625e+02 1.483853302001953125e+02 1.656428985595703125e+02 1.767070465087890625e+02 1.949457550048828125e+02 2.052265014648437500e+02 2.159311981201171875e+02
-2.672600001096725464e-02 4.639443969726562500e+01 6.853974151611328125e+01 9.830812835693359375e+01 1.369074401855468750e+02 1.506808319091796875e+02 1.649675292968750000e+02 1.756783294677734375e+02 1.927534790039062500e+02 2.023015441894531250e+02 2.155191955566406250e+02
-2.788800001144409180e-02 4.628858184814453125e+01 6.847398376464843750e+01 9.598948669433593750e+01 1.365993499755859375e+02 1.528890838623046875e+02 1.641878204345703125e+02 1.743688354492187500e+02 1.904901733398437500e+02 1.992230987548828125e+02 2.151467742919921875e+02
-2.905000001192092896e-02 4.617488861083984375e+01 6.840498352050781250e+01 9.313532257080078125e+01 1.362625274658203125e+02 1.549861297607421875e+02 1.632951049804687500e+02 1.727568817138671875e+02 1.881546020507812500e+02 1.960085449218750000e+02 2.147955017089843750e+02
-3.021200001239776611e-02 4.604844665527343750e+01 6.833217620849609375e+01 8.970243072509765625e+01 1.358878021240234375e+02 1.569526214599609375e+02 1.622801818847656250e+02 1.708190765380859375e+02 1.857427215576171875e+02 1.926725616455078125e+02 2.144502410888671875e+02
-3.137400001287460327e-02 4.590546035766601562e+01 6.825487518310546875e+01 8.563328552246093750e+01 1.354626312255859375e+02 1.587635803222656250e+02 1.611418151855468750e+02 1.685327148437500000e+02 1.832467193603515625e+02 1.892316284179687500e+02 2.140968627929687500e+02
-3.253600001335144043e-02 4.574282073974609375e+01 6.817235565185546875e+01 8.084684753417968750e+01 1.349696655273437500e+02 1.596421966552734375e+02 1.606288299560546875e+02 1.658775634765625000e+02 1.806545257568359375e+02 1.857085876464843750e+02 2.137213439941406250e+02
-3.369800001382827759e-02 4.555701065063476562e+01 6.808383941650390625e+01 7.522315979003906250e+01 1.343842010498046875e+02 1.582092132568359375e+02 1.620828552246093750e+02 1.628372650146484375e+02 1.779499969482421875e+02 1.821386871337890625e+02 2.109777832031250000e+02
-3.486000001430511475e-02 4.534081649780273438e+01 6.798857879638671875e+01 6.857546997070312500e+01 1.336683044433593750e+02 1.564396667480468750e+02 1.594010620117187500e+02 1.634689788818359375e+02 1.751136322021484375e+02 1.785802459716796875e+02 2.062928009033203125e+02
-3.602200001478195190e-02 4.506834030151367188e+01 6.059857177734375000e+01 6.788594055175781250e+01 1.327587585449218750e+02 1.543338012695312500e+02 1.555718078613281250e+02 1.646779022216796875e+02 1.721233978271484375e+02 1.751378326416015625e+02 2.014890441894531250e+02
-3.718400001525878906e-02 4.451224517822265625e+01 5.087443542480468750e+01 6.777516174316406250e+01 1.315402069091796875e+02 1.513840026855468750e+02 1.517966613769531250e+02 1.655644531250000000e+02 1.689552612304687500e+02 1.720431671142578125e+02 1.966071624755859375e+02
-3.834600001573562622e-02 3.625784301757812500e+01 4.518985748291015625e+01 6.765560913085937500e+01 1.297866516113281250e+02 1.469596252441406250e+02 1.487111206054687500e+02 1.655258483886718750e+02 1.655838317871093750e+02 1.699960479736328125e+02 1.916845855712890625e+02
-3.950800001621246338e-02 8.253516197204589844e+00 4.467063140869140625e+01 6.752660369873046875e+01 1.270613632202148438e+02 1.425926055908203125e+02 1.449738616943359375e+02 1.619801177978515625e+02 1.638544158935546875e+02 1.697817993164062500e+02 1.867570495605468750e+02
-4.067000001668930054e-02 0.000000000000000000e+00 4.431357192993164062e+01 6.738706207275390625e+01 1.226142959594726562e+02 1.386922912597656250e+02 1.405016479492187500e+02 1.580887298583984375e+02 1.615474395751953125e+02 1.704040679931640625e+02 1.817835540771484375e+02
-4.183200001716613770e-02 0.000000000000000000e+00 4.398663711547851562e+01 6.723686218261718750e+01 1.160601272583007812e+02 1.352869873046875000e+02 1.356452941894531250e+02 1.539331359863281250e+02 1.592611999511718750e+02 1.712172546386718750e+02 1.769494934082031250e+02
-4.299400001764297485e-02 0.000000000000000000e+00 4.364434432983398438e+01 6.707466125488281250e+01 1.072472686767578125e+02 1.292947082519531250e+02 1.331113281250000000e+02 1.494791717529296875e+02 1.570848083496093750e+02 1.720486602783203125e+02 1.722028808593750000e+02
-4.415600001811981201e-02 0.000000000000000000e+00 4.329502487182617188e+01 6.686900329589843750e+01 9.718656921386718750e+01 1.224563140869140625e+02 1.308459014892578125e+02 1.447951354980468750e+02 1.551251983642578125e+02 1.676535491943359375e+02 1.728644104003906250e+02
-4.531800001859664917e-02 0.000000000000000000e+00 4.393232345581054688e+01 6.648899078369140625e+01 1.076989898681640625e+02 1.246522369384765625e+02 1.441109619140625000e+02 1.466296844482421875e+02 1.578114471435546875e+02 1.733478088378906250e+02 1.764567718505859375e+02
-4.648000001907348633e-02 4.051446914672851562e+01 4.408990097045898438e+01 6.659329986572265625e+01 9.275263977050781250e+01 1.248050689697265625e+02 1.441380767822265625e+02 1.489782409667968750e+02 1.562566223144531250e+02 1.737173461914062500e+02 1.814270019531250000e+02
-4.764200001955032349e-02 4.313990402221679688e+01 4.867968368530273438e+01 5.439044952392578125e+01 6.729751586914062500e+01 1.245774459838867188e+02 1.437396240234375000e+02 1.496751708984375000e+02 1.548063659667968750e+02 1.730610809326171875e+02 1.825893402099609375e+02
-4.880400002002716064e-02 4.299117279052734375e+01 6.165177536010742188e+01 7.098521423339843750e+01 9.762915802001953125e+01 1.215127029418945312e+02 1.410529022216796875e+02 1.577825317382812500e+02 1.637516937255859375e+02 1.683341369628906250e+02 1.867558746337890625e+02
-4.996600002050399780e-02 4.265081024169921875e+01 6.127226257324218750e+01 7.372299957275390625e+01 1.022364883422851562e+02 1.195053253173828125e+02 1.399046936035156250e+02 1.586617126464843750e+02 1.631233825683593750e+02 1.659797668457031250e+02 1.873405456542968750e+02
-5.112800002098083496e-02 4.229904174804687500e+01 6.051877975463867188e+01 7.584867858886718750e+01 1.044195022583007812e+02 1.175600128173828125e+02 1.388883819580078125e+02 1.576354827880859375e+02 1.625756225585937500e+02 1.648020782470703125e+02 1.875387268066406250e+02
-5.229000002145767212e-02 4.193164062500000000e+01 5.949871063232421875e+01 7.749790954589843750e+01 1.046883697509765625e+02 1.158677368164062500e+02 1.379729614257812500e+02 1.546548767089843750e+02 1.626911926269531250e+02 1.643622741699218750e+02 1.872170562744140625e+02
-5.345200002193450928e-02 4.154067230224609375e+01 5.814708709716796875e+01 7.878591918945312500e+01 1.026971130371093750e+02 1.145975341796875000e+02 1.371248931884765625e+02 1.508586425781250000e+02 1.619697418212890625e+02 1.648137054443359375e+02 1.863744049072265625e+02
-5.461400002241134644e-02 4.110536956787109375e+01 5.595567703247070312e+01 7.958437347412109375e+01 9.717349243164062500e+01 1.136839981079101562e+02 1.363178558349609375e+02 1.464259796142578125e+02 1.604388427734375000e+02 1.655610809326171875e+02 1.850868988037109375e+02
-5.577600002288818359e-02 4.042396926879882812e+01 4.971165466308593750e+01 7.949310302734375000e+01 8.461697387695312500e+01 1.126651000976562500e+02 1.353757324218750000e+02 1.409301147460937500e+02 1.581954956054687500e+02 1.661049499511718750e+02 1.834026794433593750e+02
-5.693800002336502075e-02 0.000000000000000000e+00 4.029100418090820312e+01 6.573403167724609375e+01 7.801550292968750000e+01 1.101426086425781250e+02 1.318929443359375000e+02 1.347285003662109375e+02 1.552905426025390625e+02 1.662116851806640625e+02 1.809049224853515625e+02
-5.810000002384185791e-02 3.818465805053710938e+01 4.765671539306640625e+01 7.120486450195312500e+01 8.182521057128906250e+01 1.047764968872070312e+02 1.279969558715820312e+02 1.346703338623046875e+02 1.568092651367187500e+02 1.659899902343750000e+02 1.788736877441406250e+02
-5.926200002431869507e-02 3.787522506713867188e+01 4.896213531494140625e+01 6.729576110839843750e+01 8.731392669677734375e+01 1.030491333007812500e+02 1.284017181396484375e+02 1.340982666015625000e+02 1.566593017578125000e+02 1.648006134033203125e+02 1.776102752685546875e+02
-6.042400002479553223e-02 3.718132019042968750e+01 4.703356933593750000e+01 6.315207672119140625e+01 9.104695892333984375e+01 1.013867034912109375e+02 1.289924926757812500e+02 1.332635803222656250e+02 1.564553222656250000e+02 1.634923095703125000e+02 1.761864318847656250e+02
-6.158600002527236938e-02 3.390784454345703125e+01 4.104064178466796875e+01 5.951876449584960938e+01 9.329279327392578125e+01 9.972768402099609375e+01 1.294451904296875000e+02 1.322086334228515625e+02 1.560204010009765625e+02 1.620578765869140625e+02 1.733031768798828125e+02
-6.274800002574920654e-02 0.000000000000000000e+00 3.808885574340820312e+01 5.718253326416015625e+01 9.375956726074218750e+01 9.844777679443359375e+01 1.290780181884765625e+02 1.311000518798828125e+02 1.547904968261718750e+02 1.605361175537109375e+02 1.685682830810546875e+02
-6.391000002622604370e-02 0.000000000000000000e+00 3.667656326293945312e+01 5.668736648559570312e+01 7.184260559082031250e+01 1.147737503051757812e+02 1.230704345703125000e+02 1.333282012939453125e+02 1.524310150146484375e+02 1.771305389404296875e+02 1.868962402343750000e+02
-6.507200002670288086e-02 3.600459289550781250e+01 5.563774490356445312e+01 7.023179626464843750e+01 1.042717895507812500e+02 1.172747039794921875e+02 1.230012664794921875e+02 1.435225219726562500e+02 1.598701782226562500e+02 1.780346832275390625e+02 1.881357879638671875e+02
-6.623400002717971802e-02 3.533728790283203125e+01 5.516284942626953125e+01 7.007373046875000000e+01 1.026315002441406250e+02 1.151552505493164062e+02 1.218789138793945312e+02 1.414616851806640625e+02 1.581962585449218750e+02 1.765702819824218750e+02 1.872403411865234375e+02
-6.739600002765655518e-02 3.459521865844726562e+01 5.468368911743164062e+01 6.970726776123046875e+01 1.006867218017578125e+02 1.126636581420898438e+02 1.206770172119140625e+02 1.393569030761718750e+02 1.565887603759765625e+02 1.747697753906250000e+02 1.866212768554687500e+02
-6.855800002813339233e-02 3.373355102539062500e+01 5.419270706176757812e+01 6.907882690429687500e+01 9.822664642333984375e+01 1.097913055419921875e+02 1.193995208740234375e+02 1.372522277832031250e+02 1.550348510742187500e+02 1.726696624755859375e+02 1.862834625244140625e+02
-6.972000002861022949e-02 3.266429138183593750e+01 5.367761230468750000e+01 6.804274749755859375e+01 9.485929870605468750e+01 1.066590576171875000e+02 1.180512466430664062e+02 1.351967926025390625e+02 1.535199432373046875e+02 1.703051452636718750e+02 1.861907043457031250e+02
-7.088200002908706665e-02 3.118361091613769531e+01 5.310709381103515625e+01 6.622359466552734375e+01 9.008833312988281250e+01 1.035666503906250000e+02 1.166408843994140625e+02 1.332451629638671875e+02 1.520336608886718750e+02 1.677225646972656250e+02 1.863043365478515625e+02
-7.204400002956390381e-02 2.865429496765136719e+01 5.235114669799804688e+01 6.253528594970703125e+01 8.392923736572265625e+01 1.007251281738281250e+02 1.151799240112304688e+02 1.314262390136718750e+02 1.505562896728515625e+02 1.649428710937500000e+02 1.865924224853515625e+02
-7.320600003004074097e-02 2.199137306213378906e+01 5.012246322631835938e+01 5.582920074462890625e+01 7.809293365478515625e+01 9.828323364257812500e+01 1.137198638916015625e+02 1.297894592285156250e+02 1.490824279785156250e+02 1.621573181152343750e+02 1.870449523925781250e+02
-7.436800003051757812e-02 0.000000000000000000e+00 4.135042953491210938e+01 5.274071884155273438e+01 7.436838531494140625e+01 9.628424072265625000e+01 1.123781738281250000e+02 1.283185729980468750e+02 1.475885314941406250e+02 1.596127471923828125e+02 1.876759490966796875e+02
-7.553000003099441528e-02 0.000000000000000000e+00 3.479997634887695312e+01 5.186602401733398438e+01 7.215184783935546875e+01 9.502255249023437500e+01 1.114289474487304688e+02 1.268623123168945312e+02 1.459966278076171875e+02 1.578126831054687500e+02 1.885318145751953125e+02
-7.669200003147125244e-02 2.844601631164550781e+01 5.144332885742187500e+01 5.751598739624023438e+01 8.581218719482421875e+01 1.015149230957031250e+02 1.153492355346679688e+02 1.274794845581054688e+02 1.458838806152343750e+02 1.745925445556640625e+02 1.912617340087890625e+02
-7.785400003194808960e-02 2.765229225158691406e+01 5.103931045532226562e+01 5.634819030761718750e+01 8.505599975585937500e+01 9.971042633056640625e+01 1.143343811035156250e+02 1.269101715087890625e+02 1.452716217041015625e+02 1.740463714599609375e+02 1.918539733886718750e+02
-7.901600003242492676e-02 2.675634193420410156e+01 5.060965347290039062e+01 5.488960266113281250e+01 8.413751983642578125e+01 9.750150299072265625e+01 1.133909530639648438e+02 1.262063751220703125e+02 1.445403594970703125e+02 1.732411651611328125e+02 1.925070495605468750e+02
-8.017800003290176392e-02 2.589829826354980469e+01 5.011366653442382812e+01 5.338442993164062500e+01 8.328432464599609375e+01 9.498556518554687500e+01 1.125196151733398438e+02 1.254790344238281250e+02 1.437694549560546875e+02 1.723197631835937500e+02 1.931990814208984375e+02
-8.134000003337860107e-02 2.475948905944824219e+01 4.926021957397460938e+01 5.157861709594726562e+01 8.225704956054687500e+01 9.242156219482421875e+01 1.116671447753906250e+02 1.247390213012695312e+02 1.429624176025390625e+02 1.713019866943359375e+02 1.939157409667968750e+02
-8.250200003385543823e-02 2.294758605957031250e+01 4.677415084838867188e+01 5.031101989746093750e+01 8.104153442382812500e+01 8.968402099609375000e+01 1.108129501342773438e+02 1.239875106811523438e+02 1.421298370361328125e+02 1.701613922119140625e+02 1.946427612304687500e+02
-8.366400003433227539e-02 1.936297035217285156e+01 4.232020950317382812e+01 4.973045349121093750e+01 7.962032318115234375e+01 8.701370239257812500e+01 1.099381942749023438e+02 1.232512817382812500e+02 1.412888183593750000e+02 1.689351959228515625e+02 1.953758392333984375e+02
-8.482600003480911255e-02 8.965447425842285156e+00 3.692210006713867188e+01 4.931672286987304688e+01 7.807219696044921875e+01 8.446583557128906250e+01 1.090460052490234375e+02 1.225434265136718750e+02 1.404516296386718750e+02 1.676342620849609375e+02 1.961074066162109375e+02
-8.598800003528594971e-02 0.000000000000000000e+00 3.177225685119628906e+01 4.894232559204101562e+01 7.634551239013671875e+01 8.178424835205078125e+01 1.080866546630859375e+02 1.218446121215820312e+02 1.396058959960937500e+02 1.660818786621093750e+02 1.968320159912109375e+02
-8.715000003576278687e-02 0.000000000000000000e+00 2.862751770019531250e+01 4.859708786010742188e+01 7.476590728759765625e+01 7.934552764892578125e+01 1.071274719238281250e+02 1.212062988281250000e+02 1.387845916748046875e+02 1.645822143554687500e+02 1.975475769042968750e+02
-8.831200003623962402e-02 0.000000000000000000e+00 2.609933090209960938e+01 4.825735855102539062e+01 7.323704528808593750e+01 7.654717254638671875e+01 1.061153640747070312e+02 1.205984725952148438e+02 1.379736938476562500e+02 1.628479766845703125e+02 1.982412109375000000e+02
-8.947400003671646118e-02 0.000000000000000000e+00 2.390159988403320312e+01 4.792680740356445312e+01 7.187324523925781250e+01 7.379701995849609375e+01 1.051164016723632812e+02 1.200552520751953125e+02 1.372047729492187500e+02 1.611645355224609375e+02 1.989096069335937500e+02
-9.063600003719329834e-02 0.000000000000000000e+00 2.163166046142578125e+01 4.759945678710937500e+01 7.036158752441406250e+01 7.119850921630859375e+01 1.041455917358398438e+02 1.195796432495117188e+02 1.365003356933593750e+02 1.594867858886718750e+02 1.995359649658203125e+02
-9.179800003767013550e-02 0.000000000000000000e+00 1.962839508056640625e+01 4.727870941162109375e+01 6.807889556884765625e+01 6.999407196044921875e+01 1.032863693237304688e+02 1.192056121826171875e+02 1.359238128662109375e+02 1.580897216796875000e+02 2.001039276123046875e+02
-9.296000003814697266e-02 0.000000000000000000e+00 1.880785751342773438e+01 4.696812057495117188e+01 6.658700561523437500e+01 6.939289855957031250e+01 1.026114501953125000e+02 1.189573059082031250e+02 1.355275726318359375e+02 1.572610778808593750e+02 2.005973815917968750e+02
-9.412200003862380981e-02 0.000000000000000000e+00 1.936388206481933594e+01 4.666604232788085938e+01 6.612559509277343750e+01 6.922126770019531250e+01 1.020941085815429688e+02 1.188034591674804688e+02 1.352700042724609375e+02 1.569629974365234375e+02 2.010286254882812500e+02
-9.528400003910064697e-02 0.000000000000000000e+00 2.039325141906738281e+01 4.637678909301757812e+01 6.628306579589843750e+01 6.941349029541015625e+01 1.016363830566406250e+02 1.186844406127929688e+02 1.350682830810546875e+02 1.569087829589843750e+02 2.015361175537109375e+02
-9.644600003957748413e-02 0.000000000000000000e+00 2.109443283081054688e+01 4.610148239135742188e+01 6.636351776123046875e+01 6.976699829101562500e+01 1.011660308837890625e+02 1.185507354736328125e+02 1.348674774169921875e+02 1.567673034667968750e+02 2.021702423095703125e+02
-9.760800004005432129e-02 0.000000000000000000e+00 2.141184806823730469e+01 4.583429336547851562e+01 6.618938446044921875e+01 6.996175384521484375e+01 1.006552276611328125e+02 1.183694152832031250e+02 1.346184387207031250e+02 1.565002593994140625e+02 2.027985992431640625e+02
-9.877000004053115845e-02 0.000000000000000000e+00 2.146608161926269531e+01 4.556818389892578125e+01 6.583591461181640625e+01 6.981489562988281250e+01 1.000996627807617188e+02 1.181342849731445312e+02 1.343015747070312500e+02 1.561315002441406250e+02 2.033380889892578125e+02
-9.993200004100799561e-02 0.000000000000000000e+00 2.134141921997070312e+01 4.530023193359375000e+01 6.536835479736328125e+01 6.932560729980468750e+01 9.950498199462890625e+01 1.178559341430664062e+02 1.339233703613281250e+02 1.556810150146484375e+02 2.037766418457031250e+02
-1.010940000414848328e-01 0.000000000000000000e+00 2.111897659301757812e+01 4.503092193603515625e+01 6.485527801513671875e+01 6.861088562011718750e+01 9.888475036621093750e+01 1.175493316650390625e+02 1.334999542236328125e+02 1.552066040039062500e+02 2.041262664794921875e+02
-1.022560000419616699e-01 0.000000000000000000e+00 2.080504798889160156e+01 4.475983047485351562e+01 6.428691101074218750e+01 6.769392395019531250e+01 9.823922729492187500e+01 1.172222976684570312e+02 1.330397338867187500e+02 1.547015228271484375e+02 2.043850555419921875e+02
-1.034180000424385071e-01 0.000000000000000000e+00 2.041728401184082031e+01 4.448687744140625000e+01 6.365699386596679688e+01 6.663813781738281250e+01 9.757263946533203125e+01 1.168811035156250000e+02 1.325502777099609375e+02 1.541808319091796875e+02 2.045561370849609375e+02
-1.045800000429153442e-01 0.000000000000000000e+00 1.994507026672363281e+01 4.420945358276367188e+01 6.290036392211914062e+01 6.549498748779296875e+01 9.688161468505859375e+01 1.165284957885742188e+02 1.320342712402343750e+02 1.536336212158203125e+02 2.046376190185546875e+02
nan nan nan nan nan nan nan nan nan nan nan
nan nan nan nan nan nan nan nan nan nan nan
nan nan nan nan nan nan nan nan nan nan nan
nan nan nan nan nan nan nan nan nan nan nan
nan nan nan nan nan nan nan nan nan nan nan
nan nan nan nan nan nan nan nan nan nan nan
nan nan nan nan nan nan nan nan nan nan nan
nan nan nan nan nan nan nan nan nan nan nan
nan nan nan nan nan nan nan nan nan nan nan
nan nan nan nan nan nan nan nan nan nan nan
