4.214684851089403467e-08
4.214684851089403467e-08
0.000000000000000000e+00
4.712160915387242321e-08
1.788139343261721132e-07
3.862822472100198475e-07
6.802506572314230804e-07
1.128560079858451597e-06
1.668797002325444397e-06
2.426648495891961726e-06
3.277374821202646481e-06
4.415573877684397242e-06
5.650468453345722598e-06
7.234571307653764956e-06
8.935902223952628715e-06
1.105290555396845407e-05
1.328088928133996912e-05
1.579979895733358639e-05
1.886458758310768937e-05
2.204615593818743058e-05
2.589445400995179857e-05
2.986938411879991000e-05
3.464968265396210588e-05
3.955911710780043165e-05
4.549064113364515653e-05
5.160668194554784917e-05
5.840954496933673662e-05
6.671789210042629141e-05
7.542266863436113242e-05
8.625673047933582872e-05
9.796472391977163426e-05
1.132947231734948186e-04
1.313500322286864565e-04
1.596594922467139141e-04
2.128951119301590979e-04
6.039266763961820836e-04
2.635789764396731169e-03
3.152104372623593630e-03
3.810946395342496105e-03
4.747329764699374788e-03
5.532381892003853004e-03
6.315481473938623115e-03
7.276123285483359834e-03
8.084431318804912586e-03
9.056938669603659467e-03
9.981094250774411036e-03
1.089089732816392320e-02
1.193135895080745662e-02
1.287520484446974360e-02
1.385044397727299738e-02
1.467024162555819258e-02
1.531136619603716033e-02
1.546871093944500800e-02
1.549958616111404668e-02
1.625444612236805544e-02
1.707537566292919792e-02
1.791950233213154484e-02
1.884777798853688041e-02
1.979864068565456714e-02
2.052933548782334000e-02
2.048106650290745442e-02
1.760343972617955249e-02
1.743031555244005729e-02
1.701324572377269431e-02
1.428981637370443925e-02
1.119682130826232976e-02
1.157862201113761709e-02
1.238229389036229512e-02
1.158307035445013504e-02
1.139637927884050786e-02
1.188415013828858849e-02
1.171441807491889822e-02
1.150457111937255861e-02
1.181237425608798290e-02
1.192510086049870452e-02
1.181387820641355800e-02
1.195273081292684558e-02
1.216057098063165996e-02
1.220287336830456516e-02
1.227240138234801312e-02
1.247829091040660726e-02
1.262432402803823940e-02
1.273228400807578826e-02
1.289812689042125517e-02
1.311785871275743427e-02
1.329328919138223625e-02
1.347921612386095147e-02
1.373481484660605927e-02
1.398890711341562419e-02
1.425697717765851344e-02
1.451441936626879717e-02
1.480247236842179015e-02
1.503880996019760392e-02
1.524987921456442443e-02
1.541896984465565210e-02
1.554995114615638843e-02
1.565459268409929300e-02
1.572471591030790566e-02
1.577694006433820809e-02
1.581720236116981870e-02
1.583521711979884658e-02
1.581618563377220135e-02
1.574608571214198074e-02
1.562978980936824067e-02
1.560355482010062321e-02
1.681989346658417303e-02
2.331425610923298225e-02
3.687907454209089081e-02
6.933503241503824466e-02
1.105540807581979895e-01
1.379022162743465674e-01
1.478587066854052667e-01
1.412528574071540977e-01
1.369025351945200308e-01
1.508906432421384114e-01
1.749894771623385636e-01
1.899820908317543244e-01
1.898427359731767183e-01
1.873002136186964761e-01
1.946347967424703618e-01
2.113710123538691810e-01
2.278919760130962147e-01
2.358213845179346624e-01
2.376538152147655292e-01
2.419694972126905930e-01
2.527528651756028033e-01
2.663463391103735312e-01
2.783408402340878385e-01
2.853653116538634182e-01
2.940174350455769803e-01
2.955216441861600596e-01
