5.652148925781250000e+03 0.000000000000000000e+00
5.652144042968750000e+03 -2.763897910540435987e-08
5.652112792968750000e+03 -1.956575772510404931e-07
5.652030273437500000e+03 -6.315184464256162755e-07
5.651873535156250000e+03 -1.458550286770332605e-06
5.651639648437500000e+03 -2.688507265702355653e-06
5.651274414062500000e+03 -4.605631147569511086e-06
5.650769042968750000e+03 -7.250485396070871502e-06
5.650103515625000000e+03 -1.072827490133931860e-05
5.649256835937500000e+03 -1.513855295343091711e-05
5.648210449218750000e+03 -2.057433266600128263e-05
5.646945312500000000e+03 -2.712054811127018183e-05
5.645443359375000000e+03 -3.485092747723683715e-05
5.643687500000000000e+03 -4.382002589409239590e-05
5.641661132812500000e+03 -5.403528120950795710e-05
5.639348144531250000e+03 -6.530123209813609719e-05
5.636733398437500000e+03 -7.574697519885376096e-05
5.633802246093750000e+03 -7.514600292779505253e-05
5.630540527343750000e+03 -7.610181637573987246e-05
5.626935546875000000e+03 -7.498725608456879854e-05
5.622974121093750000e+03 -7.466016541002318263e-05
5.618944335937500000e+03 -7.491767610190436244e-05
5.614260253906250000e+03 -7.565880514448508620e-05
5.609186523437500000e+03 -7.672489300603047013e-05
5.603711914062500000e+03 -7.707804616075009108e-05
5.597827636718750000e+03 -6.365137232933193445e-05
5.591524414062500000e+03 -7.301886216737329960e-05
5.584792968750000000e+03 -7.918552000774070621e-05
5.577626464843750000e+03 -8.628579234937205911e-05
5.570017089843750000e+03 -9.313094051321968436e-05
5.561958007812500000e+03 -1.011361018754541874e-04
5.553442871093750000e+03 -1.100930167012847960e-04
5.544466308593750000e+03 -1.188856986118480563e-04
5.535022460937500000e+03 -1.271013315999880433e-04
5.525106933593750000e+03 -1.386126677971333265e-04
5.514715332031250000e+03 -1.509374851593747735e-04
5.503844726562500000e+03 -1.637874956941232085e-04
5.492491699218750000e+03 -1.771070965332910419e-04
5.481457519531250000e+03 -1.890071434900164604e-04
5.469164062500000000e+03 -2.001145039685070515e-04
5.456381347656250000e+03 -2.027881710091605783e-04
5.443108398437500000e+03 -1.710065262159332633e-04
5.429344726562500000e+03 -1.860966876847669482e-04
5.415089843750000000e+03 -1.994909398490563035e-04
5.400343261718750000e+03 -2.144403406418859959e-04
5.385105957031250000e+03 -2.314511511940509081e-04
5.369378906250000000e+03 -2.492300991434603930e-04
5.353163574218750000e+03 -2.680832403711974621e-04
5.336461914062500000e+03 -2.890555479098111391e-04
5.319275878906250000e+03 -3.113272541668266058e-04
5.301607910156250000e+03 -3.344801953062415123e-04
5.283461425781250000e+03 -3.594610316213220358e-04
5.264839843750000000e+03 -3.861945879179984331e-04
5.245747070312500000e+03 -4.139759985264390707e-04
5.226186523437500000e+03 -4.432246496435254812e-04
5.207512695312500000e+03 -4.722142184618860483e-04
5.187062500000000000e+03 -5.046069854870438576e-04
5.166159179687500000e+03 -5.382501985877752304e-04
5.144808105468750000e+03 -5.735938902944326401e-04
5.123015625000000000e+03 -6.105380016379058361e-04
5.100788085937500000e+03 -6.487346254289150238e-04
5.078131347656250000e+03 -6.883693276904523373e-04
5.055052734375000000e+03 -7.295669056475162506e-04
5.031559570312500000e+03 -7.720185094512999058e-04
5.007658691406250000e+03 -8.156151161529123783e-04
4.983357910156250000e+03 -8.604677859693765640e-04
4.958665527343750000e+03 -9.063853649422526360e-04
4.933589355468750000e+03 -9.530645911581814289e-04
4.908138183593750000e+03 -1.000417978502810001e-03
4.882321289062500000e+03 -1.048268983140587807e-03
4.856146484375000000e+03 -1.096163061447441578e-03
4.831403320312500000e+03 -1.140390173532068729e-03
4.804564453125000000e+03 -1.185554894618690014e-03
4.777396484375000000e+03 -1.203011954203248024e-03
4.749908203125000000e+03 -9.987072553485631943e-04
4.722110839843750000e+03 -1.012705382890999317e-03
4.694015136718750000e+03 -1.052247476764023304e-03
4.665630371093750000e+03 -1.059090485796332359e-03
4.636967773437500000e+03 -1.074777916073799133e-03
4.608038085937500000e+03 -1.074653817340731621e-03
4.578853027343750000e+03 -1.091782702133059502e-03
4.549422851562500000e+03 -1.111093559302389622e-03
4.519759277343750000e+03 -1.120314700528979301e-03
4.489873535156250000e+03 -1.064335345290601254e-03
4.459777832031250000e+03 -1.070728292688727379e-03
4.431129394531250000e+03 -1.017812406644225121e-03
4.400213378906250000e+03 -1.028688158839941025e-03
4.369564941406250000e+03 -1.036499161273241043e-03
4.338753417968750000e+03 -1.073442865163087845e-03
4.307791503906250000e+03 -1.084950752556324005e-03
4.276691406250000000e+03 -1.090742181986570358e-03
4.245465332031250000e+03 -1.094434992410242558e-03
4.214125488281250000e+03 -1.113117905333638191e-03
4.182685058593750000e+03 -1.143760397098958492e-03
4.151156250000000000e+03 -1.159162144176661968e-03
4.119551757812500000e+03 -1.163487089797854424e-03
4.087884033203125000e+03 -1.171482377685606480e-03
4.056166259765625000e+03 -1.190512441098690033e-03
4.026529052734375000e+03 -1.213939278386533260e-03
3.994750488281250000e+03 -1.231333240866661072e-03
3.962959472656250000e+03 -1.240487908944487572e-03
3.931168212890625000e+03 -1.251706155017018318e-03
3.899390136718750000e+03 -1.269141212105751038e-03
3.867637695312500000e+03 -1.290801679715514183e-03
3.835924072265625000e+03 -1.311359810642898083e-03
3.804261474609375000e+03 -1.326518366113305092e-03
3.772663085937500000e+03 -1.338031259365379810e-03
3.741141357421875000e+03 -1.354167703539133072e-03
3.709709228515625000e+03 -1.375204534269869328e-03
3.678378906250000000e+03 -1.396366395056247711e-03
3.647163330078125000e+03 -1.414794358424842358e-03
3.617108886718750000e+03 -1.430304371751844883e-03
3.586154785156250000e+03 -1.446340349502861500e-03
3.555352050781250000e+03 -1.465598004870116711e-03
3.525540283203125000e+03 -1.488382462412118912e-03
3.495269775390625000e+03 -1.509284600615501404e-03
3.464964111328125000e+03 -1.527498359791934490e-03
3.434876708984375000e+03 -1.547183259390294552e-03
3.405376464843750000e+03 -1.565575599670410156e-03
3.375306640625000000e+03 -1.584887271746993065e-03
3.345891601562500000e+03 -1.606300240382552147e-03
3.317412109375000000e+03 -1.627446967177093029e-03
3.288050537109375000e+03 -1.648165169171988964e-03
3.260046142578125000e+03 -1.665119081735610962e-03
3.231415039062500000e+03 -1.684361719526350498e-03
3.203874511718750000e+03 -1.704231486655771732e-03
3.176104736328125000e+03 -1.724251662380993366e-03
3.148103271484375000e+03 -1.745560322888195515e-03
3.121617187500000000e+03 -1.765981782227754593e-03
3.094344482421875000e+03 -1.785271102562546730e-03
3.067973388671875000e+03 -1.793745555914938450e-03
3.042158203125000000e+03 -1.817191718146204948e-03
3.016988281250000000e+03 -1.839964883401989937e-03
2.991081298828125000e+03 -1.851509674452245235e-03
2.966507080078125000e+03 -1.856209943071007729e-03
2.942060546875000000e+03 -1.890674699097871780e-03
2.917491210937500000e+03 -1.903712982311844826e-03
2.893839599609375000e+03 -1.912132021971046925e-03
2.870226562500000000e+03 -1.935839303769171238e-03
2.847725585937500000e+03 -1.963503425940871239e-03
2.824790283203125000e+03 -1.980524510145187378e-03
2.802679443359375000e+03 -1.990486402064561844e-03
2.781136718750000000e+03 -2.016487531363964081e-03
2.759864990234375000e+03 -2.036609919741749763e-03
2.739145996093750000e+03 -2.047238638624548912e-03
2.718821289062500000e+03 -2.055298769846558571e-03
2.698656005859375000e+03 -2.061027800664305687e-03
2.679132324218750000e+03 -2.083370927721261978e-03
2.660387939453125000e+03 -2.105931285768747330e-03
2.642057617187500000e+03 -2.119442215189337730e-03
2.624075683593750000e+03 -2.121290192008018494e-03
2.606246337890625000e+03 -2.149080159142613411e-03
2.589267089843750000e+03 -2.172352513298392296e-03
2.576487060546875000e+03 -2.173545304685831070e-03
