1.645887049613486765e-07
1.519626234052416629e-07
2.795705652131703395e-07
6.222907608098220485e-07
1.287894871016347009e-06
2.287413183151596423e-06
3.867590574944341723e-06
6.047044702032178391e-06
8.935131884339258133e-06
1.260874238037837986e-05
1.716807784124785749e-05
2.269869972096496522e-05
2.927114559377058198e-05
3.696474445696969668e-05
4.581514617189786276e-05
5.589326050434022150e-05
6.900142265182200043e-05
1.005667192718320488e-04
1.442923066785485435e-04
1.989016399154866738e-04
2.662651534049254400e-04
3.361840405213227935e-04
4.171735201812077991e-04
5.445118005680884025e-04
1.246832515130461092e-03
1.491042350331054679e-03
1.635455194964044543e-03
1.924317409603016260e-03
2.226209645418530513e-03
2.477230301684788666e-03
2.837235925831466631e-03
3.210378155334486002e-03
3.581477256778162113e-03
4.020869377717694627e-03
4.268408845347206743e-03
4.546494776865299403e-03
5.211347031925103040e-03
5.730338521099745570e-03
6.011106182775097576e-03
6.380129905691428981e-03
6.400715515977306418e-03
5.391712327797562425e-03
6.071813098477721327e-03
7.002725362868517794e-03
7.515313750910898594e-03
8.311802713759071023e-03
9.242884941824552197e-03
1.001471620927978610e-02
1.098748005249185027e-02
1.203803366200056034e-02
1.303837210796153674e-02
1.419105944062195798e-02
1.540713194976802390e-02
1.663683254850524193e-02
1.798908044000320505e-02
1.931149496347134634e-02
2.077349848411804908e-02
2.234427641566390926e-02
2.399321161845476350e-02
2.571292867131343488e-02
2.753969312117757196e-02
2.945689804697479430e-02
3.146507257430865984e-02
3.358630022153893252e-02
3.581386799169727908e-02
3.815272701527579885e-02
4.061859007928466520e-02
4.321099267463801574e-02
4.593668625928278015e-02
4.880790032834683018e-02
5.182705596169434603e-02
5.479071203827980130e-02
5.834493737795617974e-02
6.293230949787265160e-02
6.918039812013163092e-02
7.316285012097223373e-02
7.729570492495746459e-02
8.338101270051481717e-02
9.202316290508673335e-02
9.898442636375172354e-02
1.036445938465594546e-01
1.088231364871055512e-01
1.154123499218687177e-01
1.243124195419020583e-01
1.279126674011603071e-01
1.335177605142821855e-01
1.409295942723142459e-01
1.487460610556157470e-01
1.495545524356815259e-01
1.564789788020517769e-01
1.643952347582307294e-01
1.706484694188584728e-01
1.739298194419393317e-01
1.798257954039152728e-01
1.880022869090072768e-01
1.950414913389489913e-01
2.000965490063154051e-01
2.059769938008625678e-01
2.140720014358971912e-01
2.218298882280473339e-01
2.287226506585443297e-01
2.355499549023788719e-01
2.430443637386397737e-01
2.514377023459366534e-01
2.593379183671424837e-01
2.666487967783039981e-01
2.743744957931246176e-01
2.828095941015683068e-01
2.909063454377027180e-01
2.992450483996660360e-01
3.073971361788156442e-01
3.159218398175490106e-01
3.249357637787790298e-01
3.336836274256880785e-01
3.426435108980206423e-01
3.510197360232023001e-01
3.597834708419724858e-01
3.696625349742259092e-01
3.787894254150880324e-01
3.878114189114370003e-01
3.973333428107868048e-01
4.062718485433445270e-01
4.160742623541958674e-01
4.258888346167093997e-01
4.353403999899213006e-01
4.449643369381700575e-01
4.546010562396738952e-01
4.642394691949831009e-01
4.741497119426922868e-01
4.840314548798694827e-01
4.929919062515067396e-01
5.018092298691323450e-01
5.119562378836456373e-01
5.198645135800588069e-01
5.290437648705842433e-01
5.388255074309568071e-01
5.488711123056269070e-01
5.581337726384474340e-01
5.679797739101947185e-01
5.778189876050373597e-01
5.867644357403501987e-01
5.958196721536382912e-01
6.056846730283086400e-01
6.153803329132211397e-01
6.244458192680052422e-01
6.342013337843024345e-01
6.461829462194573770e-01
6.544515481408110791e-01
6.615949880596648791e-01
6.708702657154228532e-01
6.791359806650657527e-01
6.862158413660959244e-01
6.948353621085781029e-01
7.049747879334721246e-01
7.156404737320277709e-01
7.222070710334841381e-01
7.277763699762183069e-01
7.354841022654088345e-01
7.429099162407267753e-01
7.486478587324505440e-01
7.531463826676483286e-01
