1.645887049613486765e-07
1.490116119384766948e-07
2.706930357901007877e-07
6.005001568678077477e-07
1.273155770498232199e-06
2.264290159789854044e-06
3.839818466574955723e-06
6.018851825192926295e-06
8.904662632445561806e-06
1.257098203866490886e-05
1.713056830120200639e-05
2.265749857392306615e-05
2.922763912993489596e-05
3.691811328708811285e-05
4.577117671412916217e-05
5.585345622499888248e-05
6.869484120116791650e-05
1.006109653528715613e-04
1.435835972865527881e-04
1.971073026462148606e-04
2.652931684047854467e-04
3.368335274739869389e-04
4.171920530488519726e-04
5.061446344638057503e-04
6.655120217892192399e-04
1.451318687461012431e-03
1.737733365072457277e-03
1.940553640127609366e-03
2.135412491432392770e-03
2.535634042025362508e-03
2.861889170868433824e-03
3.160963598254692454e-03
3.596350276448184551e-03
4.017778080533580300e-03
4.188749015203007547e-03
4.533113286883068589e-03
5.211330852261204447e-03
5.772748453715267902e-03
6.073102679931185501e-03
6.371584752260388111e-03
6.535210042510460060e-03
5.447204516268834736e-03
6.131630879817314382e-03
6.885316555738645906e-03
7.679324894474155727e-03
8.255916988990948460e-03
9.129230560404892961e-03
1.014211311127735486e-02
1.099031283757241281e-02
1.193484569659180976e-02
1.309712749615740343e-02
1.422469829012080675e-02
1.534643167705157865e-02
1.664357285404404613e-02
1.801853171418837593e-02
1.929307005886906831e-02
2.075847915902027246e-02
2.235574256401150553e-02
2.399559108496372023e-02
2.570013193477712482e-02
2.753511831377864275e-02
2.946385628512731072e-02
3.146097272828210500e-02
3.357465628253233914e-02
3.581518468540969419e-02
3.815423382218963155e-02
4.060830710971140983e-02
4.320584576169211183e-02
4.593789632206025236e-02
4.880133190031755996e-02
5.181858142108664717e-02
5.478486434574910552e-02
5.824300122135179364e-02
6.272234543974490595e-02
6.888376679264557323e-02
7.394260993205442611e-02
7.791059169307117116e-02
8.263283355248313145e-02
9.067934696963474150e-02
9.935693498705007454e-02
1.044566160922984766e-01
1.091375028663899016e-01
1.148853243267666940e-01
1.241274421659192273e-01
1.287031248360041014e-01
1.325910173851908014e-01
1.410708596319744934e-01
1.486833198172083370e-01
1.499438652070965716e-01
1.553755782782328398e-01
1.622208851799516183e-01
1.699806568592085176e-01
1.761328000837549534e-01
1.801958146223102686e-01
1.863556413645088283e-01
1.944529787471642179e-01
2.020797230798213329e-01
2.081274278241423137e-01
2.130965007875845474e-01
2.199294990664260319e-01
2.281759897213101740e-01
2.362830814092098108e-01
2.436922787668865942e-01
2.507426530188600622e-01
2.579559039426674860e-01
2.661261854061329202e-01
2.749978653283455254e-01
2.833514178632985381e-01
2.911075439039915724e-01
2.989684814380929589e-01
3.073889288088144656e-01
3.160738810690361666e-01
3.252139668442707854e-01
3.338549527855325660e-01
3.418291632054960005e-01
3.506569524022015161e-01
3.600221693225217345e-01
3.693413074629443016e-01
3.787301726896049603e-01
3.883814591929219961e-01
3.975073145465519153e-01
4.062446615750481271e-01
4.159638222133272834e-01
4.256445621022207915e-01
4.355390668659833708e-01
4.450029904080287091e-01
4.546997006869450964e-01
4.645051224905298870e-01
4.738978857778415321e-01
4.839785539875123832e-01
4.942837378361026879e-01
5.022544620445354990e-01
5.093730530006185253e-01
5.193452664814292019e-01
5.294591013022293957e-01
5.376442500986301498e-01
5.481224876589461115e-01
5.592159607179817415e-01
5.682334408167987183e-01
5.762183080859983875e-01
5.859718318305312534e-01
5.958566641686744436e-01
6.042103523582439406e-01
6.130890104450671396e-01
6.234230043769191099e-01
6.342040310383169066e-01
6.447126651050394397e-01
6.530032709348190245e-01
6.604544222338956105e-01
6.688074875952567666e-01
6.768638264116494385e-01
6.832509552090835214e-01
6.898108579843349464e-01
6.971003730549720778e-01
