5.652148925781250000e+03 0.000000000000000000e+00
5.652144042968750000e+03 -6.755477954811794916e-08
5.652112792968750000e+03 -4.836912239625235088e-07
5.652030273437500000e+03 -1.564802232678630389e-06
5.651873535156250000e+03 -3.617101583586190827e-06
5.651639648437500000e+03 -6.669824415439506993e-06
5.651274414062500000e+03 -1.142852124758064747e-05
5.650769042968750000e+03 -1.799395795387681574e-05
5.650103515625000000e+03 -2.662729821167886257e-05
5.649256835937500000e+03 -3.757566082640551031e-05
5.648210449218750000e+03 -5.106989556225016713e-05
5.646945312500000000e+03 -6.732068140991032124e-05
5.645443359375000000e+03 -8.651051757624372840e-05
5.643687500000000000e+03 -1.087728232960216701e-04
5.641661132812500000e+03 -1.341144525213167071e-04
5.639348144531250000e+03 -1.619384129298850894e-04
5.636733398437500000e+03 -1.860925985965877771e-04
5.633802246093750000e+03 -1.887334656203165650e-04
5.630541015625000000e+03 -1.878668554127216339e-04
5.626936035156250000e+03 -1.860919292084872723e-04
5.622974609375000000e+03 -1.853866415331140161e-04
5.618944824218750000e+03 -1.859688491094857454e-04
5.614260742187500000e+03 -1.738285209285095334e-04
5.609186523437500000e+03 -1.552721805637702346e-04
5.603712402343750000e+03 -1.641753187868744135e-04
5.597828125000000000e+03 -1.738277642289176583e-04
5.591524414062500000e+03 -1.853380090324208140e-04
5.584793457031250000e+03 -1.984954287763684988e-04
5.577626953125000000e+03 -2.139183634426444769e-04
5.570017578125000000e+03 -2.317919570486992598e-04
5.561958496093750000e+03 -2.521864080335944891e-04
5.553443359375000000e+03 -2.752314030658453703e-04
5.544466796875000000e+03 -3.006105835083872080e-04
5.535022949218750000e+03 -3.264488477725535631e-04
5.525107421875000000e+03 -3.452435194049030542e-04
5.514716308593750000e+03 -3.746277652680873871e-04
5.503845703125000000e+03 -4.064510867465287447e-04
5.492492187500000000e+03 -4.391598631627857685e-04
5.481458007812500000e+03 -4.684544983319938183e-04
5.469165039062500000e+03 -4.956677439622581005e-04
5.456382324218750000e+03 -4.640963161364197731e-04
5.443109375000000000e+03 -4.297191917430609465e-04
5.429345703125000000e+03 -4.594305355567485094e-04
5.415090332031250000e+03 -4.953541210852563381e-04
5.400344238281250000e+03 -5.326314130797982216e-04
5.385106933593750000e+03 -5.741121130995452404e-04
5.369379882812500000e+03 -6.183764780871570110e-04
5.353164550781250000e+03 -6.662255618721246719e-04
5.336462890625000000e+03 -7.175407954491674900e-04
5.319276855468750000e+03 -7.722694426774978638e-04
5.301609375000000000e+03 -8.307239040732383728e-04
5.283462890625000000e+03 -8.926398004405200481e-04
5.264841308593750000e+03 -9.583447244949638844e-04
5.245748535156250000e+03 -1.027623307891190052e-03
5.226188476562500000e+03 -1.100686611607670784e-03
5.207514648437500000e+03 -1.172187505289912224e-03
5.187064453125000000e+03 -1.252431306056678295e-03
5.166161132812500000e+03 -1.336394809186458588e-03
5.144810546875000000e+03 -1.424078480340540409e-03
5.123018554687500000e+03 -1.515456242486834526e-03
5.100790527343750000e+03 -1.610467676073312759e-03
5.078134277343750000e+03 -1.709048752672970295e-03
5.055056152343750000e+03 -1.811075722798705101e-03
5.031562500000000000e+03 -1.916408888064324856e-03
5.007662109375000000e+03 -2.024842891842126846e-03
4.983361328125000000e+03 -2.136131981387734413e-03
4.958668945312500000e+03 -2.249956829473376274e-03
4.933593261718750000e+03 -2.365926746279001236e-03
4.908142578125000000e+03 -2.483552088961005211e-03
4.882325683593750000e+03 -2.602211665362119675e-03
4.856151367187500000e+03 -2.721063792705535889e-03
4.831407714843750000e+03 -2.830798970535397530e-03
4.804569335937500000e+03 -2.937837503850460052e-03
4.777400878906250000e+03 -2.855185652151703835e-03
4.749912109375000000e+03 -2.470063511282205582e-03
4.722115234375000000e+03 -2.555120270699262619e-03
4.694019531250000000e+03 -2.591616939753293991e-03
4.665634765625000000e+03 -2.628205111250281334e-03
4.636972167968750000e+03 -2.642490901052951813e-03
4.608042968750000000e+03 -2.680897945538163185e-03
4.578857421875000000e+03 -2.728075487539172173e-03
4.549427246093750000e+03 -2.749785315245389938e-03
4.519763671875000000e+03 -2.759031252935528755e-03
4.489877929687500000e+03 -2.644116291776299477e-03
4.459782226562500000e+03 -2.639327896758913994e-03
4.430968261718750000e+03 -2.637123689055442810e-03
4.400597656250000000e+03 -2.540788846090435982e-03
4.369083007812500000e+03 -2.627743640914559364e-03
4.338269531250000000e+03 -2.662315266206860542e-03
4.307305175781250000e+03 -2.661193022504448891e-03
4.276203125000000000e+03 -2.721060067415237427e-03
4.244975097656250000e+03 -2.758222166448831558e-03
4.213633300781250000e+03 -2.767927246168255806e-03
4.182191406250000000e+03 -2.818711102008819580e-03
4.152766113281250000e+03 -2.860571956261992455e-03
4.121165039062500000e+03 -2.884974004700779915e-03
4.089500488281250000e+03 -2.926634624600410461e-03
4.057785156250000000e+03 -2.970424247905611992e-03
4.026031494140625000e+03 -3.001512726768851280e-03
3.994252929687500000e+03 -3.039386356249451637e-03
3.962461669921875000e+03 -3.082640469074249268e-03
3.930670654296875000e+03 -3.120367880910634995e-03
3.898892822265625000e+03 -3.159076906740665436e-03
3.867141113281250000e+03 -3.202851628884673119e-03
3.835427978515625000e+03 -3.245059400796890259e-03
3.803766601562500000e+03 -3.285572398453950882e-03
3.772169433593750000e+03 -3.328857943415641785e-03
3.740649169921875000e+03 -3.373206593096256256e-03
3.709218505859375000e+03 -3.416205523535609245e-03
3.677889892578125000e+03 -3.459779778495430946e-03
3.647195556640625000e+03 -3.504185704514384270e-03
3.616947021484375000e+03 -3.550256369635462761e-03
3.586225097656250000e+03 -3.597373375669121742e-03
3.556144531250000000e+03 -3.645717864856123924e-03
3.524928222656250000e+03 -3.694407409057021141e-03
3.494906494140625000e+03 -3.743303939700126648e-03
3.464757324218750000e+03 -3.787775523960590363e-03
3.435188232421875000e+03 -3.842175006866455078e-03
3.405089111328125000e+03 -3.890289925038814545e-03
3.375646728515625000e+03 -3.938289359211921692e-03
3.346658203125000000e+03 -3.985757008194923401e-03
3.316977294921875000e+03 -4.037735518068075180e-03
3.288698486328125000e+03 -4.086629953235387802e-03
3.260210205078125000e+03 -4.134032875299453735e-03
3.231245117187500000e+03 -4.185013938695192337e-03
3.203828125000000000e+03 -4.234335385262966156e-03
3.175306884765625000e+03 -4.285931121557950974e-03
3.148843505859375000e+03 -4.330044612288475037e-03
3.121687011718750000e+03 -4.379211459308862686e-03
3.094969482421875000e+03 -4.411540459841489792e-03
3.068231689453125000e+03 -4.496796987950801849e-03
3.042489501953125000e+03 -4.509458784013986588e-03
3.016835205078125000e+03 -4.572381265461444855e-03
2.991334716796875000e+03 -4.616021644324064255e-03
2.966552490234375000e+03 -4.669189918786287308e-03
2.942098632812500000e+03 -4.708919208496809006e-03
2.917940917968750000e+03 -4.700851161032915115e-03
2.894148925781250000e+03 -4.790005739778280258e-03
2.870712158203125000e+03 -4.815803840756416321e-03
2.847821533203125000e+03 -4.849919117987155914e-03
2.825255371093750000e+03 -4.900784697383642197e-03
2.822899414062500000e+03 -4.905038978904485703e-03
