5.652148925781250000e+03 0.000000000000000000e+00
5.652144042968750000e+03 -3.784862556699408742e-08
5.652112792968750000e+03 -2.693452074709057342e-07
5.652030273437500000e+03 -8.702694458406767808e-07
5.651873535156250000e+03 -2.010746584346634336e-06
5.651639648437500000e+03 -3.707001269503962249e-06
5.651274414062500000e+03 -6.351049250952200964e-06
5.650769042968750000e+03 -9.998861060012131929e-06
5.650103515625000000e+03 -1.479553429817315191e-05
5.649256835937500000e+03 -2.087837128783576190e-05
5.648210449218750000e+03 -2.837565079971682280e-05
5.646945312500000000e+03 -3.740447209565900266e-05
5.645443359375000000e+03 -4.806639117305167019e-05
5.643687500000000000e+03 -6.043616303941234946e-05
5.641661132812500000e+03 -7.452127465512603521e-05
5.639348144531250000e+03 -9.002682054415345192e-05
5.636733398437500000e+03 -1.040235292748548090e-04
5.633802246093750000e+03 -1.039843991748057306e-04
5.630541015625000000e+03 -1.044017335516400635e-04
5.626935546875000000e+03 -1.033830994856543839e-04
5.622974121093750000e+03 -1.029867344186641276e-04
5.618944824218750000e+03 -1.033408407238312066e-04
5.614260742187500000e+03 -1.043338634190149605e-04
5.609186523437500000e+03 -1.044788514263927937e-04
5.603711914062500000e+03 -8.473038906231522560e-05
5.597827636718750000e+03 -9.534968558000400662e-05
5.591524414062500000e+03 -1.026813624775968492e-04
5.584793457031250000e+03 -1.101268935599364340e-04
5.577626953125000000e+03 -1.187196612590923905e-04
5.570017578125000000e+03 -1.287408958887681365e-04
5.561958007812500000e+03 -1.398445165250450373e-04
5.553442871093750000e+03 -1.522725942777469754e-04
5.544466308593750000e+03 -1.654169318499043584e-04
5.535022460937500000e+03 -1.769399677868932486e-04
5.525106933593750000e+03 -1.908171398099511862e-04
5.514715820312500000e+03 -2.081664133584126830e-04
5.503845214843750000e+03 -2.259315806441009045e-04
5.492491699218750000e+03 -2.441074320813640952e-04
5.481457519531250000e+03 -2.604138280730694532e-04
5.469164062500000000e+03 -2.756303583737462759e-04
5.456381835937500000e+03 -2.744239172898232937e-04
5.443108886718750000e+03 -2.383109385846182704e-04
5.429345214843750000e+03 -2.561623405199497938e-04
5.415089843750000000e+03 -2.743582008406519890e-04
5.400343261718750000e+03 -2.962759754154831171e-04
5.385105957031250000e+03 -3.190330753568559885e-04
5.369379394531250000e+03 -3.432752855587750673e-04
5.353164062500000000e+03 -3.703487163875252008e-04
5.336461914062500000e+03 -3.986802767030894756e-04
5.319275878906250000e+03 -4.288990458007901907e-04
5.301608398437500000e+03 -4.616570950020104647e-04
5.283461914062500000e+03 -4.959606449119746685e-04
5.264840332031250000e+03 -5.323222721926867962e-04
5.245747558593750000e+03 -5.710396799258887768e-04
5.226187011718750000e+03 -6.115084397606551647e-04
5.207513183593750000e+03 -6.511884857900440693e-04
5.187062988281250000e+03 -6.958924932405352592e-04
5.166159667968750000e+03 -7.424773648381233215e-04
5.144808593750000000e+03 -7.911625434644520283e-04
5.123016601562500000e+03 -8.420064114034175873e-04
5.100788574218750000e+03 -8.947497117333114147e-04
5.078132324218750000e+03 -9.495055419392883778e-04
5.055053710937500000e+03 -1.006239559501409531e-03
5.031560058593750000e+03 -1.064730808138847351e-03
5.007659179687500000e+03 -1.124972361139953136e-03
4.983358886718750000e+03 -1.186833716928958893e-03
4.958666503906250000e+03 -1.250056666322052479e-03
4.933590332031250000e+03 -1.314489054493606091e-03
4.908139648437500000e+03 -1.379861729219555855e-03
4.882322265625000000e+03 -1.445778412744402885e-03
4.856147949218750000e+03 -1.511811395175755024e-03
4.831404296875000000e+03 -1.572818146087229252e-03
4.804565917968750000e+03 -1.633825828321278095e-03
4.777397460937500000e+03 -1.636151690036058426e-03
4.749909179687500000e+03 -1.342103118076920509e-03
4.722112304687500000e+03 -1.426069880835711956e-03
4.694016113281250000e+03 -1.439127139747142792e-03
4.665631347656250000e+03 -1.463882392272353172e-03
4.636968750000000000e+03 -1.471631461754441261e-03
4.608039550781250000e+03 -1.486160326749086380e-03
4.578854003906250000e+03 -1.512635149993002415e-03
4.549423828125000000e+03 -1.534023089334368706e-03
4.519760253906250000e+03 -1.540135242976248264e-03
4.489874511718750000e+03 -1.471181516535580158e-03
4.459779296875000000e+03 -1.479399157688021660e-03
4.430181152343750000e+03 -1.444379799067974091e-03
4.399450195312500000e+03 -1.415056642144918442e-03
4.368797363281250000e+03 -1.432059565559029579e-03
4.337982421875000000e+03 -1.489941263571381569e-03
4.307017089843750000e+03 -1.495130360126495361e-03
4.275913574218750000e+03 -1.497224788181483746e-03
4.244684082031250000e+03 -1.514376257546246052e-03
4.215434570312500000e+03 -1.554337679408490658e-03
4.183998046875000000e+03 -1.577543094754219055e-03
4.152472656250000000e+03 -1.580350799486041069e-03
4.120871093750000000e+03 -1.594675006344914436e-03
4.089205810546875000e+03 -1.627141260541975498e-03
4.057489990234375000e+03 -1.655862666666507721e-03
4.025736083984375000e+03 -1.667275675572454929e-03
3.993957275390625000e+03 -1.683832495473325253e-03
3.962165771484375000e+03 -1.710324664600193501e-03
3.930375000000000000e+03 -1.738272374495863914e-03
3.898597412109375000e+03 -1.760452985763549805e-03
3.866845703125000000e+03 -1.776341348886489868e-03
3.835133056640625000e+03 -1.798443961888551712e-03
3.803472167968750000e+03 -1.827245927415788174e-03
3.771875488281250000e+03 -1.853555906563997269e-03
3.740355957031250000e+03 -1.874829758889973164e-03
3.711018310546875000e+03 -1.893929671496152878e-03
3.679683593750000000e+03 -1.918983994983136654e-03
3.648462890625000000e+03 -1.947071170434355736e-03
3.617275878906250000e+03 -1.974383834749460220e-03
3.586161865234375000e+03 -1.998957945033907890e-03
3.556081298828125000e+03 -2.023956738412380219e-03
3.524806640625000000e+03 -2.052590018138289452e-03
3.495165283203125000e+03 -2.079746220260858536e-03
3.464891357421875000e+03 -2.109128516167402267e-03
3.434610107421875000e+03 -2.131556160748004913e-03
3.405493164062500000e+03 -2.158471615985035896e-03
3.375787841796875000e+03 -2.189682563766837120e-03
3.346270507812500000e+03 -2.213969826698303223e-03
3.317470214843750000e+03 -2.243748400360345840e-03
3.288301025390625000e+03 -2.270947210490703583e-03
3.259862792968750000e+03 -2.294873353093862534e-03
3.231445556640625000e+03 -2.324883826076984406e-03
3.203340087890625000e+03 -2.352974144741892815e-03
3.176144042968750000e+03 -2.379240468144416809e-03
3.148927978515625000e+03 -2.407159889116883278e-03
3.121732666015625000e+03 -2.433721674606204033e-03
3.095049316406250000e+03 -2.459801500663161278e-03
3.068360351562500000e+03 -2.483516931533813477e-03
3.042029296875000000e+03 -2.520804991945624352e-03
3.016997802734375000e+03 -2.517741871997714043e-03
2.990715332031250000e+03 -2.559970133006572723e-03
2.966581298828125000e+03 -2.566051203757524490e-03
2.941853759765625000e+03 -2.593991579487919807e-03
2.917754882812500000e+03 -2.620644401758909225e-03
2.893496337890625000e+03 -2.652749884873628616e-03
2.870594970703125000e+03 -2.675177529454231262e-03
2.847759521484375000e+03 -2.697598189115524292e-03
2.824931152343750000e+03 -2.730458043515682220e-03
2.802996093750000000e+03 -2.759102964773774147e-03
2.781425048828125000e+03 -2.779810223728418350e-03
2.759811523437500000e+03 -2.803085604682564735e-03
2.739188720703125000e+03 -2.827835269272327423e-03
2.718897949218750000e+03 -2.844965085387229919e-03
2.699024902343750000e+03 -2.847974654287099838e-03
2.679439697265625000e+03 -2.875209785997867584e-03
2.660519042968750000e+03 -2.911616116762161255e-03
2.641843261718750000e+03 -2.927885390818119049e-03
2.623926269531250000e+03 -2.951475558802485466e-03
2.606241210937500000e+03 -2.986583858728408813e-03
2.589401611328125000e+03 -3.002714598551392555e-03
2.572748291015625000e+03 -3.001938108354806900e-03
2.556626220703125000e+03 -3.011817578226327896e-03
2.540633056640625000e+03 -3.041349584236741066e-03
2.525530029296875000e+03 -3.077492816373705864e-03
2.511102539062500000e+03 -3.089092671871185303e-03
2.496897216796875000e+03 -3.103386610746383667e-03
2.483208496093750000e+03 -3.131793579086661339e-03
2.473868652343750000e+03 -3.145043738186359406e-03
