1.645887049613486765e-07
1.576990670600291121e-07
2.874031889734562838e-07
6.364034564513856551e-07
1.306382345813825350e-06
2.322765552196526888e-06
3.892826761743023450e-06
6.084456327466323415e-06
8.964383022213867901e-06
1.265679755366704904e-05
1.721911546278029987e-05
2.275087702492671908e-05
2.932714339215066750e-05
3.701871935852123387e-05
4.586777836464600463e-05
5.593977285191389606e-05
6.947768318440184485e-05
1.002064834429099540e-04
1.431634946987518230e-04
1.994658776326542016e-04
2.663431629695493623e-04
3.363223441091984481e-04
5.347112515034781969e-04
1.071690224443617046e-03
1.221417629869481040e-03
1.459319628231623344e-03
1.668142321554134076e-03
1.924454665091536671e-03
2.199996960363888310e-03
2.499790413889056272e-03
2.834717055645148264e-03
3.192314037206407575e-03
3.590065247909671447e-03
4.021077971362396405e-03
4.451380434351084187e-03
4.575964443497034309e-03
5.174506574318000866e-03
5.668859850293890036e-03
6.005075631948676891e-03
6.387303742462698518e-03
5.948439185236348639e-03
5.490066677293087109e-03
6.283449712834841480e-03
6.799092722867642116e-03
7.604438253025955913e-03
8.332326362164074046e-03
9.177947179480594117e-03
1.005955484829027143e-02
1.099533148990449252e-02
1.200681303194860161e-02
1.306192369413711543e-02
1.419839726039024211e-02
1.538751343260903043e-02
1.665623745074906736e-02
1.798880715550131570e-02
1.930386390461224372e-02
2.078473569154451125e-02
2.234606895694365644e-02
2.399041232778312618e-02
2.572091858834581538e-02
2.754210985440666212e-02
2.945712063882916301e-02
3.147143863513243711e-02
3.358919118300095902e-02
3.581636150207394981e-02
3.815860808602304644e-02
4.062253920024540277e-02
4.321487933858646213e-02
4.594272908534038219e-02
4.881288420312002857e-02
5.183142446728231795e-02
5.479644974692703813e-02
5.844728666199761058e-02
6.309085449150596270e-02
6.879526034353550257e-02
7.256808708766626648e-02
7.781845814485588431e-02
8.414016823329679984e-02
9.245779221031395767e-02
9.839145656672471096e-02
1.033830868073095516e-01
1.095213069989532245e-01
1.160837130310667098e-01
1.232855714095311972e-01
1.287443088764185506e-01
1.334090450312636067e-01
1.419815324194923789e-01
1.453375200756932828e-01
1.507969724254612787e-01
1.586619965158766188e-01
1.627587670155310196e-01
1.684362730495416183e-01
1.758471282125670110e-01
1.811217482855966843e-01
1.867265508318188549e-01
1.941963407621017657e-01
2.006460931936149272e-01
2.070563222382506841e-01
2.143717099051200281e-01
2.214700978709764068e-01
2.284358930374577046e-01
2.359215963963549878e-01
2.435413448776674872e-01
2.510173960122364378e-01
2.587393897438333701e-01
2.667273098378999951e-01
2.747177936835433210e-01
2.828070598548563241e-01
2.911267954570096461e-01
2.995513361107059458e-01
3.078718747175888115e-01
3.162269565849078479e-01
3.249072301929825657e-01
3.334258599959850078e-01
3.423659201497045723e-01
3.509612203976459344e-01
3.603716562618529129e-01
3.691523832653427206e-01
3.786172368233962082e-01
3.879814388760660648e-01
3.973293823850935769e-01
4.065166918077161018e-01
4.159099978830909650e-01
4.256490480532917342e-01
4.355226120733610151e-01
4.449386807745525640e-01
4.548331246165817632e-01
4.643535438706260510e-01
4.740031007937634544e-01
4.832667415770355301e-01
4.906140508692059532e-01
5.024140881469058018e-01
5.111032018739937177e-01
5.213570890828497228e-01
5.308608620280421686e-01
5.403118815264595920e-01
5.495480828045876676e-01
5.572097691666568764e-01
5.674926231662374976e-01
5.769574330818244556e-01
5.862862201001656226e-01
5.873208440187882573e-01
