0.000000000000000000e+00 1.000000000000000000e+00 0.000000000000000000e+00
5.750000011175870895e-03 9.999226535216045875e-01 -4.592546660302359905e-08
1.412499975413084030e-02 9.998117266933699288e-01 -1.280984095694803291e-07
1.912499964237213135e-02 9.997465389362278909e-01 -1.920727326237745005e-07
2.412500046193599701e-02 9.996821174011139011e-01 -2.777824939817981991e-07
2.912499941885471344e-02 9.996184529889609038e-01 -4.079475830723014260e-07
3.412500023841857910e-02 9.995555234991986282e-01 -6.814477014791778433e-07
3.912499919533729553e-02 9.994931368436213992e-01 -1.717354890840928923e-06
4.412499815225601196e-02 9.994002939998238855e-01 -1.728023820813151442e-05
4.912500083446502686e-02 9.992647810258727947e-01 -3.126017965268397363e-05
5.412499979138374329e-02 9.991269696737832273e-01 -4.079296357101864134e-05
5.912499874830245972e-02 9.989876687238756769e-01 -4.846429461298357448e-05
6.412500143051147461e-02 9.988470720208209030e-01 -5.505029741980603113e-05
6.912499666213989258e-02 9.987048431295126871e-01 -6.090231005840255105e-05
7.412499934434890747e-02 9.985608348523937750e-01 -6.621556833458408151e-05
7.912500202655792236e-02 9.984148531144368954e-01 -7.111674111678404600e-05
8.412499725818634033e-02 9.982667145521745278e-01 -7.570265895790523802e-05
8.912499994039535522e-02 9.981174767305309725e-01 -8.030958329709831853e-05
9.287499636411666870e-02 9.980066889150129850e-01 -8.391381065914596592e-05
9.568750113248825073e-02 9.979200222641949614e-01 -8.602798488980906643e-05
1.013125032186508179e-01 9.977342741500928591e-01 -8.929297687926729572e-05
1.069374978542327881e-01 9.975381650786468990e-01 -9.193586338545388999e-05
1.111562475562095642e-01 9.973867697416295419e-01 -9.381464246102577881e-05
1.161562502384185791e-01 9.972043666286743990e-01 -9.601588410455823449e-05
1.211562529206275940e-01 9.970199603389426901e-01 -9.820204462118194534e-05
1.261562556028366089e-01 9.968342562228584836e-01 -1.003645576428675954e-04
1.311562508344650269e-01 9.966481095926773559e-01 -1.025357900034402355e-04
1.361562460660934448e-01 9.964618569986832819e-01 -1.047023702502826507e-04
1.411562561988830566e-01 9.962759169979371610e-01 -1.068761581240068874e-04
1.461562514305114746e-01 9.960904102970437046e-01 -1.090275222696543883e-04
1.511562466621398926e-01 9.959060751873514139e-01 -1.112227620565948836e-04
1.561562567949295044e-01 9.957233387490976861e-01 -1.134720185528630766e-04
1.611562520265579224e-01 9.955429671467215247e-01 -1.158439846718368880e-04
1.661562472581863403e-01 9.953653045322583548e-01 -1.184987849083499612e-04
1.711562573909759521e-01 9.951716740926107585e-01 -1.211301266139256164e-04
1.752187460660934448e-01 9.950068151317357223e-01 -1.234089514771521479e-04
1.818984448909759521e-01 9.947416199578178464e-01 -1.291220260847017963e-04
1.866445243358612061e-01 9.945539810807233483e-01 -1.329570324812534262e-04
1.916445344686508179e-01 9.943564852654646069e-01 -1.367726835651674258e-04
1.966445297002792358e-01 9.941591387209685049e-01 -1.402269994867020838e-04
2.003945261240005493e-01 9.940113749481053196e-01 -1.427596749890829714e-04
2.053164094686508179e-01 9.938178108510188347e-01 -1.459404700188245087e-04
2.116445302963256836e-01 9.935695915406453915e-01 -1.498764371814359227e-04
2.158632874488830566e-01 9.934045644198062908e-01 -1.520839146369897226e-04
2.200820297002792358e-01 9.932399367364708187e-01 -1.537541044507049809e-04
2.264101505279541016e-01 9.929938413094783201e-01 -1.545354435985214921e-04
2.306289076805114746e-01 9.928303787673729008e-01 -1.532534398318488708e-04
2.369570285081863403e-01 9.925860381932650744e-01 -1.468622904036931897e-04
2.411757856607437134e-01 9.924236140965263520e-01 -1.381387853104135382e-04
2.453945279121398926e-01 9.922613982417157752e-01 -1.245966172160733738e-04
2.517226636409759521e-01 9.920178657568594627e-01 -9.305020209383848856e-05
2.559414207935333252e-01 9.918549311909699018e-01 -6.457021378952524054e-05
2.601601481437683105e-01 9.916911986714975757e-01 -3.100133271536965635e-05
2.664882838726043701e-01 9.914437492112606609e-01 2.578295686322709906e-05
2.707070410251617432e-01 9.912775481956591639e-01 6.348658623038858214e-05
2.770351469516754150e-01 9.910268120143724824e-01 1.138428199118462201e-04
2.812539041042327881e-01 9.908590666913756895e-01 1.415111538436677661e-04
2.854726612567901611e-01 9.906910873265658557e-01 1.640146337269585022e-04
2.918007671833038330e-01 9.904389515015237233e-01 1.884811526335379973e-04
2.960195243358612061e-01 9.902708744657212625e-01 1.988012325648524361e-04
3.002382814884185791e-01 9.901029126079763376e-01 2.044589407202126378e-04
3.065664172172546387e-01 9.898513711017111749e-01 2.044643756848026702e-04
3.107851445674896240e-01 9.896841602049011311e-01 1.989935619243677245e-04
3.150039017200469971e-01 9.895175786409977636e-01 1.895888955984714437e-04
3.213320374488830566e-01 9.892692611989192253e-01 1.699008083573861922e-04
3.266054689884185791e-01 9.890644580269780661e-01 1.511598806738277483e-04
3.329336047172546387e-01 9.888207864070285291e-01 1.273324470157208733e-04
3.353066444396972656e-01 9.887300647975166834e-01 1.182425677200446378e-04
3.400527238845825195e-01 9.885495236530396079e-01 1.032520985401770965e-04
3.471718728542327881e-01 9.882803488468777653e-01 8.521682542303334171e-05
3.519179821014404297e-01 9.881016846440264789e-01 7.555519505111491223e-05
3.566640615463256836e-01 9.879235069532901203e-01 6.741636707155024548e-05
3.625966906547546387e-01 9.877013681015529567e-01 5.890769155129142135e-05
3.675966858863830566e-01 9.875146312990050745e-01 5.259372041997126024e-05
3.725966811180114746e-01 9.873282593805432494e-01 4.667316783885448706e-05
3.775966763496398926e-01 9.871422394462253669e-01 4.115853692598389304e-05
3.825966715812683105e-01 9.869564701393607198e-01 3.584833581738425576e-05
3.875966668128967285e-01 9.867711200806252858e-01 3.087264148221499491e-05
3.925966918468475342e-01 9.865860676419908604e-01 2.609581601072624810e-05
3.975966870784759521e-01 9.864013211162770967e-01 2.147653252606230494e-05
4.025966823101043701e-01 9.862168639178436891e-01 1.697201317779107894e-05
4.075966775417327881e-01 9.860327006538133210e-01 1.253145926852445173e-05
4.125966727733612061e-01 9.858488377741568831e-01 8.098712496927394853e-06
4.175966680049896240e-01 9.856652844931191870e-01 3.612920830863109343e-06
4.225966930389404297e-01 9.854823697592325349e-01 -8.747111252342589062e-07
4.263466894626617432e-01 9.853452719352094880e-01 -5.182681339770411741e-06
4.300966858863830566e-01 9.852087702728123952e-01 -9.248249124789584345e-06
4.357216656208038330e-01 9.850045245626699586e-01 -1.714722217389063035e-05
4.420498013496398926e-01 9.847759689109911729e-01 -2.906228312187724794e-05
4.462685585021972656e-01 9.846245899292581649e-01 -3.895990478531750033e-05
4.504873156547546387e-01 9.844741858146039970e-01 -5.071612011983198912e-05
4.557607471942901611e-01 9.842879991024588993e-01 -6.841011525352219767e-05
4.611001014709472656e-01 9.841013498352346733e-01 -8.932259023765434834e-05
4.677743017673492432e-01 9.838728992259444528e-01 -1.184276534595351225e-04
4.717788100242614746e-01 9.837365431486120304e-01 -1.307733464932096291e-04
4.770347476005554199e-01 9.835580650735016306e-01 -1.300851575994261297e-04
4.804135560989379883e-01 9.834438710972882580e-01 -1.112540760909877475e-04
4.853233695030212402e-01 9.832749850508095690e-01 -7.185874875760884140e-05
4.917378425598144531e-01 9.830503325531447789e-01 8.838574046601995255e-06
4.960141479969024658e-01 9.828969946230090571e-01 7.528899426477542547e-05
5.002904534339904785e-01 9.827412738892190580e-01 1.417739847719957328e-04
5.059031248092651367e-01 9.825339607570482414e-01 2.257647037794048594e-04
5.113905072212219238e-01 9.823287005585749077e-01 2.970813193183014390e-04
5.174791812896728516e-01 9.821013095874141507e-01 3.553060949712559600e-04
5.205235481262207031e-01 9.819873533387115661e-01 3.775444943547824812e-04
5.266122817993164062e-01 9.817597928254500061e-01 4.106567461709469363e-04
5.327010154724121094e-01 9.815323926400447707e-01 4.331666058388309454e-04
5.357453823089599609e-01 9.814191661595146332e-01 4.416752768599468493e-04
5.403119325637817383e-01 9.812500884567482151e-01 4.515342666331120911e-04
5.494450330734252930e-01 9.809119772795893422e-01 4.628125740134197497e-04
5.540115833282470703e-01 9.807427650488517168e-01 4.652817036218689461e-04
5.585781335830688477e-01 9.805743986857686778e-01 4.664882657608548206e-04
5.635781288146972656e-01 9.803902317360403407e-01 4.664050496142843377e-04
5.685781240463256836e-01 9.802063504278948347e-01 4.650684442497105995e-04
5.735781192779541016e-01 9.800227105329577526e-01 4.627031548587596231e-04
5.785781145095825195e-01 9.798392475515171895e-01 4.595053800638171414e-04
5.835781097412109375e-01 9.796559338408391548e-01 4.556179406562289196e-04
5.885781049728393555e-01 9.794727288582475433e-01 4.511516595232313879e-04
5.935781002044677734e-01 9.792896510322313119e-01 4.461875572296732269e-04
5.985780954360961914e-01 9.791066377059273185e-01 4.407873980089086472e-04
6.035780906677246094e-01 9.789236741365442418e-01 4.350002045216767779e-04
6.085781455039978027e-01 9.787411159939235494e-01 4.284972513931385252e-04
6.135781407356262207e-01 9.785582058671591366e-01 4.223464551755195476e-04
6.185781359672546387e-01 9.783750616985817938e-01 4.151276344262459653e-04
6.235781311988830566e-01 9.781918327589542717e-01 4.085733550758177267e-04
6.285781264305114746e-01 9.780092230165637890e-01 3.993333753756279133e-04
6.323280930519104004e-01 9.778718644294185358e-01 3.942993384052589749e-04
6.360781192779541016e-01 9.777349481260143582e-01 3.905439218461225805e-04
6.426405906677246094e-01 9.774955583655315916e-01 3.795461090290603852e-04
6.454530954360961914e-01 9.773932876218344168e-01 3.772842999241778073e-04
6.538906097412109375e-01 9.770889448082964446e-01 3.667603008413084539e-04
6.570546627044677734e-01 9.769756169710758220e-01 3.655107988827470530e-04
6.612074971199035645e-01 9.768279789726515006e-01 3.678222785249424384e-04
6.661019325256347656e-01 9.766561333108063625e-01 3.592396415950019741e-04
6.714412569999694824e-01 9.764729596566462666e-01 3.380920863957796512e-04
6.754457950592041016e-01 9.763383026860186220e-01 3.116867248562799086e-04
6.814525723457336426e-01 9.761399844994291808e-01 2.597888958626899127e-04
6.854571104049682617e-01 9.760088012990169037e-01 2.280987691188204002e-04
6.914638876914978027e-01 9.758109346104129056e-01 2.061692988814939060e-04
6.954683661460876465e-01 9.756770092508066927e-01 2.141766934003231119e-04
7.014751434326171875e-01 9.754721360506067862e-01 2.557030982441372462e-04
7.052294015884399414e-01 9.753413195771296618e-01 2.968816473576181732e-04
7.114238739013671875e-01 9.751222011547733270e-01 3.740722718446151023e-04
7.164921164512634277e-01 9.749397554259369159e-01 4.394818907198698530e-04
7.207155823707580566e-01 9.747864174958011940e-01 4.915252399905292204e-04
7.257838249206542969e-01 9.746010268943896548e-01 5.491585043317454224e-04
7.308520078659057617e-01 9.744144089555970556e-01 6.016526677182330732e-04
7.371873259544372559e-01 9.741802639431422772e-01 6.593095075681013311e-04
7.421873211860656738e-01 9.739952419115149862e-01 6.994515801397498470e-04
7.471873164176940918e-01 9.738095251258445106e-01 7.363046712921437423e-04
7.521873116493225098e-01 9.736233936991668392e-01 7.702397263568381029e-04
7.559372782707214355e-01 9.734834053666119313e-01 7.932771375213844723e-04
7.646872997283935547e-01 9.731563862971061019e-01 8.439814698868904064e-04
7.696872949600219727e-01 9.729689132764143267e-01 8.720844840081993718e-04
7.746872901916503906e-01 9.727809426865139386e-01 8.999811854339452187e-04
7.796872854232788086e-01 9.725922644426281405e-01 9.288534450070293734e-04
7.846872806549072266e-01 9.724029928013898649e-01 9.609306780036520586e-04
7.884373068809509277e-01 9.722600817104469773e-01 9.821027085401010451e-04
7.921873331069946289e-01 9.721168315353023726e-01 1.003868409976867116e-03
7.953122854232788086e-01 9.719971311265144243e-01 1.022536757487605731e-03
8.009372949600219727e-01 9.717798131675536855e-01 1.054805042087167974e-03
8.063865303993225098e-01 9.715673216299158810e-01 1.084964992343515630e-03
8.123191595077514648e-01 9.713335562443387028e-01 1.107186510942984340e-03
8.158786892890930176e-01 9.711920788898560364e-01 1.113606895801525680e-03
8.229978680610656738e-01 9.709074471883727409e-01 1.104820897613746633e-03
8.265573978424072266e-01 9.707652566513577108e-01 1.090087320493615154e-03
8.301169872283935547e-01 9.706239783245583785e-01 1.071838293098597130e-03
8.372361063957214355e-01 9.703466922188725974e-01 1.043795603484923198e-03
8.407956957817077637e-01 9.702118528062019243e-01 1.041727005571558944e-03
8.452451825141906738e-01 9.700474946395211129e-01 1.054433664837897211e-03
8.505845069885253906e-01 9.698571338745706205e-01 1.064625267245343293e-03
8.551452159881591797e-01 9.697023843221618256e-01 1.022112830249583644e-03
8.600257039070129395e-01 9.695412161269626461e-01 9.330490936979579522e-04
8.656570911407470703e-01 9.693524180978968507e-01 8.618919457790356464e-04
8.701621294021606445e-01 9.691958127966249226e-01 8.430948148027134345e-04
8.763566613197326660e-01 9.689740867430460813e-01 8.550582156665083181e-04
8.822695612907409668e-01 9.687569217405457289e-01 8.816966687999485373e-04
8.873378038406372070e-01 9.685682877250340050e-01 9.077963765692596007e-04
8.924059867858886719e-01 9.683777224038534470e-01 9.326834033652780425e-04
8.962071537971496582e-01 9.682344261574860056e-01 9.547740508968702994e-04
9.004834890365600586e-01 9.680713893134813564e-01 9.761749258363880324e-04
9.058288335800170898e-01 9.678683294766191603e-01 1.002114968023438447e-03
9.115417003631591797e-01 9.676502835923347368e-01 1.032725912361329244e-03
9.156008958816528320e-01 9.674944006878396507e-01 1.052865011680529208e-03
9.215383529663085938e-01 9.672669783882472672e-01 1.090162186231014322e-03
9.271633625030517578e-01 9.670502114411136940e-01 1.126558668371559864e-03
9.327883720397949219e-01 9.668328031825558222e-01 1.166670218757961041e-03
9.356008768081665039e-01 9.667233305852770409e-01 1.183760698866729091e-03
9.413137435913085938e-01 9.665019344016549940e-01 1.236900183313710761e-03
9.460598826408386230e-01 9.663168902558405549e-01 1.286210933169304937e-03
9.514733552932739258e-01 9.661048852303177892e-01 1.350680555122486109e-03
9.550399184226989746e-01 9.659646223132737353e-01 1.398357504231918184e-03
9.605882167816162109e-01 9.657452790633491713e-01 1.480754446868159371e-03
9.653614759445190430e-01 9.655550565120678552e-01 1.564380915268607846e-03
9.704354405403137207e-01 9.653508835944576427e-01 1.663928590534965828e-03
9.755093455314636230e-01 9.651440238031211427e-01 1.777643598796088860e-03
9.800758957862854004e-01 9.649543356780269088e-01 1.883575161874006349e-03
9.853489995002746582e-01 9.647314652152683134e-01 1.994593995780760600e-03
9.904060959815979004e-01 9.645119708517324586e-01 2.079460643915738427e-03
9.954631924629211426e-01 9.642872280544704244e-01 2.104733877135935623e-03
1.000000000000000000e+00 9.640844299021550379e-01 2.069065248332737760e-03
