6.279363769531250000e+03 0.000000000000000000e+00
6.266855468750000000e+03 -8.466144208796322346e-05
6.254347167968750000e+03 -1.693372178124263883e-04
6.241838867187500000e+03 -2.540443383622914553e-04
6.229330566406250000e+03 -3.387632314115762711e-04
6.216822265625000000e+03 -4.219256807118654251e-04
6.204313964843750000e+03 -4.191211482975631952e-04
6.191805175781250000e+03 -4.048080591019243002e-04
6.179296386718750000e+03 -3.919115115422755480e-04
6.166788574218750000e+03 -3.787921741604804993e-04
6.154279785156250000e+03 -3.730769094545394182e-04
6.141771484375000000e+03 -3.662617527879774570e-04
6.129262695312500000e+03 -3.638476482592523098e-04
6.116754394531250000e+03 -3.614591259974986315e-04
6.104245605468750000e+03 -3.551332920324057341e-04
6.091737304687500000e+03 -3.529822279233485460e-04
6.079229003906250000e+03 -3.524628991726785898e-04
6.066720214843750000e+03 -3.527226799633353949e-04
6.054211914062500000e+03 -3.535658179316669703e-04
6.041703125000000000e+03 -3.550514811649918556e-04
6.029194824218750000e+03 -3.570226253941655159e-04
6.016686523437500000e+03 -3.594198788050562143e-04
6.004177734375000000e+03 -3.621923970058560371e-04
5.991669433593750000e+03 -3.652998129837214947e-04
5.979161132812500000e+03 -3.687077551148831844e-04
5.966652343750000000e+03 -3.723875270225107670e-04
5.954144042968750000e+03 -3.763150016311556101e-04
5.941635253906250000e+03 -3.804696898441761732e-04
5.929126953125000000e+03 -3.848342748824506998e-04
5.916618652343750000e+03 -3.893939137924462557e-04
5.904109863281250000e+03 -3.941358590964227915e-04
5.891601562500000000e+03 -3.990491968579590321e-04
5.879093261718750000e+03 -4.041244392283260822e-04
5.866584472656250000e+03 -4.093533498235046864e-04
5.854076171875000000e+03 -4.147287399973720312e-04
5.841567871093750000e+03 -4.202443524263799191e-04
5.829059082031250000e+03 -4.258946573827415705e-04
5.816550781250000000e+03 -4.316747363191097975e-04
5.804042480468750000e+03 -4.375803109724074602e-04
5.791533691406250000e+03 -4.436074523255228996e-04
5.779025390625000000e+03 -4.497527552302926779e-04
5.766516601562500000e+03 -4.560130473691970110e-04
5.754008300781250000e+03 -4.623855638783425093e-04
5.741500000000000000e+03 -4.688677145168185234e-04
5.728991210937500000e+03 -4.754571127705276012e-04
5.716482910156250000e+03 -4.821516340598464012e-04
5.703974609375000000e+03 -4.889492993243038654e-04
5.691465820312500000e+03 -4.958481877110898495e-04
5.678957519531250000e+03 -5.028466111980378628e-04
5.666449218750000000e+03 -5.099428817629814148e-04
5.653940429687500000e+03 -5.171355442143976688e-04
5.641432128906250000e+03 -5.244230269454419613e-04
5.628923828125000000e+03 -5.318039911799132824e-04
5.616415039062500000e+03 -5.392770399339497089e-04
5.603906738281250000e+03 -5.468409508466720581e-04
5.591398437500000000e+03 -5.544943851418793201e-04
5.578889648437500000e+03 -5.622362368740141392e-04
5.566381347656250000e+03 -5.700651672668755054e-04
5.553873046875000000e+03 -5.779801285825669765e-04
5.541364257812500000e+03 -5.859798984602093697e-04
5.528855957031250000e+03 -5.940634291619062424e-04
5.516347656250000000e+03 -6.022295565344393253e-04
5.503838867187500000e+03 -6.104772328399121761e-04
5.491330566406250000e+03 -6.188054103404283524e-04
5.478822265625000000e+03 -6.272129248827695847e-04
5.466313476562500000e+03 -6.356987869367003441e-04
5.453805175781250000e+03 -6.442618905566632748e-04
5.441296875000000000e+03 -6.529012462124228477e-04
5.428788085937500000e+03 -6.616158061660826206e-04
5.416279785156250000e+03 -6.704044644720852375e-04
5.403771484375000000e+03 -6.792662898078560829e-04
5.391262695312500000e+03 -6.882001180201768875e-04
5.378754394531250000e+03 -6.972050177864730358e-04
5.366246093750000000e+03 -7.062799413688480854e-04
5.353737304687500000e+03 -7.154237828217446804e-04
5.341229003906250000e+03 -7.246356108225882053e-04
5.328720703125000000e+03 -7.339143776334822178e-04
5.316211914062500000e+03 -7.432590355165302753e-04
5.303703613281250000e+03 -7.526791305281221867e-04
5.291195312500000000e+03 -7.621525437571108341e-04
5.278686523437500000e+03 -7.716888212598860264e-04
5.266178222656250000e+03 -7.812868570908904076e-04
5.253669921875000000e+03 -7.909456617198884487e-04
5.241161132812500000e+03 -8.006641292013227940e-04
5.228652832031250000e+03 -8.104409789666533470e-04
5.216144531250000000e+03 -8.202751050703227520e-04
5.203635742187500000e+03 -8.301624329760670662e-04
5.191127441406250000e+03 -8.401022641919553280e-04
5.178619140625000000e+03 -8.500827825628221035e-04
5.166110351562500000e+03 -8.600955479778349400e-04
5.153602050781250000e+03 -8.701118640601634979e-04
5.141093750000000000e+03 -8.801061194390058517e-04
5.128584960937500000e+03 -8.900552638806402683e-04
5.116076660156250000e+03 -8.999907877296209335e-04
5.103568359375000000e+03 -9.099922608584165573e-04
5.091059570312500000e+03 -9.201403590850532055e-04
5.078551269531250000e+03 -9.304291452281177044e-04
5.066042968750000000e+03 -9.408288169652223587e-04
5.053534179687500000e+03 -9.512974647805094719e-04
5.041025878906250000e+03 -9.618228650651872158e-04
5.028517578125000000e+03 -9.561587357893586159e-04
5.016008789062500000e+03 -9.395500528626143932e-04
5.003500488281250000e+03 -9.374053915962576866e-04
4.990991699218750000e+03 -9.364635334350168705e-04
4.978483398437500000e+03 -9.357528178952634335e-04
4.965974609375000000e+03 -9.352288325317203999e-04
4.953466308593750000e+03 -9.348663152195513248e-04
4.940958007812500000e+03 -9.346359292976558208e-04
4.928449218750000000e+03 -9.345153230242431164e-04
4.915940917968750000e+03 -9.344865684397518635e-04
4.903432617187500000e+03 -9.345220169052481651e-04
4.890923828125000000e+03 -9.346174192614853382e-04
4.878415527343750000e+03 -9.347596787847578526e-04
4.865906738281250000e+03 -9.349379688501358032e-04
4.853398437500000000e+03 -9.352052002213895321e-04
4.840890136718750000e+03 -9.357549715787172318e-04
4.828381347656250000e+03 -9.366290760226547718e-04
4.815873046875000000e+03 -9.376871748827397823e-04
4.803364257812500000e+03 -9.388258331455290318e-04
4.790855957031250000e+03 -9.400183334946632385e-04
4.778347656250000000e+03 -9.412616491317749023e-04
4.765838867187500000e+03 -9.425598545931279659e-04
4.753330566406250000e+03 -9.439121349714696407e-04
4.740821777343750000e+03 -9.453169768676161766e-04
4.728313476562500000e+03 -9.467687341384589672e-04
4.715805175781250000e+03 -9.482620516791939735e-04
4.703296386718750000e+03 -9.498007129877805710e-04
4.690788085937500000e+03 -9.513744735158979893e-04
4.678279785156250000e+03 -9.529844392091035843e-04
4.665770996093750000e+03 -9.546272340230643749e-04
4.653262695312500000e+03 -9.563001221977174282e-04
4.640753906250000000e+03 -9.580044425092637539e-04
4.628245605468750000e+03 -9.597354219295084476e-04
4.615737304687500000e+03 -9.614871232770383358e-04
4.603228515625000000e+03 -9.632458677515387535e-04
4.590720214843750000e+03 -9.649847634136676788e-04
4.578211425781250000e+03 -9.666664409451186657e-04
4.565703125000000000e+03 -9.682634845376014709e-04
4.553194824218750000e+03 -9.698404464870691299e-04
4.540686035156250000e+03 -9.714860352687537670e-04
4.528177734375000000e+03 -9.732351754792034626e-04
4.515669433593750000e+03 -9.750840254127979279e-04
4.503160644531250000e+03 -9.769927710294723511e-04
4.490652343750000000e+03 -9.789456380531191826e-04
4.478143554687500000e+03 -9.809338953346014023e-04
4.465635253906250000e+03 -9.829477639868855476e-04
4.453126953125000000e+03 -9.849822381511330605e-04
4.440618164062500000e+03 -9.870341746136546135e-04
4.428109863281250000e+03 -9.891091613098978996e-04
4.415601562500000000e+03 -9.912068489938974380e-04
4.403092773437500000e+03 -9.933271212503314018e-04
4.390584472656250000e+03 -9.954664856195449829e-04
4.378075683593750000e+03 -9.976228466257452965e-04
4.365567382812500000e+03 -9.997884044423699379e-04
4.353059082031250000e+03 -1.001968281343579292e-03
4.340550292968750000e+03 -1.004129182547330856e-03
4.328041992187500000e+03 -1.006357953883707523e-03
4.315533691406250000e+03 -1.008541323244571686e-03
4.303024902343750000e+03 -1.010756241157650948e-03
4.290516601562500000e+03 -1.012955210171639919e-03
4.278007812500000000e+03 -1.015152200125157833e-03
4.265499511718750000e+03 -1.017357455566525459e-03
4.252991210937500000e+03 -1.019581919535994530e-03
4.240482421875000000e+03 -1.021827687509357929e-03
4.227974121093750000e+03 -1.024096738547086716e-03
4.215465820312500000e+03 -1.026386162266135216e-03
4.202957031250000000e+03 -1.028694678097963333e-03
4.190448730468750000e+03 -1.031019375659525394e-03
4.177939941406250000e+03 -1.033354317769408226e-03
4.165431640625000000e+03 -1.035702647641301155e-03
4.152923339843750000e+03 -1.038063433952629566e-03
4.140414550781250000e+03 -1.040434814058244228e-03
4.127906250000000000e+03 -1.042815740220248699e-03
4.115397949218750000e+03 -1.045207725837826729e-03
4.102889160156250000e+03 -1.047608791850507259e-03
4.090380859375000000e+03 -1.050020102411508560e-03
4.077872314453125000e+03 -1.052440376952290535e-03
4.065363769531250000e+03 -1.054869499057531357e-03
4.052855224609375000e+03 -1.057307119481265545e-03
4.040346923828125000e+03 -1.059753005392849445e-03
4.027838378906250000e+03 -1.062208437360823154e-03
4.015329833984375000e+03 -1.064670272171497345e-03
4.002821289062500000e+03 -1.067142467945814133e-03
3.990312744140625000e+03 -1.069622696377336979e-03
3.977804443359375000e+03 -1.072110142558813095e-03
3.965295898437500000e+03 -1.074603991582989693e-03
3.952787353515625000e+03 -1.077106455340981483e-03
3.940278808593750000e+03 -1.079608686268329620e-03
3.927770507812500000e+03 -1.082115340977907181e-03
3.915261962890625000e+03 -1.084622344933450222e-03
3.902753417968750000e+03 -1.087120734155178070e-03
3.890244873046875000e+03 -1.089632045477628708e-03
3.877736572265625000e+03 -1.092127873562276363e-03
3.865228027343750000e+03 -1.094607869163155556e-03
3.852719482421875000e+03 -1.097071450203657150e-03
3.840210937500000000e+03 -1.099514425732195377e-03
3.827702636718750000e+03 -1.101920497603714466e-03
3.815194091796875000e+03 -1.104330411180853844e-03
3.802685546875000000e+03 -1.106717041693627834e-03
3.790177001953125000e+03 -1.109154429286718369e-03
3.777668701171875000e+03 -1.111590070649981499e-03
