3.074958740234375000e+03 0.000000000000000000e+00
3.067914794921875000e+03 -1.627337187528610229e-04
3.057655273437500000e+03 -4.008018295280635357e-04
3.051530273437500000e+03 -5.435452330857515335e-04
3.045405029296875000e+03 -6.867369520477950573e-04
3.039280029296875000e+03 -8.303500362671911716e-04
3.033154785156250000e+03 -9.738533990457653999e-04
3.027029296875000000e+03 -1.054657390341162682e-03
3.020904296875000000e+03 -1.027176738716661930e-03
3.014779052734375000e+03 -1.004530582576990128e-03
3.008653564453125000e+03 -9.841170394793152809e-04
3.002528320312500000e+03 -9.653387241996824741e-04
2.996402832031250000e+03 -9.477327694185078144e-04
2.990277587890625000e+03 -9.314405615441501141e-04
2.984152343750000000e+03 -9.165588999167084694e-04
2.978026855468750000e+03 -9.031526278704404831e-04
2.971901611328125000e+03 -8.912485791370272636e-04
2.965776123046875000e+03 -8.808303391560912132e-04
2.959650878906250000e+03 -8.718427270650863647e-04
2.953525634765625000e+03 -8.642085012979805470e-04
2.947400146484375000e+03 -8.578394190408289433e-04
2.945868896484375000e+03 -8.564300369471311569e-04
2.937063720703125000e+03 -8.496300433762371540e-04
2.933187500000000000e+03 -8.473868947476148605e-04
2.926727294921875000e+03 -8.443644037470221519e-04
2.921559082031250000e+03 -8.426359272561967373e-04
2.915098632812500000e+03 -8.412922616116702557e-04
2.907992431640625000e+03 -8.406739216297864914e-04
2.902178222656250000e+03 -8.407831774093210697e-04
2.896363769531250000e+03 -8.413805626332759857e-04
2.890549560546875000e+03 -8.424043771810829639e-04
2.884735351562500000e+03 -8.438022923655807972e-04
2.878921142578125000e+03 -8.455417118966579437e-04
2.871168701171875000e+03 -8.483928977511823177e-04
2.864385498046875000e+03 -8.514223736710846424e-04
2.860024658203125000e+03 -8.536967216059565544e-04
2.851303222656250000e+03 -8.586980984546244144e-04
2.846942626953125000e+03 -8.614732651039958000e-04
2.838221191406250000e+03 -8.675052085891366005e-04
2.833860595703125000e+03 -8.707382366992533207e-04
2.829499755859375000e+03 -8.741029887460172176e-04
2.820778564453125000e+03 -8.811994921416044235e-04
2.816417724609375000e+03 -8.849191362969577312e-04
2.807696289062500000e+03 -8.926817681640386581e-04
2.803335693359375000e+03 -8.967050234787166119e-04
2.798975097656250000e+03 -9.008323540911078453e-04
2.788489013671875000e+03 -9.111232939176261425e-04
2.782363769531250000e+03 -9.173642611131072044e-04
2.776238281250000000e+03 -9.237700724042952061e-04
2.770113037109375000e+03 -9.303318220190703869e-04
2.763987792968750000e+03 -9.370448533445596695e-04
2.757862548828125000e+03 -9.439042769372463226e-04
2.751737060546875000e+03 -9.509057854302227497e-04
2.745611816406250000e+03 -9.580453624948859215e-04
2.739486572265625000e+03 -9.653193992562592030e-04
2.733361328125000000e+03 -9.727246360853314400e-04
2.727235839843750000e+03 -9.802581043913960457e-04
2.721110595703125000e+03 -9.879171848297119141e-04
2.714985351562500000e+03 -9.956991998478770256e-04
2.708860107421875000e+03 -1.003573997877538204e-03
2.702734619140625000e+03 -1.011595828458666801e-03
2.696609375000000000e+03 -1.019735587760806084e-03
2.690484130859375000e+03 -1.027991878800094128e-03
2.684358886718750000e+03 -1.036360510624945164e-03
2.678233398437500000e+03 -1.044841716066002846e-03
2.672108154296875000e+03 -1.053433865308761597e-03
2.665982910156250000e+03 -1.062135910615324974e-03
2.659857666015625000e+03 -1.070946920663118362e-03
2.653732177734375000e+03 -1.079865847714245319e-03
2.647606933593750000e+03 -1.088891760446131229e-03
2.641481689453125000e+03 -1.098023960366845131e-03
2.635356445312500000e+03 -1.107261748984456062e-03
2.629230957031250000e+03 -1.116604427807033062e-03
2.623105712890625000e+03 -1.126051298342645168e-03
2.616980468750000000e+03 -1.135601778514683247e-03
2.610855224609375000e+03 -1.145255519077181816e-03
2.604729980468750000e+03 -1.155011821538209915e-03
2.598604492187500000e+03 -1.164870453067123890e-03
2.592479248046875000e+03 -1.174830831587314606e-03
2.586354003906250000e+03 -1.184892607852816582e-03
2.580228759765625000e+03 -1.195079414173960686e-03
2.574103271484375000e+03 -1.205314183607697487e-03
2.567978027343750000e+03 -1.215675030834972858e-03
2.561852783203125000e+03 -1.226140186190605164e-03
2.555727539062500000e+03 -1.236737822182476521e-03
2.549602050781250000e+03 -1.247402513399720192e-03
2.543476806640625000e+03 -1.258166623301804066e-03
2.537351562500000000e+03 -1.269030035473406315e-03
2.531226318359375000e+03 -1.279992517083883286e-03
2.525100830078125000e+03 -1.291053835302591324e-03
2.518975585937500000e+03 -1.302213990129530430e-03
2.512850341796875000e+03 -1.313472515903413296e-03
2.506725097656250000e+03 -1.324829296208918095e-03
2.500599609375000000e+03 -1.336284098215401173e-03
2.494474365234375000e+03 -1.347836689092218876e-03
2.488349121093750000e+03 -1.359487185254693031e-03
2.482223876953125000e+03 -1.371234306134283543e-03
2.476098388671875000e+03 -1.383076072670519352e-03
2.469973144531250000e+03 -1.395010272972285748e-03
2.463847900390625000e+03 -1.407032599672675133e-03
2.457722656250000000e+03 -1.419136999174952507e-03
2.451597412109375000e+03 -1.431316486559808254e-03
2.445471923828125000e+03 -1.443564658984541893e-03
2.439346679687500000e+03 -1.455877209082245827e-03
2.433221435546875000e+03 -1.468253321945667267e-03
2.427096191406250000e+03 -1.480677630752325058e-03
2.420970947265625000e+03 -1.493188785389065742e-03
2.414845458984375000e+03 -1.505783176980912685e-03
2.408720214843750000e+03 -1.518481993116438389e-03
2.402594970703125000e+03 -1.531307469122111797e-03
2.396469726562500000e+03 -1.544274389743804932e-03
2.390344238281250000e+03 -1.557399285957217216e-03
2.384218994140625000e+03 -1.570639549754559994e-03
2.378093750000000000e+03 -1.584000885486602783e-03
2.371968505859375000e+03 -1.597472582943737507e-03
2.365843261718750000e+03 -1.611045212484896183e-03
2.359717773437500000e+03 -1.624714001081883907e-03
2.353592529296875000e+03 -1.638475339859724045e-03
2.347467285156250000e+03 -1.652326900511980057e-03
2.341342041015625000e+03 -1.666269847191870213e-03
2.335216796875000000e+03 -1.680297427810728550e-03
2.329091308593750000e+03 -1.694394042715430260e-03
2.327560058593750000e+03 -1.697949483059346676e-03
2.316649414062500000e+03 -1.723378081806004047e-03
2.311481201171875000e+03 -1.735518453642725945e-03
2.306312988281250000e+03 -1.747724250890314579e-03
2.301144775390625000e+03 -1.759994309395551682e-03
2.295976562500000000e+03 -1.772329560481011868e-03
2.290808349609375000e+03 -1.784730819053947926e-03
2.283378906250000000e+03 -1.802657963708043098e-03
2.277564697265625000e+03 -1.816787174902856350e-03
2.271750488281250000e+03 -1.830998342484235764e-03
2.265118652343750000e+03 -1.847305684350430965e-03
2.260212890625000000e+03 -1.859436626546084881e-03
2.254080566406250000e+03 -1.874651410616934299e-03
2.247641845703125000e+03 -1.890793326310813427e-03
2.240915527343750000e+03 -1.907679717987775803e-03
2.234706787109375000e+03 -1.923354458995163441e-03
2.228497802734375000e+03 -1.939075998961925507e-03
2.222289062500000000e+03 -1.954826992005109787e-03
2.216080078125000000e+03 -1.970602897927165031e-03
2.209871337890625000e+03 -1.986420247703790665e-03
2.203662353515625000e+03 -2.002362161874771118e-03
2.199005615234375000e+03 -2.014459576457738876e-03
2.192796875000000000e+03 -2.030805917456746101e-03
2.186587890625000000e+03 -2.047368558123707771e-03
2.180379150390625000e+03 -2.064080210402607918e-03
2.174170166015625000e+03 -2.080867299810051918e-03
2.167961425781250000e+03 -2.097672782838344574e-03
2.161752441406250000e+03 -2.114481292665004730e-03
2.155543701171875000e+03 -2.131337765604257584e-03
2.149334716796875000e+03 -2.148316474631428719e-03
2.143513916015625000e+03 -2.164284698665142059e-03
2.137693115234375000e+03 -2.180350013077259064e-03
2.130708251953125000e+03 -2.199657494202256203e-03
2.124887451171875000e+03 -2.215723274275660515e-03
2.119066650390625000e+03 -2.231621881946921349e-03
2.113245849609375000e+03 -2.247818512842059135e-03
2.106260986328125000e+03 -2.267952077090740204e-03
2.100440185546875000e+03 -2.284869318827986717e-03
2.094328125000000000e+03 -2.302332082763314247e-03
2.088216308593750000e+03 -2.319868421182036400e-03
2.082104492187500000e+03 -2.337611047551035881e-03
2.075992675781250000e+03 -2.355387201532721519e-03
2.069880859375000000e+03 -2.372588496655225754e-03
2.063769042968750000e+03 -2.389985369518399239e-03
2.058093750000000000e+03 -2.406422747299075127e-03
2.051981933593750000e+03 -2.422546735033392906e-03
2.045869995117187500e+03 -2.436738461256027222e-03
2.039758178710937500e+03 -2.447037026286125183e-03
2.033646240234375000e+03 -2.450308296829462051e-03
2.027097900390625000e+03 -2.449291758239269257e-03
2.020985961914062500e+03 -2.447149716317653656e-03
2.014874145507812500e+03 -2.444942481815814972e-03
2.008762207031250000e+03 -2.447082893922924995e-03
2.002650390625000000e+03 -2.448040060698986053e-03
1.996538452148437500e+03 -2.449271501973271370e-03
1.990426635742187500e+03 -2.449219347909092903e-03
1.984532958984375000e+03 -2.449859865009784698e-03
1.978421142578125000e+03 -2.452678512781858444e-03
1.972309326171875000e+03 -2.454806352034211159e-03
1.966197387695312500e+03 -2.457340713590383530e-03
1.960085571289062500e+03 -2.458098810166120529e-03
1.953973632812500000e+03 -2.461231779307126999e-03
1.947861816406250000e+03 -2.464846707880496979e-03
1.941749877929687500e+03 -2.468019956722855568e-03
1.935638061523437500e+03 -2.471380168572068214e-03
1.929526245117187500e+03 -2.473401138558983803e-03
1.923196044921875000e+03 -2.477752743288874626e-03
1.917084228515625000e+03 -2.482284558936953545e-03
1.910972290039062500e+03 -2.486404730007052422e-03
1.904860473632812500e+03 -2.490374958142638206e-03
1.898748535156250000e+03 -2.494265558198094368e-03
1.892636718750000000e+03 -2.497678389772772789e-03
1.886524902343750000e+03 -2.502622315660119057e-03
1.880412963867187500e+03 -2.507728524506092072e-03
1.874301147460937500e+03 -2.512608421966433525e-03
1.868189208984375000e+03 -2.517296699807047844e-03
1.862077392578125000e+03 -2.521782880648970604e-03
1.855965454101562500e+03 -2.526430180296301842e-03
1.849899047851562500e+03 -2.531061880290508270e-03
