1.566976806640625000e+03 0.000000000000000000e+00
1.563387329101562500e+03 -2.250640245620161295e-04
1.558159179687500000e+03 -5.549647612497210503e-04
1.555037963867187500e+03 -7.531129522249102592e-04
1.551916748046875000e+03 -9.521504398435354233e-04
1.548795410156250000e+03 -1.152068958617746830e-03
1.545674194335937500e+03 -1.352821011096239090e-03
1.542552856445312500e+03 -1.554108457639813423e-03
1.539431640625000000e+03 -1.736530219204723835e-03
1.536310180664062500e+03 -1.755952369421720505e-03
1.533188842773437500e+03 -1.752935117110610008e-03
1.530067382812500000e+03 -1.748174196109175682e-03
1.526945922851562500e+03 -1.742843422107398510e-03
1.523824584960937500e+03 -1.737745129503309727e-03
1.520703125000000000e+03 -1.732641248963773251e-03
1.517581665039062500e+03 -1.727673108689486980e-03
1.514460327148437500e+03 -1.722923130728304386e-03
1.511338867187500000e+03 -1.718448940664529800e-03
1.508217407226562500e+03 -1.714297686703503132e-03
1.505096069335937500e+03 -1.710510812699794769e-03
1.501974609375000000e+03 -1.707123359665274620e-03
1.501047973632812500e+03 -1.706170034594833851e-03
1.497841186523437500e+03 -1.618560520000755787e-03
1.492831420898437500e+03 -1.600768300704658031e-03
1.489710083007812500e+03 -1.594146247953176498e-03
1.486588623046875000e+03 -1.589861465618014336e-03
1.483467163085937500e+03 -1.587398233823478222e-03
1.480345825195312500e+03 -1.586414058692753315e-03
1.477224365234375000e+03 -1.586661557666957378e-03
1.474102905273437500e+03 -1.587972976267337799e-03
1.470981567382812500e+03 -1.590195577591657639e-03
1.467860107421875000e+03 -1.593223190866410732e-03
1.464738647460937500e+03 -1.596968038938939571e-03
1.461617309570312500e+03 -1.601357245817780495e-03
1.458495849609375000e+03 -1.606330275535583496e-03
1.455374511718750000e+03 -1.611834974028170109e-03
1.452253051757812500e+03 -1.617826288565993309e-03
1.449131591796875000e+03 -1.624263939447700977e-03
1.446010253906250000e+03 -1.631111023016273975e-03
1.442888793945312500e+03 -1.638333080336451530e-03
1.439767456054687500e+03 -1.645896700210869312e-03
1.436645996093750000e+03 -1.653768704272806644e-03
1.433524536132812500e+03 -1.661914517171680927e-03
1.430403198242187500e+03 -1.670297468081116676e-03
1.427281738281250000e+03 -1.678875647485256195e-03
1.424160278320312500e+03 -1.687518903054296970e-03
1.421038940429687500e+03 -1.696405466645956039e-03
1.417917480468750000e+03 -1.705154427327215672e-03
1.417137207031250000e+03 -1.707379240542650223e-03
1.413784301757812500e+03 -1.482094754464924335e-03
1.409148193359375000e+03 -1.474649296142160892e-03
1.407368286132812500e+03 -1.471110852435231209e-03
1.404365112304687500e+03 -1.463885186240077019e-03
1.401361572265625000e+03 -1.455269404686987400e-03
1.398123779296875000e+03 -1.444548834115266800e-03
1.394956176757812500e+03 -1.435069367289543152e-03
1.391788574218750000e+03 -1.427744049578905106e-03
1.388621093750000000e+03 -1.420962624251842499e-03
1.385928588867187500e+03 -1.417248509824275970e-03
1.382721435546875000e+03 -1.422865432687103748e-03
1.379535156250000000e+03 -1.422083470970392227e-03
1.376237182617187500e+03 -1.423400128260254860e-03
1.373192871093750000e+03 -1.425412716343998909e-03
1.370148559570312500e+03 -1.427756506018340588e-03
1.367104248046875000e+03 -1.430318225175142288e-03
1.364059936523437500e+03 -1.433058991096913815e-03
1.360635131835937500e+03 -1.436335500329732895e-03
1.357210205078125000e+03 -1.439803512766957283e-03
1.352929199218750000e+03 -1.444371300749480724e-03
1.349807739257812500e+03 -1.447911723516881466e-03
1.346686401367187500e+03 -1.451539574190974236e-03
1.343564941406250000e+03 -1.455333549529314041e-03
1.340443481445312500e+03 -1.459290739148855209e-03
1.338102416992187500e+03 -1.462306245230138302e-03
1.335761352539062500e+03 -1.465406967326998711e-03
1.332640014648437500e+03 -1.469642273150384426e-03
1.329518554687500000e+03 -1.474004820920526981e-03
1.326397216796875000e+03 -1.478488324210047722e-03
1.323275756835937500e+03 -1.483089406974613667e-03
1.320154296875000000e+03 -1.487804111093282700e-03
1.317032958984375000e+03 -1.492630573920905590e-03
1.313911499023437500e+03 -1.497566816397011280e-03
1.310790039062500000e+03 -1.502610743045806885e-03
1.307668701171875000e+03 -1.507760374806821346e-03
1.304547241210937500e+03 -1.513013849034905434e-03
1.300401611328125000e+03 -1.520166755653917789e-03
1.298426391601562500e+03 -1.523623359389603138e-03
1.292342041015625000e+03 -1.534516457468271255e-03
1.289220581054687500e+03 -1.540255034342408180e-03
1.288440307617187500e+03 -1.541731180623173714e-03
1.285074951171875000e+03 -1.548041822388768196e-03
1.281618286132812500e+03 -1.554651302285492420e-03
1.278655395507812500e+03 -1.560398959554731846e-03
1.275692504882812500e+03 -1.566227641887962818e-03
1.273470336914062500e+03 -1.570651074871420860e-03
1.270137084960937500e+03 -1.577367191202938557e-03
1.266803710937500000e+03 -1.584179233759641647e-03
1.263470458984375000e+03 -1.591081148944795132e-03
1.260137207031250000e+03 -1.598063972778618336e-03
1.257915039062500000e+03 -1.602761214599013329e-03
1.254581787109375000e+03 -1.609868486411869526e-03
1.250554077148437500e+03 -1.618539798073470592e-03
1.248054077148437500e+03 -1.623994787223637104e-03
1.244304199218750000e+03 -1.632268424145877361e-03
1.241452636718750000e+03 -1.638548215851187706e-03
1.238288696289062500e+03 -1.645748503506183624e-03
1.235124755859375000e+03 -1.652881735935807228e-03
1.231960693359375000e+03 -1.660161418840289116e-03
1.228005737304687500e+03 -1.669453689828515053e-03
1.224884277343750000e+03 -1.676852116361260414e-03
1.221762695312500000e+03 -1.684318995103240013e-03
1.218641235351562500e+03 -1.691889134235680103e-03
1.216300292968750000e+03 -1.697608386166393757e-03
1.214215454101562500e+03 -1.702675945125520229e-03
1.209873901367187500e+03 -1.713612815365195274e-03
1.206540649414062500e+03 -1.722156070172786713e-03
1.204874023437500000e+03 -1.726454705931246281e-03
1.201540771484375000e+03 -1.735047553665935993e-03
1.197374145507812500e+03 -1.745935296639800072e-03
1.194874145507812500e+03 -1.752493786625564098e-03
1.192374145507812500e+03 -1.759103382937610149e-03
1.188624389648437500e+03 -1.769105787388980389e-03
1.184874389648437500e+03 -1.779252314008772373e-03
1.182999511718750000e+03 -1.784372376278042793e-03
1.179249511718750000e+03 -1.794707030057907104e-03
1.175499633789062500e+03 -1.805148436687886715e-03
1.173624633789062500e+03 -1.810435322113335133e-03
1.169874755859375000e+03 -1.821025041863322258e-03
1.167062377929687500e+03 -1.829098444432020187e-03
1.163940917968750000e+03 -1.838104333728551865e-03
1.160819458007812500e+03 -1.847119769081473351e-03
1.157698120117187500e+03 -1.856286427937448025e-03
1.154576660156250000e+03 -1.865537022240459919e-03
1.151455322265625000e+03 -1.874956768006086349e-03
1.148333862304687500e+03 -1.884356024675071239e-03
1.145212402343750000e+03 -1.893829205073416233e-03
1.142091064453125000e+03 -1.903375959955155849e-03
1.137408935546875000e+03 -1.917821005918085575e-03
1.135067871093750000e+03 -1.925099059008061886e-03
1.132726806640625000e+03 -1.932412502355873585e-03
1.129800537109375000e+03 -1.941566704772412777e-03
1.126581542968750000e+03 -1.951654441654682159e-03
1.123069946289062500e+03 -1.962669426575303078e-03
1.120436279296875000e+03 -1.971040619537234306e-03
1.117418457031250000e+03 -1.980610424652695656e-03
1.113714843750000000e+03 -1.992636360228061676e-03
1.110751953125000000e+03 -2.002332592383027077e-03
1.107789062500000000e+03 -2.012124983593821526e-03
1.104085449218750000e+03 -2.024532062932848930e-03
1.101863281250000000e+03 -2.032049233093857765e-03
1.098530029296875000e+03 -2.043416025117039680e-03
1.095196777343750000e+03 -2.054925076663494110e-03
1.091863525390625000e+03 -2.066529355943202972e-03
1.088530151367187500e+03 -2.078239107504487038e-03
1.086030273437500000e+03 -2.087106229737401009e-03
1.081030395507812500e+03 -2.104993909597396851e-03
1.078530395507812500e+03 -2.113990718498826027e-03
1.075409057617187500e+03 -2.125340513885021210e-03
1.072287597656250000e+03 -2.136792289093136787e-03
1.069166259765625000e+03 -2.148385159671306610e-03
1.067215332031250000e+03 -2.155614551156759262e-03
1.062825805664062500e+03 -2.172107342630624771e-03
1.060192138671875000e+03 -2.182069001719355583e-03
1.057558471679687500e+03 -2.192092593759298325e-03
1.054924804687500000e+03 -2.202180214226245880e-03
1.049657348632812500e+03 -2.222552197054028511e-03
1.047023681640625000e+03 -2.232838654890656471e-03
1.044390014648437500e+03 -2.243191935122013092e-03
1.041756347656250000e+03 -2.253615530207753181e-03
1.039122680664062500e+03 -2.264112001284956932e-03
1.033855224609375000e+03 -2.285355702042579651e-03
1.031221557617187500e+03 -2.296109450981020927e-03
1.028587890625000000e+03 -2.306970767676830292e-03
1.025954223632812500e+03 -2.317827427759766579e-03
1.023320495605468750e+03 -2.328795148059725761e-03
1.020686828613281250e+03 -2.339838305488228798e-03
1.016736328125000000e+03 -2.356502460315823555e-03
1.014102600097656250e+03 -2.367628738284111023e-03
1.010152099609375000e+03 -2.384267514571547508e-03
1.007518371582031250e+03 -2.395246876403689384e-03
1.004226257324218750e+03 -2.409222302958369255e-03
1.001263366699218750e+03 -2.421732526272535324e-03
9.983004760742187500e+02 -2.434311900287866592e-03
9.953375854492187500e+02 -2.446969738230109215e-03
9.923746948242187500e+02 -2.459724200889468193e-03
9.894118041992187500e+02 -2.472607418894767761e-03
9.854612426757812500e+02 -2.490042708814144135e-03
9.824983520507812500e+02 -2.503343392163515091e-03
9.795354614257812500e+02 -2.516796812415122986e-03
9.766960449218750000e+02 -2.529657911509275436e-03
9.737446899414062500e+02 -2.543419133871793747e-03
9.701510009765625000e+02 -2.560147317126393318e-03
9.673386230468750000e+02 -2.573339967057108879e-03
9.643263549804687500e+02 -2.587517024949193001e-03
9.609710693359375000e+02 -2.603505272418260574e-03
9.579402465820312500e+02 -2.617995953187346458e-03
9.550419311523437500e+02 -2.631943207234144211e-03
9.520065917968750000e+02 -2.646639244630932808e-03
9.488377685546875000e+02 -2.662081737071275711e-03
9.456303100585937500e+02 -2.677814802154898643e-03
9.426953735351562500e+02 -2.692301291972398758e-03
