0.000000000000000000e+00 1.000000000000000000e+00 0.000000000000000000e+00
5.750000011175870895e-03 9.997388506262590013e-01 -1.923994798109256582e-08
1.412499975413084030e-02 9.993561026398511959e-01 -4.957459467813467204e-08
1.912499964237213135e-02 9.991265073695915211e-01 -6.905220850096261703e-08
2.412500046193599701e-02 9.988960423035205816e-01 -8.961415736061264187e-08
2.912499941885471344e-02 9.986646630738320596e-01 -1.113402950700580433e-07
3.412500023841857910e-02 9.984323253127198594e-01 -1.343770743275643331e-07
3.912499919533729553e-02 9.981989790480237934e-01 -1.590204078304589456e-07
4.412499815225601196e-02 9.979645806591845858e-01 -1.860029795220765702e-07
4.912500083446502686e-02 9.977290787729529153e-01 -2.187244645634576813e-07
5.412499979138374329e-02 9.974927874199908118e-01 -2.882062538684757167e-07
5.912499874830245972e-02 9.972656171539038272e-01 -7.719551299741523144e-07
6.037500128149986267e-02 9.972083871675169187e-01 -9.159519324347333206e-07
6.506250053644180298e-02 9.969953385669734214e-01 -4.030510520491380579e-06
7.072656601667404175e-02 9.967240863168624898e-01 -6.374000433930921042e-06
7.824121415615081787e-02 9.962946971179690303e-01 -7.699545651645081911e-06
8.324120938777923584e-02 9.959950423731042113e-01 -8.342152755127363447e-06
8.824121206998825073e-02 9.956927169665300559e-01 -8.786959166800006738e-06
9.324120730161666870e-02 9.953929120249659368e-01 -8.938663495917978624e-06
9.574121236801147461e-02 9.952456277217734959e-01 -9.090734516196572954e-06
1.000185534358024597e-01 9.950292379919158936e-01 -1.222168320715135545e-05
1.058852523565292358e-01 9.946638012025779130e-01 -9.877077257306287784e-06
1.112246066331863403e-01 9.943374446977246706e-01 -8.095450786897415127e-06
1.152291223406791687e-01 9.941300776049158960e-01 -3.414368576185009588e-06
1.206241026520729065e-01 9.937960517278030537e-01 -2.967189846014883169e-06
1.262554526329040527e-01 9.934417747026792478e-01 -2.887292448558956620e-06
1.312554478645324707e-01 9.931243694727613924e-01 -2.817694101406007695e-06
1.362554579973220825e-01 9.928054338804537249e-01 -2.793686320306505187e-06
1.412554532289505005e-01 9.924841818216382228e-01 -2.767443045769452503e-06
1.462554484605789185e-01 9.921608172948166438e-01 -2.723668832386625947e-06
1.512554585933685303e-01 9.918359747129136261e-01 -2.703276425454105321e-06
1.562554538249969482e-01 9.915093820779260492e-01 -2.688110735811052490e-06
1.612554490566253662e-01 9.911811402682342287e-01 -2.678393192012793509e-06
1.662554442882537842e-01 9.908512858989541039e-01 -2.670242523192542084e-06
1.712554544210433960e-01 9.905198481127284182e-01 -2.664442508901951910e-06
1.762554496526718140e-01 9.901868388655137299e-01 -2.660410502427471858e-06
1.812554448843002319e-01 9.898522985086618542e-01 -2.657760429058322578e-06
1.862554550170898438e-01 9.895162270421730133e-01 -2.655794480988841442e-06
1.912554502487182617e-01 9.891786192353162477e-01 -2.654058399020049375e-06
1.962554454803466797e-01 9.888395049779818979e-01 -2.652001918369245537e-06
2.012554556131362915e-01 9.884988835229229220e-01 -2.648769654370078207e-06
2.062554508447647095e-01 9.881567339472159262e-01 -2.643976444478833767e-06
2.112554460763931274e-01 9.878131100526635899e-01 -2.636644673642285643e-06
2.162554562091827393e-01 9.874679662571830274e-01 -2.626186906269785168e-06
2.212554514408111572e-01 9.871212980772909873e-01 -2.611518575719591381e-06
2.262554466724395752e-01 9.867731331611355738e-01 -2.591983605829321966e-06
2.312554568052291870e-01 9.864234348936016250e-01 -2.566091971696298856e-06
2.362554520368576050e-01 9.860722152306446997e-01 -2.532802890697959195e-06
2.412554472684860229e-01 9.857194965896830530e-01 -2.490554504775160141e-06
2.462554574012756348e-01 9.853652356303754800e-01 -2.437437648258293312e-06
2.512554526329040527e-01 9.850094592536231541e-01 -2.371535174015920391e-06
2.562554478645324707e-01 9.846521495254920708e-01 -2.290500304228411931e-06
2.612554430961608887e-01 9.842933124239600096e-01 -2.191313537864797311e-06
2.653179466724395752e-01 9.840006470563478214e-01 -2.019406988647612203e-06
2.704741954803466797e-01 9.836277168714800956e-01 -1.328611581328157982e-06
2.760992050170898438e-01 9.832189995208052702e-01 -3.858330577701315734e-08
2.803179621696472168e-01 9.829112038906593352e-01 1.535125292954377198e-06
2.859429419040679932e-01 9.824990970264101398e-01 4.972808289247674927e-06
2.901616990566253662e-01 9.821887159207426388e-01 9.089867045316593586e-06
2.957867085933685303e-01 9.817731059613354905e-01 1.735470634424488080e-05
3.000054657459259033e-01 9.814598987665279495e-01 2.504448815961309052e-05
3.056304454803466797e-01 9.810396767970279708e-01 3.134041484609523498e-05
3.112554550170898438e-01 9.806152926602862419e-01 2.393696592148323912e-05
3.155620992183685303e-01 9.802868535773177072e-01 1.167239444321212977e-05
3.211980760097503662e-01 9.798551269889929083e-01 -2.646119695021811984e-07
3.265374302864074707e-01 9.794446879806294470e-01 -1.755604624427147084e-06
3.318767845630645752e-01 9.790345269482469970e-01 3.391926529854682153e-06
3.372161388397216797e-01 9.786245377827343939e-01 1.085092779705036340e-05
3.425554931163787842e-01 9.782143558274286610e-01 1.796627787546593052e-05
3.452251851558685303e-01 9.780090227416634585e-01 2.087464776842414292e-05
3.505645394325256348e-01 9.775975644880363635e-01 2.501205697174053430e-05
3.559038937091827393e-01 9.771847163545046566e-01 2.701033041771431822e-05
3.612432479858398438e-01 9.767701331128335607e-01 2.752735400818704192e-05
3.665826022624969482e-01 9.763537310713301665e-01 2.709213720888162033e-05
3.719219565391540527e-01 9.759354071098723660e-01 2.625890543189968808e-05
3.772613108158111572e-01 9.755151881293615546e-01 2.529755979046648888e-05
3.826006650924682617e-01 9.750931503490182228e-01 2.433014641370875896e-05
3.852703571319580078e-01 9.748812833332058947e-01 2.380588204106434631e-05
3.919445276260375977e-01 9.743501041124662532e-01 2.283549499967072591e-05
3.959490656852722168e-01 9.740297592118251080e-01 2.225255456832433710e-05
4.049535691738128662e-01 9.733064746763282482e-01 2.128226786530800250e-05
4.099535644054412842e-01 9.729024560164283297e-01 2.092939421140482093e-05
4.149535596370697021e-01 9.724971640471963275e-01 2.073326917049583525e-05
4.199535846710205078e-01 9.720903626384977958e-01 2.067799731928501321e-05
4.249535799026489258e-01 9.716820757022450739e-01 2.075162197186827722e-05
4.299535751342773438e-01 9.712722613925915960e-01 2.094822316398583273e-05
4.349535703659057617e-01 9.708612724102442249e-01 2.094048251426184877e-05
4.399535655975341797e-01 9.704486215499892321e-01 2.103785087557894404e-05
4.449535608291625977e-01 9.700346226556760820e-01 2.116827617137602535e-05
4.499535858631134033e-01 9.696192458374142120e-01 2.133397496762401652e-05
4.537035822868347168e-01 9.693068576256045343e-01 2.144006182176009118e-05
4.574535787105560303e-01 9.689936803206874449e-01 2.163586213119349767e-05
4.612035751342773438e-01 9.686797737024439581e-01 2.189946746732765942e-05
4.668285846710205078e-01 9.682076359822631151e-01 2.251376637807672184e-05
4.724535644054412842e-01 9.677340097455390255e-01 2.395441020445772379e-05
4.752660691738128662e-01 9.674965973348739201e-01 2.524658971913998099e-05
4.808910787105560303e-01 9.670206904995103381e-01 3.020656929076827240e-05
4.851098358631134033e-01 9.666627052598555370e-01 3.813749341609779268e-05
4.914379417896270752e-01 9.661240236766192035e-01 6.719448774264911940e-05
4.961840510368347168e-01 9.657185314451212088e-01 1.075829175847284287e-04
5.009301304817199707e-01 9.653110933817565797e-01 1.376459519146238275e-04
5.056762099266052246e-01 9.648986786516360326e-01 1.260193245417924753e-04
5.104223489761352539e-01 9.644813948583650376e-01 1.019631073710733897e-04
5.151684284210205078e-01 9.640625000000000444e-01 8.946273340884665251e-05
5.214965343475341797e-01 9.635043421641619199e-01 8.960754175494396333e-05
5.262426137924194336e-01 9.630861317842878133e-01 9.640209909517548196e-05
5.309887528419494629e-01 9.626678855365451426e-01 1.058032285571682170e-04
5.373168587684631348e-01 9.621097187337399603e-01 1.201677363252779887e-04
5.420629382133483887e-01 9.616894608963715285e-01 1.318101697290329118e-04
5.479955673217773438e-01 9.611647020240955408e-01 1.473587068357850736e-04
5.529955625534057617e-01 9.607206906908055677e-01 1.612660583623125657e-04
5.579955577850341797e-01 9.602759291212660253e-01 1.759540059774325818e-04
5.604955554008483887e-01 9.600530342303807974e-01 1.842188817630435391e-04
5.654955506324768066e-01 9.596067243645169942e-01 2.023260985719118504e-04
5.711205601692199707e-01 9.591038329360767056e-01 2.260554753367977987e-04
5.767455697059631348e-01 9.586005529390609903e-01 2.543931493095973485e-04
5.804955363273620605e-01 9.582651046767874936e-01 2.760474408641968420e-04
5.861205458641052246e-01 9.577623686757774646e-01 3.114763599885198801e-04
5.903393030166625977e-01 9.573853674878336495e-01 3.384746662199672267e-04
5.954955816268920898e-01 9.569221877678133481e-01 3.727170092351989798e-04
6.004174351692199707e-01 9.564769449710379678e-01 4.223973638981025976e-04
6.053392887115478516e-01 9.560286623724060240e-01 4.856943442001865840e-04
6.102612018585205078e-01 9.555724529748331753e-01 4.997956297423300411e-04
6.151830554008483887e-01 9.551102596211971107e-01 4.985422975986641752e-04
6.215111613273620605e-01 9.545147304553592837e-01 5.311468555924941243e-04
6.262573003768920898e-01 9.540704022892307901e-01 5.800411703537539966e-04
6.310033798217773438e-01 9.536285370500735548e-01 6.487038530168523975e-04
6.351562142372131348e-01 9.532434147789009549e-01 7.242141811434365563e-04
6.404955387115478516e-01 9.527533132345740174e-01 8.435834283109510138e-04
6.452416777610778809e-01 9.523220290166273250e-01 9.588950060957442166e-04
6.505810022354125977e-01 9.518353797546446060e-01 1.067008607884929175e-03
6.553270816802978516e-01 9.513960970020199914e-01 1.181645795016984584e-03
6.600732207298278809e-01 9.509480714564458870e-01 1.263590213951237785e-03
6.654125452041625977e-01 9.504273895652239901e-01 1.319631423352397555e-03
6.701586246490478516e-01 9.499661616550486576e-01 1.458676041165014653e-03
6.754980087280273438e-01 9.494644090314336982e-01 1.705827839110670525e-03
6.802440881729125977e-01 9.490327751017690883e-01 1.969393506923455307e-03
6.855834722518920898e-01 9.485464845184715665e-01 2.183106456984502085e-03
6.903295516967773438e-01 9.481025419319294434e-01 2.394005787594428308e-03
6.950756311416625977e-01 9.476324875371112677e-01 2.548670792089269884e-03
7.004150152206420898e-01 9.471211552036147285e-01 2.976203174946007082e-03
7.051610946655273438e-01 9.466975915443651690e-01 3.452465186273199170e-03
7.078307867050170898e-01 9.464550171496235453e-01 3.599923924998135044e-03
