1.566976806640625000e+03 0.000000000000000000e+00
1.563387329101562500e+03 -1.919983042171224952e-04
1.558159179687500000e+03 -4.733873356599360704e-04
1.555037841796875000e+03 -6.423696759156882763e-04
1.551916625976562500e+03 -8.120794082060456276e-04
1.548795288085937500e+03 -9.824164444580674171e-04
1.545674072265625000e+03 -1.148592680692672729e-03
1.542552490234375000e+03 -1.191917690448462963e-03
1.539431152343750000e+03 -1.182338804937899113e-03
1.536309814453125000e+03 -1.175122917629778385e-03
1.533188354492187500e+03 -1.168345450423657894e-03
1.530066894531250000e+03 -1.162179047241806984e-03
1.526945556640625000e+03 -1.156260841526091099e-03
1.523824096679687500e+03 -1.150613999925553799e-03
1.520702636718750000e+03 -1.145256916061043739e-03
1.517581298828125000e+03 -1.140212523750960827e-03
1.514459838867187500e+03 -1.135509577579796314e-03
1.511338378906250000e+03 -1.131179393269121647e-03
1.508217041015625000e+03 -1.127253402955830097e-03
1.505095581054687500e+03 -1.123760710470378399e-03
1.501974121093750000e+03 -1.120725995860993862e-03
1.498852783203125000e+03 -1.118168001994490623e-03
1.498072387695312500e+03 -1.117572886869311333e-03
1.495145996093750000e+03 -1.115716295316815376e-03
1.491927124023437500e+03 -1.114238286390900612e-03
1.488561767578125000e+03 -1.113138045184314251e-03
1.485818359375000000e+03 -1.101816305890679359e-03
1.482639404296875000e+03 -1.101089641451835632e-03
1.479445068359375000e+03 -1.100890571251511574e-03
1.476320068359375000e+03 -1.101859263144433498e-03
1.473195190429687500e+03 -1.104085939005017281e-03
1.469757690429687500e+03 -1.107246149331331253e-03
1.466945312500000000e+03 -1.110203564167022705e-03
1.463898437500000000e+03 -1.113703823648393154e-03
1.458888793945312500e+03 -1.119962893426418304e-03
1.457109008789062500e+03 -1.122274319641292095e-03
1.453549560546875000e+03 -1.126157236285507679e-03
1.451213623046875000e+03 -1.111944438889622688e-03
1.448085083007812500e+03 -1.107861404307186604e-03
1.444072875976562500e+03 -1.109216944314539433e-03
1.441222045898437500e+03 -1.110219978727400303e-03
1.437658447265625000e+03 -1.111591234803199768e-03
1.434537109375000000e+03 -1.112799975089728832e-03
1.431415649414062500e+03 -1.114035840146243572e-03
1.428294311523437500e+03 -1.115287886932492256e-03
1.425172851562500000e+03 -1.116550760343670845e-03
1.422051391601562500e+03 -1.117819105274975300e-03
1.418930053710937500e+03 -1.119087683036923409e-03
1.415808593750000000e+03 -1.120351487770676613e-03
1.412687133789062500e+03 -1.121606212109327316e-03
1.409565795898437500e+03 -1.122847199440002441e-03
1.406444335937500000e+03 -1.124070375226438046e-03
1.403322875976562500e+03 -1.125271082855761051e-03
1.400201538085937500e+03 -1.126445131376385689e-03
1.397080078125000000e+03 -1.127588213421404362e-03
1.393958618164062500e+03 -1.128695788793265820e-03
1.390837280273437500e+03 -1.129763317294418812e-03
1.387715820312500000e+03 -1.130785909481346607e-03
1.384594360351562500e+03 -1.131758908741176128e-03
1.381473022460937500e+03 -1.132671488448977470e-03
1.378351562500000000e+03 -1.133525744080543518e-03
1.375230224609375000e+03 -1.134320977143943310e-03
1.372108764648437500e+03 -1.135037862695753574e-03
1.368987304687500000e+03 -1.135680126026272774e-03
1.365865966796875000e+03 -1.136237988248467445e-03
1.362744506835937500e+03 -1.136704464443027973e-03
1.359623046875000000e+03 -1.137070939876139164e-03
1.357281982421875000e+03 -1.137273036874830723e-03
1.353770385742187500e+03 -1.137443934567272663e-03
1.351575683593750000e+03 -1.137452898547053337e-03
1.348064086914062500e+03 -1.137282000854611397e-03
1.344991455078125000e+03 -1.136886770837008953e-03
1.341918823242187500e+03 -1.136143226176500320e-03
1.338846191406250000e+03 -1.134843332692980766e-03
1.335773437500000000e+03 -1.132676959969103336e-03
1.332700805664062500e+03 -1.129640731960535049e-03
1.329189208984375000e+03 -1.126660266891121864e-03
1.326555541992187500e+03 -1.125226728618144989e-03
1.323098876953125000e+03 -1.123604481108486652e-03
1.320135864257812500e+03 -1.122154062613844872e-03
1.317172973632812500e+03 -1.120614120736718178e-03
1.313716308593750000e+03 -1.118776272051036358e-03
1.311000244140625000e+03 -1.117448438890278339e-03
1.307296630859375000e+03 -1.116687897592782974e-03
1.304704101562500000e+03 -1.118209445849061012e-03
1.301370849609375000e+03 -1.122263027355074883e-03
1.298037597656250000e+03 -1.126769115217030048e-03
1.294704345703125000e+03 -1.131363795138895512e-03
1.291370971679687500e+03 -1.136027742177248001e-03
1.289148803710937500e+03 -1.139173866249620914e-03
1.285815551757812500e+03 -1.143946545198559761e-03
1.281649047851562500e+03 -1.149977673776447773e-03
1.278527587890625000e+03 -1.154597382992506027e-03
1.276186523437500000e+03 -1.158063067123293877e-03
1.270723999023437500e+03 -1.166293630376458168e-03
1.267602661132812500e+03 -1.171091687865555286e-03
1.265261596679687500e+03 -1.174695789813995361e-03
1.262920532226562500e+03 -1.178335631266236305e-03
1.259799072265625000e+03 -1.183225424028933048e-03
1.256677734375000000e+03 -1.188165624625980854e-03
1.253556274414062500e+03 -1.193153089843690395e-03
1.250434814453125000e+03 -1.198186539113521576e-03
1.247313476562500000e+03 -1.203264575451612473e-03
1.244192016601562500e+03 -1.208386733196675777e-03
1.241070556640625000e+03 -1.213552779518067837e-03
1.237949218750000000e+03 -1.218762132339179516e-03
1.234827758789062500e+03 -1.224014675244688988e-03
1.231706420898437500e+03 -1.229309942573308945e-03
1.228584960937500000e+03 -1.234647817909717560e-03
1.225463500976562500e+03 -1.240028301253914833e-03
1.222342163085937500e+03 -1.245451043359935284e-03
1.219220703125000000e+03 -1.250916277058422565e-03
1.216099243164062500e+03 -1.256423885934054852e-03
1.212977905273437500e+03 -1.261974102817475796e-03
1.209856445312500000e+03 -1.267566927708685398e-03
1.206735107421875000e+03 -1.273202709853649139e-03
1.203613647460937500e+03 -1.278881565667688847e-03
1.200492187500000000e+03 -1.284604077227413654e-03
1.197370849609375000e+03 -1.290370360948145390e-03
1.194249389648437500e+03 -1.296180882491171360e-03
1.191128051757812500e+03 -1.302036223933100700e-03
1.188006591796875000e+03 -1.307936850935220718e-03
1.184885131835937500e+03 -1.313883345574140549e-03
1.181763793945312500e+03 -1.319892820902168751e-03
1.179422729492187500e+03 -1.324411132372915745e-03
1.174740600585937500e+03 -1.333542168140411377e-03
1.172399536132812500e+03 -1.338157453574240208e-03
1.168887939453125000e+03 -1.345119788311421871e-03
1.167132080078125000e+03 -1.348624587990343571e-03
1.163620483398437500e+03 -1.355681917630136013e-03
1.160109008789062500e+03 -1.362803857773542404e-03
1.156597412109375000e+03 -1.369990757666528225e-03
1.154841552734375000e+03 -1.373608713038265705e-03
1.151329956054687500e+03 -1.380891073495149612e-03
1.147818359375000000e+03 -1.388231641612946987e-03
1.144745727539062500e+03 -1.394671970047056675e-03
1.141782836914062500e+03 -1.400830340571701527e-03
1.139066894531250000e+03 -1.406462397426366806e-03
1.136103881835937500e+03 -1.412594108842313290e-03
1.132400268554687500e+03 -1.420256332494318485e-03
1.129437377929687500e+03 -1.426410744898021221e-03
1.126474487304687500e+03 -1.432649092748761177e-03
1.123511596679687500e+03 -1.439000829122960567e-03
1.120178344726562500e+03 -1.446347683668136597e-03
1.116845092773437500e+03 -1.453820033930242062e-03
1.113511840820312500e+03 -1.461408799514174461e-03
1.110178466796875000e+03 -1.469137845560908318e-03
1.106845214843750000e+03 -1.476953737437725067e-03
1.103511962890625000e+03 -1.484845532104372978e-03
1.101012084960937500e+03 -1.490848837420344353e-03
1.098512084960937500e+03 -1.496884855441749096e-03
1.093512207031250000e+03 -1.509082503616809845e-03
1.091012207031250000e+03 -1.515248441137373447e-03
1.088512329101562500e+03 -1.521450816653668880e-03
1.086012329101562500e+03 -1.527705695480108261e-03
1.082890991210937500e+03 -1.535586314275860786e-03
1.079769531250000000e+03 -1.543513615615665913e-03
1.076648071289062500e+03 -1.551523106172680855e-03
1.073526733398437500e+03 -1.559544471092522144e-03
1.070405273437500000e+03 -1.567695988342165947e-03
1.067283935546875000e+03 -1.575916772708296776e-03
1.064162475585937500e+03 -1.584206242114305496e-03
1.061041137695312500e+03 -1.592566259205341339e-03
1.057919677734375000e+03 -1.600996474735438824e-03
1.054798217773437500e+03 -1.609536586329340935e-03
1.051091552734375000e+03 -1.619647722691297531e-03
1.048457885742187500e+03 -1.627020072191953659e-03
1.043190551757812500e+03 -1.641766168177127838e-03
1.040556762695312500e+03 -1.649216399528086185e-03
1.037923095703125000e+03 -1.656717853620648384e-03
1.035289428710937500e+03 -1.664270297624170780e-03
1.032655761718750000e+03 -1.671874313615262508e-03
1.030022094726562500e+03 -1.679530134424567223e-03
1.024754638671875000e+03 -1.694998005405068398e-03
1.022120971679687500e+03 -1.702810637652873993e-03
1.019487304687500000e+03 -1.710675423964858055e-03
1.016853637695312500e+03 -1.718592364341020584e-03
1.014219909667968750e+03 -1.726561342366039753e-03
1.008952514648437500e+03 -1.742656808346509933e-03
1.006318847656250000e+03 -1.750788185745477676e-03
1.003685180664062500e+03 -1.758970203809440136e-03
1.001380676269531250e+03 -1.766158500686287880e-03
9.976770629882812500e+02 -1.777830882929265499e-03
9.957326660156250000e+02 -1.783978310413658619e-03
9.926077270507812500e+02 -1.793953008018434048e-03
9.888577880859375000e+02 -1.805998501367866993e-03
9.861112670898437500e+02 -1.814911840483546257e-03
9.825100708007812500e+02 -1.826681895181536674e-03
9.799407958984375000e+02 -1.835091388784348965e-03
9.768199462890625000e+02 -1.845438964664936066e-03
9.732335815429687500e+02 -1.857388415373861790e-03
9.700895385742187500e+02 -1.868003164418041706e-03
9.670278320312500000e+02 -1.878352020867168903e-03
9.644241333007812500e+02 -1.887204358354210854e-03
9.613119506835937500e+02 -1.897781854495406151e-03
9.581397705078125000e+02 -1.908610458485782146e-03
9.546208496093750000e+02 -1.920584007166326046e-03
9.516884155273437500e+02 -1.930590602569282055e-03
9.485910034179687500e+02 -1.941279624588787556e-03
9.454827270507812500e+02 -1.952162245288491249e-03
9.426947631835937500e+02 -1.962064765393733978e-03
