0.000000000000000000e+00 1.000000000000000000e+00 0.000000000000000000e+00
4.999999888241291046e-03 9.997753118466929934e-01 -3.965786301032952824e-09
9.999999776482582092e-03 9.995486658561129056e-01 -7.812595409448766956e-09
1.499999966472387314e-02 9.993211128331032089e-01 -1.104631070013377154e-08
1.999999955296516418e-02 9.990925925118583351e-01 -1.302402680045181594e-08
2.500000037252902985e-02 9.988630360515177165e-01 -1.213377975798094603e-08
2.999999932944774628e-02 9.986323866323262299e-01 -3.155822228376671462e-09
3.500000014901161194e-02 9.984008559860100274e-01 6.481706743919048298e-08
3.999999910593032837e-02 9.982065598303530018e-01 1.131698191792023244e-06
4.500000178813934326e-02 9.980494314882936147e-01 2.100549935668456407e-06
5.000000074505805969e-02 9.978795380151572747e-01 2.767943323222028014e-06
5.499999970197677612e-02 9.976979246059386464e-01 3.312613439409672563e-06
5.999999865889549255e-02 9.975054487661154656e-01 3.783776964835760172e-06
6.499999761581420898e-02 9.973032581104952499e-01 4.206859201443295572e-06
7.000000029802322388e-02 9.970711895598082242e-01 5.007222560899597895e-06
7.500000298023223877e-02 9.967191080686423899e-01 5.458721875393089970e-06
7.999999821186065674e-02 9.964470009042434295e-01 6.110435586516597027e-06
8.500000089406967163e-02 9.961808154963645023e-01 6.379236021086949585e-06
9.000000357627868652e-02 9.959238690288125806e-01 6.610573809437390913e-06
9.499999880790710449e-02 9.956867612309816540e-01 6.831509350728588072e-06
1.000000014901161194e-01 9.954967566097483456e-01 7.038547054809682440e-06
1.049999967217445374e-01 9.953970458727925408e-01 7.121199976746775183e-06
1.099999994039535522e-01 9.952125280043657707e-01 7.169943365479717351e-06
1.150000020861625671e-01 9.949683957139985324e-01 7.371825925191911623e-06
1.199999973177909851e-01 9.947167266717478196e-01 7.635553782226658028e-06
1.250000000000000000e-01 9.944633227436481260e-01 7.910364377899330830e-06
1.299999952316284180e-01 9.942081573229877289e-01 8.184065212722586586e-06
1.350000053644180298e-01 9.939510441627822379e-01 8.456079492799373749e-06
1.400000005960464478e-01 9.936923724262654023e-01 8.728144643436961186e-06
1.449999958276748657e-01 9.934319645216485029e-01 8.999481953743125774e-06
1.500000059604644775e-01 9.931698807147369967e-01 9.270479605227959473e-06
1.550000011920928955e-01 9.929061069007680818e-01 9.541538301385751468e-06
1.599999964237213135e-01 9.926406789827748600e-01 9.812813784394944691e-06
1.650000065565109253e-01 9.923735854204963625e-01 1.008457605953977815e-05
1.700000017881393433e-01 9.921048121091698979e-01 1.035694017255005762e-05
1.749999970197677612e-01 9.918343584076696473e-01 1.063008377907656819e-05
1.800000071525573730e-01 9.915621973887210894e-01 1.090399200926307852e-05
1.850000023841857910e-01 9.912883168709377690e-01 1.117891921591357983e-05
1.899999976158142090e-01 9.910126860802914717e-01 1.145489357349251545e-05
1.949999928474426270e-01 9.907352960410238385e-01 1.173203169297771218e-05
2.000000029802322388e-01 9.904561204669855012e-01 1.201037427081781229e-05
2.049999982118606567e-01 9.901751330720276467e-01 1.228998861267787014e-05
2.099999934434890747e-01 9.898923088522518787e-01 1.257093732847886847e-05
2.150000035762786865e-01 9.896076266505137164e-01 1.285312180759526070e-05
2.199999988079071045e-01 9.893210608217897217e-01 1.313671657518178474e-05
2.249999940395355225e-01 9.890325902089351917e-01 1.342177171917522611e-05
2.300000041723251343e-01 9.887421859612984809e-01 1.370824967362299652e-05
2.349999994039535522e-01 9.884498326918658151e-01 1.399606121938769604e-05
2.399999946355819702e-01 9.881555150136225318e-01 1.428529557560672291e-05
2.450000047683715820e-01 9.878591931767823908e-01 1.457603100468130597e-05
2.500000000000000000e-01 9.875608671813452810e-01 1.486805776337615652e-05
2.549999952316284180e-01 9.872605203580455679e-01 1.516148072330891554e-05
2.599999904632568359e-01 9.869580975700827929e-01 1.545640319084920969e-05
2.649999856948852539e-01 9.866536360027409192e-01 1.575267959793074730e-05
2.700000107288360596e-01 9.863470882127265416e-01 1.605032872752983013e-05
2.750000059604644775e-01 9.860384375307740257e-01 1.634917370661968106e-05
2.800000011920928955e-01 9.857276826746323994e-01 1.664928340611337550e-05
2.849999964237213135e-01 9.854148095395384166e-01 1.695065156501882248e-05
2.899999916553497314e-01 9.850997860692128905e-01 1.725325470461565029e-05
2.949999868869781494e-01 9.847826250861672071e-01 1.755677977529894354e-05
3.000000119209289551e-01 9.844633188968947568e-01 1.786146782526448992e-05
3.050000071525573730e-01 9.841418046710872503e-01 1.816702615313169349e-05
3.100000023841857910e-01 9.838181439568014497e-01 1.847358310923856859e-05
3.149999976158142090e-01 9.834922970042508927e-01 1.878105417019178863e-05
3.199999928474426270e-01 9.831642330394071427e-01 1.908935950834210200e-05
3.249999880790710449e-01 9.828339969410615495e-01 1.939820642230891275e-05
3.300000131130218506e-01 9.825015310079109332e-01 1.970748064898643158e-05
3.350000083446502686e-01 9.821668454979647356e-01 2.001732462594489113e-05
3.400000035762786865e-01 9.818299481047301214e-01 2.032786826877032850e-05
3.449999988079071045e-01 9.814908106186811532e-01 2.063874843992104957e-05
3.499999940395355225e-01 9.811494715073528772e-01 2.094962391532769562e-05
3.549999892711639404e-01 9.808058576824285613e-01 2.126032721345164295e-05
3.600000143051147461e-01 9.804600383854713552e-01 2.157079259387585147e-05
3.650000095367431641e-01 9.801119379636620277e-01 2.188079779138084373e-05
3.700000047683715820e-01 9.797616115538012593e-01 2.219041480737574064e-05
3.750000000000000000e-01 9.794090219706046430e-01 2.249928520006291971e-05
3.799999952316284180e-01 9.790541884478400902e-01 2.280751227581200423e-05
3.849999904632568359e-01 9.786970827759814417e-01 2.311507881689472366e-05
3.899999856948852539e-01 9.783377075195313077e-01 2.342134620211705509e-05
3.950000107288360596e-01 9.779760870412618212e-01 2.372569772375731777e-05
4.000000059604644775e-01 9.776121892848935735e-01 2.402825703640945783e-05
4.050000011920928955e-01 9.772460398954503358e-01 2.432863439331535378e-05
4.099999964237213135e-01 9.768776029698988950e-01 2.462654648458256309e-05
4.149999916553497314e-01 9.765069118467699649e-01 2.492136095000916063e-05
4.199999868869781494e-01 9.761339280585280553e-01 2.521269430382912943e-05
4.250000119209289551e-01 9.757586772501969374e-01 2.550009888510744200e-05
4.300000071525573730e-01 9.753811414702600047e-01 2.578343851726596007e-05
4.350000023841857910e-01 9.750013027672006505e-01 2.606141404444429902e-05
4.399999976158142090e-01 9.746192124310661953e-01 2.633345415111349540e-05
4.449999928474426270e-01 9.742348217363117069e-01 2.659925517915677707e-05
4.499999880790710449e-01 9.738481640214680102e-01 2.685841955557590881e-05
4.550000131130218506e-01 9.734591803029806201e-01 2.711037439959389765e-05
4.600000083446502686e-01 9.730679731609439553e-01 2.735495379492014262e-05
4.650000035762786865e-01 9.726743579511882842e-01 2.759127807216483989e-05
4.699999988079071045e-01 9.722785295758928914e-01 2.781659865579685353e-05
4.749999940395355225e-01 9.718804187934939609e-01 2.803015483527624403e-05
4.799999892711639404e-01 9.714799563624276768e-01 2.823187147869783142e-05
4.850000143051147461e-01 9.710772448627889020e-01 2.842285678166301169e-05
4.900000095367431641e-01 9.706721124729188466e-01 2.860622558774066719e-05
4.950000047683715820e-01 9.702647438369880195e-01 2.855738984937427366e-05
5.000000000000000000e-01 9.698550748424370482e-01 2.864449277144520228e-05
5.049999952316284180e-01 9.694430362477021168e-01 2.904433537932003405e-05
5.099999904632568359e-01 9.690286819073332669e-01 2.920385293599938123e-05
5.149999856948852539e-01 9.686119477087709040e-01 2.983935615595649290e-05
5.199999809265136719e-01 9.681928439100249140e-01 3.078640634272278851e-05
5.249999761581420898e-01 9.677712781890098759e-01 3.315930669548130671e-05
5.299999713897705078e-01 9.673471889976694715e-01 3.800666695382414753e-05
5.350000262260437012e-01 9.669205942875196413e-01 4.893790523545081035e-05
5.400000214576721191e-01 9.664913350594144248e-01 7.864104098632556132e-05
5.450000166893005371e-01 9.660595318449646252e-01 1.612157506101271752e-04
5.500000119209289551e-01 9.656260591394760784e-01 3.604057456264976676e-04
5.550000071525573730e-01 9.651914349724265429e-01 6.444833859676072155e-04
5.600000023841857910e-01 9.647554541836266262e-01 8.175209790718655388e-04
5.649999976158142090e-01 9.643174423089547753e-01 7.543641479075455757e-04
5.699999928474426270e-01 9.638768248998819121e-01 4.785823220966242946e-04
5.749999880790710449e-01 9.634332685711003430e-01 -9.322857656398741283e-05
5.799999833106994629e-01 9.629850704930410510e-01 -1.530667813886113547e-03
5.849999785423278809e-01 9.624992383427979359e-01 -7.163213681773979158e-03
5.899999737739562988e-01 9.614188365775998557e-01 -3.003213706136751565e-02
5.950000286102294922e-01 9.597231594053636794e-01 -5.119892408867843941e-02
6.000000238418579102e-01 9.585375873982405759e-01 -6.040668647830226001e-02
6.050000190734863281e-01 9.574915012391675972e-01 -6.697071620396205516e-02
6.100000143051147461e-01 9.564605148700104920e-01 -7.282998221261161031e-02
6.150000095367431641e-01 9.554306004628413396e-01 -7.826918914538472105e-02
6.200000047683715820e-01 9.543990550321691524e-01 -8.339291099740676894e-02
6.250000000000000000e-01 9.533644475856748457e-01 -8.826779918510373191e-02
6.299999952316284180e-01 9.523261216107536953e-01 -9.293619364249605663e-02
6.349999904632568359e-01 9.512836719160320254e-01 -9.743081100848542675e-02
6.399999856948852539e-01 9.502372318556329134e-01 -1.017742766051733250e-01
6.449999809265136719e-01 9.491872322659531402e-01 -1.059802335851332683e-01
6.499999761581420898e-01 9.481348015280330888e-01 -1.100585039924172753e-01
6.549999713897705078e-01 9.470803704782694288e-01 -1.140201472434676927e-01
6.600000262260437012e-01 9.460219131597952247e-01 -1.178889683314732206e-01
6.650000214576721191e-01 9.449324099757090423e-01 -1.217924743139443267e-01
6.700000166893005371e-01 9.438212726496848504e-01 -1.256904281487985775e-01
6.750000119209289551e-01 9.427610150505515429e-01 -1.292763718036042675e-01
6.800000071525573730e-01 9.417511037618172542e-01 -1.325841823545824694e-01
6.850000023841857910e-01 9.407509273240546310e-01 -1.358070309422597099e-01
6.899999976158142090e-01 9.397368974445245993e-01 -1.390474335486147628e-01
6.949999928474426270e-01 9.387023412880777240e-01 -1.423270986861541465e-01
6.999999880790710449e-01 9.376503362575497880e-01 -1.456266900070575243e-01
7.049999833106994629e-01 9.365861088087579223e-01 -1.489219729639902901e-01
7.099999785423278809e-01 9.355133620831145302e-01 -1.521957269235819366e-01
7.149999737739562988e-01 9.344334603958770469e-01 -1.554484776088169706e-01
7.200000286102294922e-01 9.333473731289391173e-01 -1.586749036772912291e-01
7.250000238418579102e-01 9.322554798286502020e-01 -1.618776337439272461e-01
7.300000190734863281e-01 9.311583754595588180e-01 -1.650546418518579195e-01
7.350000143051147461e-01 9.300572243057378952e-01 -1.682090310489430252e-01
7.400000095367431641e-01 9.289506158908876765e-01 -1.713424169716714907e-01
7.450000047683715820e-01 9.278396375640098892e-01 -1.744546970399487862e-01
7.500000000000000000e-01 9.267234584263392971e-01 -1.775513592888327274e-01
7.549999952316284180e-01 9.256024939272583518e-01 -1.806333141166622802e-01
7.599999904632568359e-01 9.244765132615546666e-01 -1.837015232118237862e-01
7.649999856948852539e-01 9.233455984933035543e-01 -1.867562302020417675e-01
7.699999809265136719e-01 9.222093085280986813e-01 -1.898011023256959140e-01
7.749999761581420898e-01 9.210670073693540960e-01 -1.928399478687959634e-01
7.799999713897705078e-01 9.199173358308166959e-01 -1.958768187450761478e-01
7.850000262260437012e-01 9.187574678308824128e-01 -1.989150359850971606e-01
7.900000214576721191e-01 9.175852902196034444e-01 -2.019443800469406525e-01
7.950000166893005371e-01 9.164070449957326669e-01 -2.049366157595850779e-01
8.000000119209289551e-01 9.152299281529018282e-01 -2.078924355386685963e-01
8.050000071525573730e-01 9.140516316389837304e-01 -2.108371253774947440e-01
8.100000023841857910e-01 9.128699961429884713e-01 -2.137641970850840401e-01
8.149999976158142090e-01 9.116916996290702624e-01 -2.166493135340073484e-01
8.199999928474426270e-01 9.105258871126575837e-01 -2.195121188123687062e-01
8.249999880790710449e-01 9.093655728893119683e-01 -2.223772577878807832e-01
8.299999833106994629e-01 9.081971343224790605e-01 -2.252530650932247913e-01
8.349999785423278809e-01 9.070154424074317046e-01 -2.281434131269695353e-01
8.399999737739562988e-01 9.058214306230304436e-01 -2.310440448151916959e-01
8.450000286102294922e-01 9.046167197347688704e-01 -2.339512929195115554e-01
8.500000238418579102e-01 9.034022637375261899e-01 -2.368634648683692334e-01
8.550000190734863281e-01 9.021805963596376543e-01 -2.397772011636686018e-01
8.600000143051147461e-01 9.009523125656512255e-01 -2.426914760044642794e-01
8.650000095367431641e-01 8.997162326844800884e-01 -2.456090590533088203e-01
8.700000047683715820e-01 8.984750032825630228e-01 -2.485215387424501154e-01
8.750000000000000000e-01 8.972240492876839557e-01 -2.514436866055015929e-01
8.799999952316284180e-01 8.959724080061711726e-01 -2.543514732553177615e-01
8.849999904632568359e-01 8.947110421316963880e-01 -2.572682100183823484e-01
8.899999856948852539e-01 8.934412133994221739e-01 -2.601914862624737368e-01
8.949999809265136719e-01 8.921690766150209839e-01 -2.631046327222295034e-01
8.999999761581420898e-01 8.908884564568013698e-01 -2.660235493123030426e-01
9.049999713897705078e-01 8.896000094373686107e-01 -2.689467486213235059e-01
9.100000262260437012e-01 8.883064744452469075e-01 -2.718689990644695409e-01
9.150000214576721191e-01 8.870062307149421121e-01 -2.747932754644826780e-01
9.200000166893005371e-01 8.857007964318540649e-01 -2.777174236393776252e-01
9.250000119209289551e-01 8.843883559283088891e-01 -2.806475214597557999e-01
9.300000071525573730e-01 8.830698324251574638e-01 -2.835819532891281636e-01
9.350000023841857910e-01 8.817454618566176183e-01 -2.865217192834164650e-01
9.399999976158142090e-01 8.804151929326418102e-01 -2.894688710445115776e-01
9.449999928474426270e-01 8.790790359112394814e-01 -2.924242035681460239e-01
9.499999880790710449e-01 8.777376165309874745e-01 -2.953893324908088425e-01
9.549999833106994629e-01 8.763918682707458885e-01 -2.983604367039784933e-01
9.599999785423278809e-01 8.750410525538340201e-01 -3.013372597574185963e-01
9.649999737739562988e-01 8.736865131794905315e-01 -3.043172371487657402e-01
9.700000286102294922e-01 8.723250701647845551e-01 -3.073323995125393782e-01
9.750000238418579102e-01 8.709567029936975402e-01 -3.103737454454438272e-01
9.800000190734863281e-01 8.695862739627100435e-01 -3.133996787191439259e-01
9.850000143051147461e-01 8.682146447446166260e-01 -3.163889652540703978e-01
9.900000095367431641e-01 8.668424821100314537e-01 -3.193258846507353033e-01
9.950000047683715820e-01 8.654649545365021845e-01 -3.222132578617384335e-01
1.000000000000000000e+00 8.640748506433822973e-01 -3.250936043362657735e-01
