0.000000000000000000e+00 1.000000000000000000e+00 0.000000000000000000e+00
5.750000011175870895e-03 9.995140592829466764e-01 -1.751159550658553890e-08
1.412499975413084030e-02 9.987992380437212825e-01 -4.561847739467489766e-08
1.912499964237213135e-02 9.983692705444641158e-01 -6.414137064241941738e-08
2.412500046193599701e-02 9.979368351964407191e-01 -8.413630356031260606e-08
2.912499941885471344e-02 9.975018784935653082e-01 -1.058162061139502626e-07
3.412500023841857910e-02 9.970643484823838998e-01 -1.295154534324621019e-07
3.912499919533729553e-02 9.966241926122771932e-01 -1.557926950905105819e-07
4.412499815225601196e-02 9.961813690816153644e-01 -1.856567606075655718e-07
4.912500083446502686e-02 9.957358377608345190e-01 -2.211366079423434311e-07
5.412499979138374329e-02 9.952875967390028000e-01 -2.669451623261628125e-07
5.912499874830245972e-02 9.948369159352129509e-01 -3.449308715700058343e-07
6.412500143051147461e-02 9.943871466458105157e-01 -5.678692016151075728e-07
6.912499666213989258e-02 9.940510180717568867e-01 -1.991293046089284761e-06
7.412499934434890747e-02 9.938435764109707637e-01 -3.361270302858812593e-06
7.912500202655792236e-02 9.936247541968643571e-01 -4.332204994908257241e-06
8.412499725818634033e-02 9.933871112171381856e-01 -5.121371996313165293e-06
8.912499994039535522e-02 9.931347344768143293e-01 -5.806811415148885992e-06
9.412500262260437012e-02 9.928678881621912922e-01 -6.419125391530781733e-06
9.912499785423278809e-02 9.925886088486530756e-01 -6.970584406543688626e-06
1.003749966621398926e-01 9.925162681431493050e-01 -7.041760311510387950e-06
1.055312529206275940e-01 9.922019284892694690e-01 -7.103868505323239069e-06
1.104091778397560120e-01 9.919072102813626390e-01 -7.578066235866558687e-06
1.151552721858024597e-01 9.916237751692627000e-01 -8.495357739007241413e-06
1.204946264624595642e-01 9.912865110240881572e-01 -9.231783715575355356e-06
1.267238706350326538e-01 9.908803893240378802e-01 -9.858425596989014747e-06
1.307283937931060791e-01 9.906139959002109308e-01 -1.023888690589589548e-05
1.357283890247344971e-01 9.902761517872866737e-01 -1.070521767242445939e-05
1.407283991575241089e-01 9.899328318997779874e-01 -1.116430779957517519e-05
1.457283943891525269e-01 9.895843582296640628e-01 -1.161817272305115427e-05
1.507283896207809448e-01 9.892311244288608529e-01 -1.206749358547428085e-05
1.557283997535705566e-01 9.888733406998474473e-01 -1.251257130259189534e-05
1.607283949851989746e-01 9.885112592855989089e-01 -1.295373828133420067e-05
1.657283902168273926e-01 9.881450282833169618e-01 -1.339164650582043046e-05
1.707284003496170044e-01 9.877748426080271704e-01 -1.382690947094632508e-05
1.757283955812454224e-01 9.874008035391066418e-01 -1.426000420981522450e-05
1.807283908128738403e-01 9.870230639510850779e-01 -1.469134477316474870e-05
1.857284009456634521e-01 9.866417203460100538e-01 -1.512120058555937385e-05
1.907283961772918701e-01 9.862568692259289227e-01 -1.554984923594432289e-05
1.957283914089202881e-01 9.858685927609018851e-01 -1.597756947960492135e-05
2.007283866405487061e-01 9.854769616553987754e-01 -1.640446162179028325e-05
2.057283967733383179e-01 9.850819988405994376e-01 -1.683070177985641157e-05
2.107283920049667358e-01 9.846837903084274535e-01 -1.725661652903297098e-05
2.157283872365951538e-01 9.842823962532287752e-01 -1.768233999843215338e-05
2.207283973693847656e-01 9.838778501163070178e-01 -1.810789551485607451e-05
2.257283926010131836e-01 9.834701566749911583e-01 -1.853336822113247267e-05
2.307283878326416016e-01 9.830593828118885380e-01 -1.895870679829668573e-05
2.357283979654312134e-01 9.826455571909733511e-01 -1.938444892913756344e-05
2.407283931970596313e-01 9.822287008324934732e-01 -1.981025870770458669e-05
2.457283884286880493e-01 9.818088099145858560e-01 -2.023632508109492057e-05
2.507283985614776611e-01 9.813859436761310784e-01 -2.066269237023259824e-05
2.557283937931060791e-01 9.809600753640859150e-01 -2.108930225811231506e-05
2.607283890247344971e-01 9.805313005250322345e-01 -2.151625038462276292e-05
2.657283842563629150e-01 9.800995713856792690e-01 -2.194336646410847204e-05
2.707283794879913330e-01 9.796649146990695778e-01 -2.237078579202173009e-05
2.757284045219421387e-01 9.792273266433401124e-01 -2.279859001216995749e-05
2.807283997535705566e-01 9.787868530808498946e-01 -2.322667415394362144e-05
2.857283949851989746e-01 9.783434577038979674e-01 -2.365461600222435181e-05
2.907283902168273926e-01 9.778972150388179907e-01 -2.408310836303510425e-05
2.957283854484558105e-01 9.774480601139343694e-01 -2.451129514273808906e-05
3.007283806800842285e-01 9.769960750993073040e-01 -2.493968953097993769e-05
3.057284057140350342e-01 9.765412179544409321e-01 -2.536754040473240338e-05
3.107284009456634521e-01 9.760835345416942754e-01 -2.579547525497250139e-05
3.157283961772918701e-01 9.756229388691443072e-01 -2.622314417966843772e-05
3.207283914089202881e-01 9.751595379489618187e-01 -2.665008764081846175e-05
3.257283866405487061e-01 9.746932935625146621e-01 -2.707664387705330453e-05
3.307283818721771240e-01 9.742242458393667315e-01 -2.750211075162917290e-05
3.357284069061279297e-01 9.737523603827489271e-01 -2.792663289071920898e-05
3.407284021377563477e-01 9.732776142614815162e-01 -2.835013098319620427e-05
3.457283973693847656e-01 9.728000972893511289e-01 -2.877203118972802094e-05
3.507283926010131836e-01 9.723197349400243272e-01 -2.919206525209029217e-05
3.557283878326416016e-01 9.718365788086549273e-01 -2.961022383956216352e-05
3.607283830642700195e-01 9.713506480045592806e-01 -3.002606374290337456e-05
3.657284080982208252e-01 9.708618508030193439e-01 -3.043905311102559514e-05
3.707284033298492432e-01 9.703702789287531605e-01 -3.084865309479987294e-05
3.757283985614776611e-01 9.698758922521963921e-01 -3.125466541640819519e-05
3.807283937931060791e-01 9.693787366357085045e-01 -3.165612201356260706e-05
3.857283890247344971e-01 9.688787700387934132e-01 -3.205279894896276473e-05
3.907283842563629150e-01 9.683760421456735212e-01 -3.244365118187370999e-05
3.957283794879913330e-01 9.678704975393316312e-01 -3.282743306106228033e-05
4.007284045219421387e-01 9.673622011914428942e-01 -3.320354275503379493e-05
4.057283997535705566e-01 9.668510575554261077e-01 -3.357086290996673302e-05
4.107283949851989746e-01 9.663371774653158885e-01 -3.392739908427989384e-05
4.157283902168273926e-01 9.658204730182567976e-01 -3.427199893394857112e-05
4.207283854484558105e-01 9.653010282952410037e-01 -3.460209417805943304e-05
4.257283806800842285e-01 9.647787821464562930e-01 -3.491636218693231034e-05
4.307284057140350342e-01 9.642537651468083837e-01 -3.521077208916097346e-05
4.357284009456634521e-01 9.637259658307080201e-01 -3.548406657011119353e-05
4.407283961772918701e-01 9.631953459795221661e-01 -3.572939221532029692e-05
4.456502795219421387e-01 9.626702907612416649e-01 -3.396606325879272825e-05
4.505721330642700195e-01 9.621424264734658172e-01 -2.805927142025010606e-05
4.554940164089202881e-01 9.616104919013188645e-01 -7.363345355038054405e-06
4.604158997535705566e-01 9.610593027820717449e-01 6.370684954249717106e-05
4.653377830982208252e-01 9.604365989575180951e-01 1.164229030376236055e-04
4.702596366405487061e-01 9.598421616336294537e-01 -1.444335870617392999e-04
4.751815199851989746e-01 9.593047503314320323e-01 -3.609275101271732867e-04
4.804549515247344971e-01 9.587338556852202931e-01 -4.748525885245765657e-04
4.857283830642700195e-01 9.581570944789057354e-01 -5.362522773766562317e-04
4.915291666984558105e-01 9.575163170629990006e-01 -5.808972386770421383e-04
4.954842627048492432e-01 9.570762218649713216e-01 -6.055312747871719392e-04
5.040438175201416016e-01 9.561170259116213987e-01 -6.530336387170875955e-04
5.090438127517700195e-01 9.555531443844904604e-01 -6.791373380065038757e-04
5.140438079833984375e-01 9.549878984521760206e-01 -7.055048354357275689e-04
5.152938365936279297e-01 9.548463442807804125e-01 -7.123825470954832937e-04
5.202938318252563477e-01 9.542804027693527757e-01 -7.422333145858200877e-04
5.252938270568847656e-01 9.537170563030781256e-01 -7.733885168506715981e-04
5.306063294410705566e-01 9.531285046486086543e-01 -7.944133181682435946e-04
5.352938175201416016e-01 9.526210376450473527e-01 -7.358858118075166420e-04
5.402156710624694824e-01 9.519393357173606685e-01 -5.743628228987166439e-04
5.454891324043273926e-01 9.512796591876370167e-01 -1.477879886710800573e-03
5.502352118492126465e-01 9.508593688850186521e-01 -1.753355759565130038e-03
5.551790595054626465e-01 9.501322402906329234e-01 -2.044304654832623715e-03
5.600734949111938477e-01 9.497618329472741205e-01 -2.742443669939608353e-03
5.650791525840759277e-01 9.492304601890262372e-01 -4.060279449673093004e-03
5.700430870056152344e-01 9.488168810782913187e-01 -5.209103478591144663e-03
5.750301480293273926e-01 9.484024573357761057e-01 -6.489539937668467942e-03
5.800290703773498535e-01 9.484555047978142639e-01 -8.652691850082980252e-03
5.850403308868408203e-01 9.486445112234365151e-01 -1.157302713125440280e-02
5.900037884712219238e-01 9.496939451902003393e-01 -1.417937425053261528e-02
5.950248241424560547e-01 9.513857388242603630e-01 -1.741432949536729155e-02
6.000140309333801270e-01 9.542282840200865257e-01 -1.641697964223385112e-02
6.050032377243041992e-01 9.573006798941863238e-01 -1.393729384869579757e-02
6.100242137908935547e-01 9.598253225041093462e-01 -6.274800787288543902e-03
6.150134205818176270e-01 9.614951557118815995e-01 2.842990622045699772e-03
6.200105547904968262e-01 9.618920027052677568e-01 1.121977708753228720e-02
6.242140531539916992e-01 9.618502488491605940e-01 1.653509552059281157e-02
