0.000000000000000000e+00 1.000000000000000000e+00 0.000000000000000000e+00
5.750000011175870895e-03 9.999051329810262345e-01 -8.979784777491457227e-08
1.412499975413084030e-02 9.997686223851310894e-01 -2.363705200566077928e-07
1.912499964237213135e-02 9.996881177459938650e-01 -3.361750766972376740e-07
2.412500046193599701e-02 9.996083518157258263e-01 -4.493827908524820431e-07
2.912499941885471344e-02 9.995293209518211208e-01 -5.817399818589685452e-07
3.412500023841857910e-02 9.994510207775133548e-01 -7.430998077571104124e-07
3.912499919533729553e-02 9.993734465705024217e-01 -9.516717057342186294e-07
4.412499815225601196e-02 9.992965921111729433e-01 -1.244915504197495528e-06
4.912500083446502686e-02 9.992204378192551806e-01 -1.756831635788514979e-06
5.412499979138374329e-02 9.991449335347051264e-01 -2.853328571317420355e-06
5.912499874830245972e-02 9.990690887838169498e-01 -7.750999614380408074e-06
6.412500143051147461e-02 9.989668881835568337e-01 -3.467192468435867885e-05
6.912499666213989258e-02 9.988421501168882610e-01 -5.591353896447425837e-05
7.412499934434890747e-02 9.987157652343527925e-01 -7.106458705260557921e-05
7.912500202655792236e-02 9.985875058289310768e-01 -8.351112837376801687e-05
8.412499725818634033e-02 9.984578916991966313e-01 -9.427991682204647360e-05
8.912499994039535522e-02 9.983266590873975943e-01 -1.038961328458094899e-04
9.412500262260437012e-02 9.981938244639962932e-01 -1.126458319488930803e-04
9.912499785423278809e-02 9.980593676728327646e-01 -1.207132540319276899e-04
1.041250005364418030e-01 9.979232414909031679e-01 -1.282247530233456890e-04
1.091250032186508179e-01 9.977853945487940024e-01 -1.352715895371736491e-04
1.141249984502792358e-01 9.976457678753396507e-01 -1.419218176085016120e-04
1.191250011324882507e-01 9.975042978922525894e-01 -1.482280502140809989e-04
1.241249963641166687e-01 9.973609272408600068e-01 -1.542322553586268727e-04
1.291249990463256836e-01 9.972153553064317943e-01 -1.599679606548253907e-04
1.341249942779541016e-01 9.970680393458565272e-01 -1.654626918587707768e-04
1.391250044107437134e-01 9.969186453427669736e-01 -1.707428859339820044e-04
1.441249996423721313e-01 9.967671339062678104e-01 -1.758259995548045449e-04
1.491249948740005493e-01 9.966134801578983016e-01 -1.807293814161549503e-04
1.541250050067901611e-01 9.964576656691693790e-01 -1.854682566175138261e-04
1.591250002384185791e-01 9.962996807651244291e-01 -1.900554027246392362e-04
1.641249954700469971e-01 9.961395355814322006e-01 -1.945027694610006012e-04
1.691250056028366089e-01 9.959772543054847826e-01 -1.988205608826328703e-04
1.741250008344650269e-01 9.958128804745880469e-01 -2.030185851209981350e-04
1.791249960660934448e-01 9.956464781277422071e-01 -2.071049586298385158e-04
1.841250061988830566e-01 9.954781117646589461e-01 -2.110879598320394444e-04
1.891250014305114746e-01 9.953078845848783995e-01 -2.149744814144816487e-04
1.941249966621398926e-01 9.951358933379685912e-01 -2.187712181017594545e-04
1.991250067949295044e-01 9.949622545841234622e-01 -2.224839287967497606e-04
2.041250020265579224e-01 9.947870881085234540e-01 -2.261185343714727770e-04
2.091249972581863403e-01 9.946105256748660750e-01 -2.296798039173734475e-04
2.141250073909759521e-01 9.944326962825756899e-01 -2.331728304641834200e-04
2.191250026226043701e-01 9.942537280096523933e-01 -2.366016092507735495e-04
2.241249978542327881e-01 9.940737563054918846e-01 -2.399699555502997534e-04
2.291249930858612061e-01 9.938929014159860742e-01 -2.432817206290609040e-04
2.341250032186508179e-01 9.937112881941496667e-01 -2.465400718836392941e-04
2.391249984502792358e-01 9.935290290537663882e-01 -2.497478347757588050e-04
2.441249936819076538e-01 9.933462308800737883e-01 -2.529077267877145613e-04
2.491250038146972656e-01 9.931629959511871775e-01 -2.560223574223725786e-04
2.541249990463256836e-01 9.929794173309767213e-01 -2.590939402580261230e-04
2.591249942779541016e-01 9.927955751833709153e-01 -2.621245628969681046e-04
2.641249895095825195e-01 9.926115528972829782e-01 -2.651159350134900394e-04
2.691250145435333252e-01 9.924274214223963719e-01 -2.680699282510268905e-04
2.741250097751617432e-01 9.922432452584233342e-01 -2.709876404004396403e-04
2.791250050067901611e-01 9.920590764658463456e-01 -2.738708711188772332e-04
2.841250002384185791e-01 9.918749666444345303e-01 -2.767205562280572050e-04
2.891249954700469971e-01 9.916909692368068852e-01 -2.795377575256974474e-04
2.941249907016754150e-01 9.915071183356685136e-01 -2.823236627855162627e-04
2.991249859333038330e-01 9.913234627765158402e-01 -2.850787219218010090e-04
3.041250109672546387e-01 9.911400219092622033e-01 -2.878042306876988808e-04
3.091250061988830566e-01 9.909568242980661967e-01 -2.905003330557818608e-04
3.141250014305114746e-01 9.907739077213305601e-01 -2.931676049163376091e-04
3.191249966621398926e-01 9.905912813932999939e-01 -2.958065141802248936e-04
3.241249918937683105e-01 9.904089747995570292e-01 -2.984170608474436600e-04
3.291249871253967285e-01 9.902269989971953512e-01 -3.009997308254241943e-04
3.341250121593475342e-01 9.900453678075817887e-01 -3.035541821793081934e-04
3.391250073909759521e-01 9.898640968949322660e-01 -3.060804688988100490e-04
3.441250026226043701e-01 9.896831917877934037e-01 -3.085779970970706915e-04
3.491249978542327881e-01 9.895026589361366476e-01 -3.110460469112304237e-04
3.541249930858612061e-01 9.893225158470263514e-01 -3.134841144372875498e-04
3.591249883174896240e-01 9.891427662061607062e-01 -3.158907239563799106e-04
3.641250133514404297e-01 9.889634100135398231e-01 -3.182646876947891495e-04
3.691250085830688477e-01 9.887844463477387658e-01 -3.206040620227942851e-04
3.741250038146972656e-01 9.886058908729736805e-01 -3.229067593381024616e-04
3.791249990463256836e-01 9.884277325321511043e-01 -3.251698641961323424e-04
3.841249942779541016e-01 9.882499750109685621e-01 -3.273898852620147682e-04
3.852578103542327881e-01 9.882097529904279032e-01 -3.286213906490860199e-04
3.900039196014404297e-01 9.880403518676758035e-01 -3.291426793388698671e-04
3.952773511409759521e-01 9.878496557042218962e-01 -3.247509759981275380e-04
4.000234305858612061e-01 9.876702064477302923e-01 -3.008054038464735326e-04
4.052968621253967285e-01 9.874487162788133654e-01 -1.651539246817141965e-04
4.100429713726043701e-01 9.872519479281660626e-01 1.265373404907143705e-04
4.153164029121398926e-01 9.870769804802493885e-01 3.852451193159905072e-04
4.200625121593475342e-01 9.869295451952064813e-01 4.987340186529113815e-04
4.253359436988830566e-01 9.867623112627850190e-01 5.556278038715970532e-04
4.300820231437683105e-01 9.866076695170379329e-01 5.782414317706932637e-04
4.350917935371398926e-01 9.864414546800697181e-01 5.889123548632082920e-04
4.410244226455688477e-01 9.862421772906170281e-01 5.951018437095310660e-04
4.457705020904541016e-01 9.860815020575038892e-01 5.979207186883198424e-04
4.505166113376617432e-01 9.859202850268082852e-01 5.999181221648691069e-04
4.561525881290435791e-01 9.857287383885775522e-01 6.009645868038785473e-04
4.601570963859558105e-01 9.855928135378924093e-01 6.013388075114448452e-04
4.651570916175842285e-01 9.854232806514426901e-01 6.016665610714235293e-04
4.701571166515350342e-01 9.852539329713094762e-01 6.019767139844848678e-04
4.751571118831634521e-01 9.850847852402839777e-01 6.022829076518182792e-04
4.801571071147918701e-01 9.849158724724957903e-01 6.025903250860130834e-04
4.851571023464202881e-01 9.847471845322761652e-01 6.029109520036817372e-04
4.901570975780487061e-01 9.845787361624159795e-01 6.032499714174132353e-04
4.951570928096771240e-01 9.844105116986998638e-01 6.036068794232059363e-04
5.001571178436279297e-01 9.842425397052856351e-01 6.039764570153278089e-04
5.051571130752563477e-01 9.840748072822312897e-01 6.043481222097424289e-04
5.101571083068847656e-01 9.839073181152343528e-01 6.047069738452561655e-04
5.151571035385131836e-01 9.837400943184819724e-01 6.050337915835173139e-04
5.201570987701416016e-01 9.835731266777296700e-01 6.053061157033063190e-04
5.251570940017700195e-01 9.834069477763153211e-01 6.027011119801064772e-04
5.318368077278137207e-01 9.831854354932112461e-01 6.011018646512054963e-04
5.361379384994506836e-01 9.830436190545270847e-01 5.959225953489110435e-04
5.411435961723327637e-01 9.828795041439037927e-01 5.880762701449186811e-04
5.456486940383911133e-01 9.827326972703426256e-01 5.773769484625922068e-04
5.501537322998046875e-01 9.825867399501339028e-01 5.632324711136195688e-04
5.561605095863342285e-01 9.823942635946227853e-01 5.309783318192487110e-04
5.606656074523925781e-01 9.822513856749603978e-01 4.941746592521667480e-04
5.651707053184509277e-01 9.821094734081323718e-01 4.428440102056604446e-04
5.711774826049804688e-01 9.819204505514983472e-01 3.485261386143412407e-04
5.756825208663940430e-01 9.817771524622820323e-01 2.606715917011390117e-04
5.801876187324523926e-01 9.816307694439727616e-01 1.631867374486969220e-04
5.861943960189819336e-01 9.814277814782184084e-01 3.252047280542516236e-05
5.903240442276000977e-01 9.812785383583844112e-01 -4.605288000930334854e-05
5.952045321464538574e-01 9.810846964518228353e-01 -6.369315087795257568e-05
6.000850796699523926e-01 9.808663980972364138e-01 1.072919329151439264e-04
6.051532626152038574e-01 9.806568919748499535e-01 4.665160524672356244e-04
6.102215051651000977e-01 9.804877645151627297e-01 7.150682850160460478e-04
6.152896881103515625e-01 9.803287469246537711e-01 8.404906389218021277e-04
6.206395030021667480e-01 9.801610808441603151e-01 9.111114170240318822e-04
6.257076859474182129e-01 9.800023194096514345e-01 9.542222040286962945e-04
6.314094662666320801e-01 9.798227816964116821e-01 9.923047489590114054e-04
6.361609101295471191e-01 9.796744342011530771e-01 1.017824247263479946e-03
6.418626308441162109e-01 9.794972921915100494e-01 1.043893288874971634e-03
6.468516588211059570e-01 9.793462320226401507e-01 1.060736568077750913e-03
6.508607268333435059e-01 9.792304734676932076e-01 1.065369461469604104e-03
6.556715369224548340e-01 9.791051155127188377e-01 1.032761041668878079e-03
6.604824066162109375e-01 9.790009576917271250e-01 8.350101789990485102e-04
6.654435992240905762e-01 9.788761083630548310e-01 3.614787750198069412e-04
6.700665354728698730e-01 9.786795353543931153e-01 1.794859443021857149e-04
6.751404404640197754e-01 9.784271664089626563e-01 6.048901789430259418e-04
6.802144050598144531e-01 9.782590046021096830e-01 1.053049296572588448e-03
6.851192116737365723e-01 9.781402422034222166e-01 1.274228383953444638e-03
6.903992891311645508e-01 9.780628241202681261e-01 1.260510245383073729e-03
6.952155232429504395e-01 9.780091640453983937e-01 5.747030898568710518e-04
7.000318169593811035e-01 9.777677729509879345e-01 5.882281252151525842e-04
7.050889134407043457e-01 9.775954813197038629e-01 1.310748178601840817e-03
7.102062106132507324e-01 9.775888618063811597e-01 1.447965269503386030e-03
7.151347994804382324e-01 9.775297118845769351e-01 5.592567405263007075e-04
7.201493978500366211e-01 9.773295121492395765e-01 1.432930213817651746e-03
7.250555157661437988e-01 9.774515013763869220e-01 1.287357386759513779e-03
7.301544547080993652e-01 9.772900106826266642e-01 1.284579579956865621e-03
7.350822091102600098e-01 9.774840331883822842e-01 1.434148077803533471e-03
7.400252223014831543e-01 9.774147328547233560e-01 1.613989976293222833e-03
7.450025677680969238e-01 9.777246502862461108e-01 9.560566305538306621e-04
7.500485777854919434e-01 9.780266526816546735e-01 1.620273083304437549e-03
7.550945281982421875e-01 9.783381844488319157e-01 2.002169400597540207e-03
7.600246667861938477e-01 9.788513625877490743e-01 1.951727314271788603e-03
7.650642395019531250e-01 9.796486324734157147e-01 1.906942630159682043e-03
7.700304985046386719e-01 9.807561828318425157e-01 1.469461814216945416e-03
7.750157713890075684e-01 9.820621748477365021e-01 5.304161189258962831e-04
7.800490856170654297e-01 9.836390435407702526e-01 8.054622561459379637e-04
7.850595712661743164e-01 9.859318691751230990e-01 -7.938347432924354029e-04
7.900351881980895996e-01 9.884270810850577238e-01 -9.605019276844706895e-04
7.950456738471984863e-01 9.913686982675450343e-01 -2.509028151415396233e-03
8.000039458274841309e-01 9.948810747856103864e-01 -4.698665821609865519e-03
8.050143718719482422e-01 9.987694917669618366e-01 -7.935050029109640829e-03
8.100118041038513184e-01 1.002755427936425026e+00 -1.057442374851392738e-02
8.150222301483154297e-01 1.006584682096029804e+00 -1.329963103584621241e-02
8.200326561927795410e-01 1.010210814913689692e+00 -1.620265251196524939e-02
8.250039815902709961e-01 1.013816592082885215e+00 -2.113404711663435104e-02
8.300144672393798828e-01 1.016582710155542468e+00 -2.311612327317684804e-02
8.350248932838439941e-01 1.019356726678673164e+00 -2.724332855519465135e-02
8.400157690048217773e-01 1.021399919076818374e+00 -2.984580440797667683e-02
8.450066447257995605e-01 1.023023511361384807e+00 -3.168491234525966371e-02
8.500415682792663574e-01 1.024381412745673847e+00 -3.419040136291209148e-02
8.550040125846862793e-01 1.025378456668577298e+00 -3.611324835514676673e-02
8.600479960441589355e-01 1.025823720296223929e+00 -3.550711922023607608e-02
8.650170564651489258e-01 1.026625873731530358e+00 -3.802463743421766185e-02
8.700518012046813965e-01 1.026690222330139513e+00 -3.729037731741937506e-02
8.750401139259338379e-01 1.027300138980294264e+00 -4.065966490962079349e-02
8.800869584083557129e-01 1.027296182383661716e+00 -3.925006055601552857e-02
8.850659132003784180e-01 1.027178592036887661e+00 -3.900957798612290223e-02
8.904122710227966309e-01 1.027038773246433445e+00 -3.898713208627009597e-02
8.951978087425231934e-01 1.026923254261846052e+00 -3.907370452143719974e-02
9.000672698020935059e-01 1.026885942099750926e+00 -3.971177713882519805e-02
9.050771594047546387e-01 1.027318272613672701e+00 -4.274179854830682107e-02
9.100199937820434570e-01 1.027235720353425918e+00 -4.171212514241536690e-02
9.152421355247497559e-01 1.027079328822628757e+00 -4.151277035330804693e-02
9.204881787300109863e-01 1.026915186269271807e+00 -4.149940048438915258e-02
9.250980019569396973e-01 1.026769951345839926e+00 -4.151112100352411655e-02
9.302559494972229004e-01 1.026607185400626454e+00 -4.152929149388115415e-02
9.350602626800537109e-01 1.026455489448879099e+00 -4.154771998308706693e-02
9.405575990676879883e-01 1.026281850695034192e+00 -4.157008295473844928e-02
9.471817016601562500e-01 1.026072512271899440e+00 -4.159735251164090736e-02
9.508125185966491699e-01 1.025957557199081993e+00 -4.161242240868904402e-02
9.558125138282775879e-01 1.025799562389723807e+00 -4.163395609832615946e-02
9.608125090599060059e-01 1.025640966811617760e+00 -4.165509357544534830e-02
9.653705358505249023e-01 1.025497209853020397e+00 -4.167528659249273432e-02
9.730916619300842285e-01 1.025252584558754121e+00 -4.170930097644455492e-02
9.756603240966796875e-01 1.025171353621183501e+00 -4.172109520953634632e-02
9.800642132759094238e-01 1.025031818629462910e+00 -4.174102101349024679e-02
9.850533604621887207e-01 1.024873656120853127e+00 -4.176412573183216348e-02
9.902013540267944336e-01 1.024710337320963394e+00 -4.178839605211635833e-02
9.951235651969909668e-01 1.024554122703662973e+00 -4.181189237585389989e-02
1.000000000000000000e+00 1.024399269951714375e+00 -4.183551769901588946e-02
