1.566976806640625000e+03 0.000000000000000000e+00
1.563387329101562500e+03 -2.915807417593896389e-04
1.558159301757812500e+03 -7.190704345703125000e-04
1.555038085937500000e+03 -9.758869418874382973e-04
1.551916870117187500e+03 -1.233901595696806908e-03
1.548795654296875000e+03 -1.493115909397602081e-03
1.545674438476562500e+03 -1.753530115820467472e-03
1.542553222656250000e+03 -2.015141304582357407e-03
1.539432006835937500e+03 -2.277939347550272942e-03
1.536310791015625000e+03 -2.541894558817148209e-03
1.533189575195312500e+03 -2.806837437674403191e-03
1.530068359375000000e+03 -3.072038292884826660e-03
1.526947143554687500e+03 -3.322005039080977440e-03
1.523825805664062500e+03 -3.399760462343692780e-03
1.520704467773437500e+03 -3.401608439162373543e-03
1.519924072265625000e+03 -3.401413327082991600e-03
1.516997680664062500e+03 -3.337245434522628784e-03
1.513449462890625000e+03 -3.233138704672455788e-03
1.509745727539062500e+03 -3.146229078993201256e-03
1.506624267578125000e+03 -3.078936832025647163e-03
1.503502807617187500e+03 -3.018473275005817413e-03
1.500381347656250000e+03 -2.965494524687528610e-03
1.497259887695312500e+03 -2.919989870861172676e-03
1.494138427734375000e+03 -2.881396329030394554e-03
1.491016967773437500e+03 -2.848859410732984543e-03
1.487895507812500000e+03 -2.821473404765129089e-03
1.484774047851562500e+03 -2.798399422317743301e-03
1.481652709960937500e+03 -2.778905211016535759e-03
1.478531250000000000e+03 -2.762366784736514091e-03
1.475409790039062500e+03 -2.748254453763365746e-03
1.472288330078125000e+03 -2.736114664003252983e-03
1.469166992187500000e+03 -2.725549973547458649e-03
1.466045532226562500e+03 -2.716200426220893860e-03
1.462924072265625000e+03 -2.707722829654812813e-03
1.459802734375000000e+03 -2.699767472222447395e-03
1.456681274414062500e+03 -2.691864501684904099e-03
1.453559814453125000e+03 -2.683671191334724426e-03
1.450438354492187500e+03 -2.674324670806527138e-03
1.447317016601562500e+03 -2.662599086761474609e-03
1.444195556640625000e+03 -2.645382191985845566e-03
1.441854492187500000e+03 -2.619937062263488770e-03
1.438952392578125000e+03 -2.503287745639681816e-03
1.435619140625000000e+03 -2.491005696356296539e-03
1.432726928710937500e+03 -2.482616109773516655e-03
1.429562988281250000e+03 -2.474571811035275459e-03
1.426497802734375000e+03 -2.467585261911153793e-03
1.423234863281250000e+03 -2.461145399138331413e-03
1.420268676757812500e+03 -2.454857109114527702e-03
1.417005737304687500e+03 -2.446576487272977829e-03
1.413594604492187500e+03 -2.439961070194840431e-03
1.410479980468750000e+03 -2.436081413179636002e-03
1.407365478515625000e+03 -2.433373359963297844e-03
1.404250854492187500e+03 -2.431453438475728035e-03
1.401136352539062500e+03 -2.430164022371172905e-03
1.398021728515625000e+03 -2.429424086585640907e-03
1.394907226562500000e+03 -2.429095795378088951e-03
1.391792602539062500e+03 -2.429372398182749748e-03
1.388677978515625000e+03 -2.430074848234653473e-03
1.385674682617187500e+03 -2.431037137284874916e-03
1.382421142578125000e+03 -2.432627137750387192e-03
1.379417724609375000e+03 -2.434428781270980835e-03
1.375851318359375000e+03 -2.437016461044549942e-03
1.373317260742187500e+03 -2.439127769321203232e-03
1.370195800781250000e+03 -2.442030236124992371e-03
1.367074462890625000e+03 -2.445255406200885773e-03
1.363953002929687500e+03 -2.448793500661849976e-03
1.360831542968750000e+03 -2.452635206282138824e-03
1.357710205078125000e+03 -2.456770045682787895e-03
1.354588745117187500e+03 -2.461188239976763725e-03
1.351467407226562500e+03 -2.465880708768963814e-03
1.348345947265625000e+03 -2.470839070156216621e-03
1.345224487304687500e+03 -2.476055407896637917e-03
1.342103149414062500e+03 -2.481440315023064613e-03
1.338981689453125000e+03 -2.487163525074720383e-03
1.335860229492187500e+03 -2.493102569133043289e-03
1.332738891601562500e+03 -2.499292371794581413e-03
1.329617431640625000e+03 -2.505693817511200905e-03
1.326496093750000000e+03 -2.512320876121520996e-03
1.323374633789062500e+03 -2.519158413633704185e-03
1.320253173828125000e+03 -2.526207361370325089e-03
1.317131835937500000e+03 -2.533459803089499474e-03
1.314010375976562500e+03 -2.540913410484790802e-03
1.310889038085937500e+03 -2.548563061282038689e-03
1.307596923828125000e+03 -2.556907013058662415e-03
1.304304809570312500e+03 -2.565408591181039810e-03
1.301012695312500000e+03 -2.574049634858965874e-03
1.298378906250000000e+03 -2.581264590844511986e-03
1.295086791992187500e+03 -2.590393880382180214e-03
1.291794677734375000e+03 -2.599757863208651543e-03
1.289161010742187500e+03 -2.607401693239808083e-03
1.285868896484375000e+03 -2.617100486531853676e-03
1.282576782226562500e+03 -2.626780187711119652e-03
1.278955444335937500e+03 -2.637937897816300392e-03
1.275992553710937500e+03 -2.646934241056442261e-03
1.273523559570312500e+03 -2.654284005984663963e-03
1.270313720703125000e+03 -2.663608174771070480e-03
1.267103881835937500e+03 -2.672560047358274460e-03
1.264079223632812500e+03 -2.681356621906161308e-03
1.260745971679687500e+03 -2.691845875233411789e-03
1.257412719726562500e+03 -2.702944912016391754e-03
1.254635009765625000e+03 -2.712438581511378288e-03
1.251301757812500000e+03 -2.724033081904053688e-03
1.248524047851562500e+03 -2.733838977292180061e-03
1.245190795898437500e+03 -2.745767589658498764e-03
1.242135253906250000e+03 -2.756851026788353920e-03
1.238802001953125000e+03 -2.769102109596133232e-03
1.234843750000000000e+03 -2.783861476927995682e-03
1.232031372070312500e+03 -2.794486703351140022e-03
1.228909912109375000e+03 -2.806414151564240456e-03
1.225788452148437500e+03 -2.818482927978038788e-03
1.222667114257812500e+03 -2.830690937116742134e-03
1.219545654296875000e+03 -2.843037480488419533e-03
1.216424316406250000e+03 -2.855484141036868095e-03
1.213302856445312500e+03 -2.868100767955183983e-03
1.210181518554687500e+03 -2.880857791751623154e-03
1.207060058593750000e+03 -2.893754513934254646e-03
1.203938598632812500e+03 -2.906781621277332306e-03
1.200817260742187500e+03 -2.919944003224372864e-03
1.197695800781250000e+03 -2.933238632977008820e-03
1.194867065429687500e+03 -2.945440355688333511e-03
1.191574951171875000e+03 -2.959711011499166489e-03
1.188612060546875000e+03 -2.972667803987860680e-03
1.185490600585937500e+03 -2.986459527164697647e-03
1.182661865234375000e+03 -2.999154618009924889e-03
1.179369750976562500e+03 -3.013930050656199455e-03
1.176406860351562500e+03 -3.027445171028375626e-03
1.173443969726562500e+03 -3.041018033400177956e-03
1.170481079101562500e+03 -3.054691711440682411e-03
1.166777465820312500e+03 -3.072025254368782043e-03
1.163814575195312500e+03 -3.085958771407604218e-03
1.160851684570312500e+03 -3.099981928244233131e-03
1.157888793945312500e+03 -3.114066552370786667e-03
1.154925781250000000e+03 -3.128162352368235588e-03
1.151222167968750000e+03 -3.145669586956501007e-03
1.148629638671875000e+03 -3.157745581120252609e-03
1.145435302734375000e+03 -3.172457683831453323e-03
1.142102050781250000e+03 -3.187762806192040443e-03
1.139185424804687500e+03 -3.201895859092473984e-03
1.135852172851562500e+03 -3.218820784240961075e-03
1.132935546875000000e+03 -3.233880735933780670e-03
1.129498168945312500e+03 -3.251768415793776512e-03
1.126685791015625000e+03 -3.266487969085574150e-03
1.122935791015625000e+03 -3.286250634118914604e-03
1.120123413085937500e+03 -3.301190212368965149e-03
1.117310913085937500e+03 -3.316223155707120895e-03
1.113795410156250000e+03 -3.335161134600639343e-03
1.109576782226562500e+03 -3.358008805662393570e-03
1.106455322265625000e+03 -3.375075757503509521e-03
1.103333984375000000e+03 -3.392301267012953758e-03
1.100212524414062500e+03 -3.409683471545577049e-03
1.097091186523437500e+03 -3.427190938964486122e-03
1.093969726562500000e+03 -3.444965695962309837e-03
1.091628662109375000e+03 -3.458274528384208679e-03
1.089287597656250000e+03 -3.471656003966927528e-03
1.084605468750000000e+03 -3.498640842735767365e-03
1.082849731445312500e+03 -3.508831607177853584e-03
1.079338134765625000e+03 -3.529343521222472191e-03
1.075826538085937500e+03 -3.550034249201416969e-03
1.072314941406250000e+03 -3.570918925106525421e-03
1.070559204101562500e+03 -3.581455443054437637e-03
1.067267089843750000e+03 -3.601107047870755196e-03
1.063974975585937500e+03 -3.620961913838982582e-03
1.060682861328125000e+03 -3.640901762992143631e-03
1.057473022460937500e+03 -3.660621121525764465e-03
1.054695434570312500e+03 -3.677089232951402664e-03
1.051848266601562500e+03 -3.693207167088985443e-03
1.048567016601562500e+03 -3.712087171152234077e-03
1.045285888671875000e+03 -3.732375567778944969e-03
1.042473388671875000e+03 -3.750159870833158493e-03
1.039192260742187500e+03 -3.771178191527724266e-03
1.035676757812500000e+03 -3.794067073613405228e-03
1.033215820312500000e+03 -3.810158697888255119e-03
1.030051879882812500e+03 -3.830926027148962021e-03
1.026360595703125000e+03 -3.855298971757292747e-03
1.023196533203125000e+03 -3.876299364492297173e-03
1.017702148437500000e+03 -3.913112916052341461e-03
1.014580749511718750e+03 -3.934342879801988602e-03
1.011459350585937500e+03 -3.955672495067119598e-03
1.010679016113281250e+03 -3.960990812629461288e-03
1.007947814941406250e+03 -3.979759756475687027e-03
1.004436218261718750e+03 -4.004128277301788330e-03
1.001583068847656250e+03 -4.024048801511526108e-03
9.982909545898437500e+02 -4.047109279781579971e-03
9.956572875976562500e+02 -4.065924324095249176e-03
9.923857421875000000e+02 -4.088702611625194550e-03
9.891914062500000000e+02 -4.110862500965595245e-03
9.862747802734375000e+02 -4.130121320486068726e-03
9.829415283203125000e+02 -4.152212757617235184e-03
9.800249023437500000e+02 -4.173150286078453064e-03
9.769000244140625000e+02 -4.196219146251678467e-03
9.738532104492187500e+02 -4.218739923089742661e-03
9.703962402343750000e+02 -4.244520794600248337e-03
9.672322998046875000e+02 -4.268353804945945740e-03
9.643319702148437500e+02 -4.290279932320117950e-03
9.604387817382812500e+02 -4.320249892771244049e-03
9.581862792968750000e+02 -4.337533377110958099e-03
9.548075561523437500e+02 -4.363762680441141129e-03
9.518042602539062500e+02 -4.387361463159322739e-03
9.488009033203125000e+02 -4.411217290908098221e-03
9.457976074218750000e+02 -4.434835631400346756e-03
9.426967163085937500e+02 -4.456598777323961258e-03
