0.000000000000000000e+00 1.000000000000000000e+00 0.000000000000000000e+00
5.750000011175870895e-03 9.998621728913537066e-01 -2.106969644185218602e-09
1.412499975413084030e-02 9.996607036719767914e-01 2.140148769751535984e-10
1.912499964237213135e-02 9.995401978492737260e-01 2.853021931675666433e-08
2.412500046193599701e-02 9.994193874556442925e-01 -7.282739398075414828e-08
2.912499941885471344e-02 9.992886782279744029e-01 1.912363774769393416e-07
3.037500008940696716e-02 9.992347114191855173e-01 4.379381683742251260e-07
3.506240621209144592e-02 9.991753283979857292e-01 -2.395328830496357429e-06
4.055297374725341797e-02 9.990356809399985050e-01 -2.621081508604323313e-06
4.562119022011756897e-02 9.988982380317349419e-01 -7.834185569735216077e-07
5.021426081657409668e-02 9.986954477620242354e-01 6.922559693382291183e-07
5.520328506827354431e-02 9.984803601438775322e-01 6.104838831368558559e-07
6.081593781709671021e-02 9.982639012078345919e-01 8.019827434728885461e-06
6.562678515911102295e-02 9.980553279369335229e-01 3.930879470071034924e-06
7.013694941997528076e-02 9.978627482071298349e-01 3.533046165013254749e-06
7.825525850057601929e-02 9.975158966233577118e-01 3.527093786526049159e-06
8.231440931558609009e-02 9.973428397343075957e-01 3.549807677458366041e-06
8.637356013059616089e-02 9.971703909888056661e-01 3.606112836745425475e-06
9.043271094560623169e-02 9.969991688657863227e-01 3.666422568408432804e-06
9.543270617723464966e-02 9.967910005541270602e-01 3.757619922934788402e-06
1.004327088594436646e-01 9.965880490288945293e-01 3.860078309318555208e-06
1.054327115416526794e-01 9.963954505074787971e-01 3.965090664351368290e-06
1.104327067732810974e-01 9.962223386529631686e-01 4.106225317408298682e-06
1.154327094554901123e-01 9.961081699784752885e-01 4.270468125110629615e-06
1.204327121376991272e-01 9.962101017900287792e-01 -9.466489671449649377e-06
1.258819252252578735e-01 9.959582887846847310e-01 -2.342913835424140679e-06
1.306280195713043213e-01 9.957509261633962216e-01 -1.253627281947969754e-06
1.381426751613616943e-01 9.954516645722788493e-01 -1.501569982040031101e-06
1.406426727771759033e-01 9.953590552795109625e-01 -1.550367069912367868e-06
1.452520489692687988e-01 9.955580448282175254e-01 4.557042790971365688e-06
1.516680568456649780e-01 9.953584764978569144e-01 6.960400407720962877e-06
1.552276313304901123e-01 9.952351011078933718e-01 7.068994684429297668e-06
1.602276265621185303e-01 9.950611936634985444e-01 7.196865732703596671e-06
1.652276366949081421e-01 9.948866022044213775e-01 7.324466101017784818e-06
1.702276319265365601e-01 9.947112257257471057e-01 7.451514786870902120e-06
1.752276271581649780e-01 9.945349876516559329e-01 7.580502389980654699e-06
1.802276372909545898e-01 9.943577982521997205e-01 7.710936295758620700e-06
1.852276325225830078e-01 9.941795894077845031e-01 7.842284319876450236e-06
1.902276277542114258e-01 9.940003052133643546e-01 7.974417430573495683e-06
1.952276378870010376e-01 9.938198733212324498e-01 8.107503082401353693e-06
2.002276331186294556e-01 9.936382401752942295e-01 8.241659984579814287e-06
2.052276283502578735e-01 9.934553536288257547e-01 8.377259175105047397e-06
2.102276384830474854e-01 9.932711671725868996e-01 8.514396424217176608e-06
2.152276337146759033e-01 9.930856206734193226e-01 8.653047645987548014e-06
2.202276289463043213e-01 9.928986821855817491e-01 8.793438215891422326e-06
2.252276241779327393e-01 9.927103131862697882e-01 8.935737882378359283e-06
2.302276343107223511e-01 9.925204601193883258e-01 9.079889871473677216e-06
2.352276295423507690e-01 9.923291051329062862e-01 9.225881566738554590e-06
2.402276247739791870e-01 9.921362228581470655e-01 9.373723864188335120e-06
2.452276349067687988e-01 9.919417780608379420e-01 9.523661637431002171e-06
2.502276301383972168e-01 9.917457373858672431e-01 9.675661624946030857e-06
2.552276253700256348e-01 9.915480937863805355e-01 9.829866621881870188e-06
2.602276206016540527e-01 9.913488162562178463e-01 9.986402219152216384e-06
2.652276456356048584e-01 9.911478831850250026e-01 1.014541752012492414e-05
2.702276408672332764e-01 9.909452692041256228e-01 1.030704786478005100e-05
2.752276360988616943e-01 9.907409705551973866e-01 1.047104092434122045e-05
2.802276313304901123e-01 9.905349778424342722e-01 1.063734508610417749e-05
2.852276265621185303e-01 9.903272675763210575e-01 1.080622070748817709e-05
2.902276217937469482e-01 9.901178190860842054e-01 1.097765058425846982e-05
2.952276170253753662e-01 9.899066417675299601e-01 1.115168059437439365e-05
3.002276420593261719e-01 9.896937102519819396e-01 1.132829009275424692e-05
3.052276372909545898e-01 9.894790245394402550e-01 1.150722101587673778e-05
3.102276325225830078e-01 9.892625855694850978e-01 1.168879106861029995e-05
3.152276277542114258e-01 9.890443482422476285e-01 1.187330533938454903e-05
3.202276229858398438e-01 9.888243454430490909e-01 1.206126619185426481e-05
3.252276182174682617e-01 9.886025442865682411e-01 1.225283534582612523e-05
3.302276432514190674e-01 9.883789419540629506e-01 1.244815731687205203e-05
3.352276384830474854e-01 9.881535581767264542e-01 1.264720113736949018e-05
3.402276337146759033e-01 9.879263788608494412e-01 1.285001268527777933e-05
3.452276289463043213e-01 9.876973654836269656e-01 1.305663898550524491e-05
3.502276241779327393e-01 9.874665434137354092e-01 1.326773035812554071e-05
3.552276194095611572e-01 9.872339098324329765e-01 1.348361941834388679e-05
3.602276444435119629e-01 9.869994619209778719e-01 1.370484867302948555e-05
3.652276396751403809e-01 9.867631705523711716e-01 1.393228062781794300e-05
3.702276349067687988e-01 9.865250761285790926e-01 1.416779054429730826e-05
3.752276301383972168e-01 9.862851467038609155e-01 1.441210329422516161e-05
3.802276253700256348e-01 9.860433691240884091e-01 1.466556755009249521e-05
3.852276206016540527e-01 9.857997518454866270e-01 1.493026961210032460e-05
3.902276456356048584e-01 9.855543014451200179e-01 1.520836459738867648e-05
3.952276408672332764e-01 9.853069944334734709e-01 1.593757296907784336e-05
4.002276360988616943e-01 9.850578439646753282e-01 1.657968203495875797e-05
4.052276313304901123e-01 9.848068528574674962e-01 1.737695380017675284e-05
4.102276265621185303e-01 9.845539863473675712e-01 1.843178098828628309e-05
4.152276217937469482e-01 9.842992622864070729e-01 1.988122514976656564e-05
4.202276170253753662e-01 9.840426722183602815e-01 2.193059818130995795e-05
4.252276420593261719e-01 9.837841898349705128e-01 2.488575123360591427e-05
4.302276372909545898e-01 9.835238038612704736e-01 2.924195981671657427e-05
4.374151229858398438e-01 9.831461995693263622e-01 3.898467666703492296e-05
4.402276277542114258e-01 9.829973399345510732e-01 4.444414465298206018e-05
4.458526372909545898e-01 9.826977396246248109e-01 5.961992213585106927e-05
4.514776170253753662e-01 9.823956156011872665e-01 8.373435935363393492e-05
4.571026265621185303e-01 9.820908569937267796e-01 1.178588442908132017e-04
4.627276360988616943e-01 9.817835521228207574e-01 1.625863862742344052e-04
4.655401408672332764e-01 9.816289817171144350e-01 1.877541906140707973e-04
4.711651206016540527e-01 9.813181214731901969e-01 2.369140573029447671e-04
4.767901301383972168e-01 9.810050363023880005e-01 2.759025601917886972e-04
4.824151396751403809e-01 9.806898032503175155e-01 3.053964175320611051e-04
4.852276444435119629e-01 9.805313730474762846e-01 3.174446486487176970e-04
4.936651289463043213e-01 9.800525608908365882e-01 3.283238543078229911e-04
4.978838860988616943e-01 9.798114006155230760e-01 3.364338663411258140e-04
5.021026134490966797e-01 9.795690094896137845e-01 3.483473814179744517e-04
5.063213706016540527e-01 9.793253668423357317e-01 3.750033566517195515e-04
5.105401277542114258e-01 9.790804200571745497e-01 4.428334057037466463e-04
5.189776420593261719e-01 9.785832071539216637e-01 2.541305396357193373e-03
5.231963992118835449e-01 9.781209785950008007e-01 2.018648297915905110e-02
5.274151563644409180e-01 9.772914660975263734e-01 3.891933610286618661e-02
5.316338539123535156e-01 9.765493609047876111e-01 4.971930781021494106e-02
5.358526110649108887e-01 9.759214410640923987e-01 5.670898418708388011e-02
5.400713682174682617e-01 9.753330794461254616e-01 6.235142411856815781e-02
5.453448295593261719e-01 9.746075108720750890e-01 6.866748227274475924e-02
5.506182312965393066e-01 9.738810139923848030e-01 7.451533801449930494e-02
5.553643703460693359e-01 9.732207255997680218e-01 7.953144881525650578e-02
5.601104497909545898e-01 9.725514717289966971e-01 8.438978524043641571e-02
5.664385557174682617e-01 9.716457855525275633e-01 9.065849792781134620e-02
5.711846351623535156e-01 9.709658956292814835e-01 9.513343848618380227e-02
5.759307742118835449e-01 9.702988422562922599e-01 9.931906338395743439e-02
5.806768536567687988e-01 9.696473107549357096e-01 1.032326421126943533e-01
5.854229331016540527e-01 9.690012833167767070e-01 1.070012999285618049e-01
5.901690125465393066e-01 9.683497649695486098e-01 1.107411783904277691e-01
5.964971780776977539e-01 9.674664727572735989e-01 1.157341942998576095e-01
6.012432575225830078e-01 9.667954017376076958e-01 1.194567187079067921e-01
6.059893369674682617e-01 9.661200575053398021e-01 1.231327996465372970e-01
6.107354164123535156e-01 9.654419922476330518e-01 1.267536708286830238e-01
6.154815554618835449e-01 9.647614915969924265e-01 1.303225550158270407e-01
6.202276349067687988e-01 9.640780744881466413e-01 1.338478144753742771e-01
6.273467540740966797e-01 9.630464525645588969e-01 1.390710182377857540e-01
6.320928931236267090e-01 9.623541094399439277e-01 1.425166012618342137e-01
6.368389725685119629e-01 9.616575081360163590e-01 1.459418235741225256e-01
6.402502059936523438e-01 9.611547911695659252e-01 1.483880686642501112e-01
6.455895900726318359e-01 9.603628900838016014e-01 1.522013095799338023e-01
6.509289145469665527e-01 9.595640097932862655e-01 1.560026835925473476e-01
6.562682986259460449e-01 9.587566995855623109e-01 1.598025354845770407e-01
6.602727770805358887e-01 9.581442997373382786e-01 1.626606269423010176e-01
6.656121611595153809e-01 9.573192502477485544e-01 1.664799657361260843e-01
6.709514856338500977e-01 9.564901605615474534e-01 1.702742365193484486e-01
6.762908697128295898e-01 9.556676141146954739e-01 1.739861812497594806e-01
6.802954077720642090e-01 9.550568002785368993e-01 1.767152870817137456e-01
6.856347322463989258e-01 9.542461263722387121e-01 1.803124902283616826e-01
6.909741163253784180e-01 9.534339153120671151e-01 1.838988694064135621e-01
6.963134407997131348e-01 9.526160367016721642e-01 1.874954900130849644e-01
7.003179788589477539e-01 9.519978302452951624e-01 1.902037559471694006e-01
7.056573033332824707e-01 9.511670417973560054e-01 1.938262150205414813e-01
7.109966874122619629e-01 9.503292440780863881e-01 1.974570363613185053e-01
7.150011658668518066e-01 9.496967296882216081e-01 2.001830227856565558e-01
7.203405499458312988e-01 9.488482808831877335e-01 2.038178467398206462e-01
7.259718775749206543e-01 9.479473959636217639e-01 2.076510913266337022e-01
7.308289408683776855e-01 9.471662324050378334e-01 2.109525896645531862e-01
7.353428006172180176e-01 9.464353890254579849e-01 2.140283443657635398e-01
7.401912212371826172e-01 9.456475131030153136e-01 2.173264790051089024e-01
7.462331652641296387e-01 9.446594989945735765e-01 2.214391360729198732e-01
7.500429153442382812e-01 9.440331181869131560e-01 2.240362308295489602e-01
7.555289268493652344e-01 9.431269152411099199e-01 2.277746905246978981e-01
7.603292465209960938e-01 9.423296998874306496e-01 2.310483960682535309e-01
7.651531100273132324e-01 9.415245168902016681e-01 2.343416448884409753e-01
7.705456018447875977e-01 9.406196744571178048e-01 2.380269431128290425e-01
7.752376198768615723e-01 9.398281717535310609e-01 2.412376027976350923e-01
7.802656292915344238e-01 9.389752242365494439e-01 2.446842287561576401e-01
7.856503129005432129e-01 9.380565511769262121e-01 2.483805200736511065e-01
7.903716564178466797e-01 9.372480307893800155e-01 2.516207577559748110e-01
7.952589392662048340e-01 9.364056667083590080e-01 2.549818255043969639e-01
8.000647425651550293e-01 9.355724240758735988e-01 2.582930391057958741e-01
8.050537109375000000e-01 9.347020116345635676e-01 2.617342906632446620e-01
8.105092644691467285e-01 9.337431057333358542e-01 2.655033618945793483e-01
8.153235316276550293e-01 9.328897861424337856e-01 2.688365616821890569e-01
8.203444480895996094e-01 9.319919078808112101e-01 2.723252808519184831e-01
8.253653645515441895e-01 9.310859191593865436e-01 2.758292024358739991e-01
8.303863406181335449e-01 9.301736390062153026e-01 2.793536444602928714e-01
8.354072570800781250e-01 9.292592015759698620e-01 2.828869373340324733e-01
8.404281735420227051e-01 9.283451850778362546e-01 2.864238381973041037e-01
8.454490900039672852e-01 9.274316721949084075e-01 2.899631819701546931e-01
8.504700064659118652e-01 9.265168363824853870e-01 2.935073176041025356e-01
8.550725579261779785e-01 9.256754156403941280e-01 2.967635093651381784e-01
8.602503538131713867e-01 9.247248005984453068e-01 3.004359729184305494e-01
8.650993108749389648e-01 9.238301018775978424e-01 3.038856994929571842e-01
8.700022697448730469e-01 9.229215199136968639e-01 3.073807138527555605e-01
8.752581477165222168e-01 9.219413870073891459e-01 3.111474549241841081e-01
8.800352215766906738e-01 9.210463801041024468e-01 3.145781455956069284e-01
8.851726651191711426e-01 9.200787699281288701e-01 3.182804878122113545e-01
8.900559544563293457e-01 9.191539294613992883e-01 3.218121833989185387e-01
8.950802087783813477e-01 9.181980903512737546e-01 3.254567414081742660e-01
9.000690579414367676e-01 9.172437470534753334e-01 3.290889721198622109e-01
9.050410985946655273e-01 9.162878252602564277e-01 3.327205639167372109e-01
9.101476669311523438e-01 9.153007620073891903e-01 3.364646047206935053e-01
9.151535034179687500e-01 9.143262891346598531e-01 3.401528720198006561e-01
9.201730489730834961e-01 9.133477422404171486e-01 3.438542934474099200e-01
9.252285361289978027e-01 9.123553121031211521e-01 3.476014912422067393e-01
9.301068186759948730e-01 9.113924674799877002e-01 3.512307152959513457e-01
9.351359009742736816e-01 9.103947155581320061e-01 3.549871209806996775e-01
9.400968551635742188e-01 9.094055326114146576e-01 3.587050790269973866e-01
9.450331926345825195e-01 9.084166503304917928e-01 3.624183391702586188e-01
9.502050280570983887e-01 9.073743698044950401e-01 3.663256415005388122e-01
9.550412893295288086e-01 9.063947555466824735e-01 3.699941400236684275e-01
9.600104093551635742e-01 9.053825566334090524e-01 3.737788834595328069e-01
9.651200175285339355e-01 9.043367658342633675e-01 3.776844569614955516e-01
9.700512886047363281e-01 9.033224021272706628e-01 3.814693507302570619e-01
9.751083254814147949e-01 9.022762354958822062e-01 3.853666183396513012e-01
9.802803993225097656e-01 9.012004908669759562e-01 3.893681793964555160e-01
9.852401614189147949e-01 9.001633216594827624e-01 3.932204974695966970e-01
9.900613427162170410e-01 8.991498599498729538e-01 3.969795715632696842e-01
9.952252507209777832e-01 8.980586836490724867e-01 4.010209332545989769e-01
1.000000000000000000e+00 8.970441245093134786e-01 4.047726786195350868e-01
