0.000000000000000000e+00 1.000000000000000000e+00 0.000000000000000000e+00
5.750000011175870895e-03 9.998545912033369731e-01 -1.644460427400679615e-09
1.412499975413084030e-02 9.996423752167645782e-01 -4.951624675925836945e-09
1.912499964237213135e-02 9.995157485849717194e-01 -8.651300852173281359e-09
2.412500046193599701e-02 9.993891314498517531e-01 -1.548797023255659795e-08
2.912499941885471344e-02 9.992624880686526989e-01 -3.096167286251429176e-08
3.412500023841857910e-02 9.991357376194802686e-01 -1.110497738837319225e-07
3.912499919533729553e-02 9.990004355967545546e-01 1.199503268796105419e-06
4.412499815225601196e-02 9.988472938537598100e-01 2.266992736576485090e-06
4.912500083446502686e-02 9.986887383661351425e-01 2.941800704022415408e-06
5.412499979138374329e-02 9.985242510242622327e-01 3.476652215007974479e-06
5.912499874830245972e-02 9.983535779424073109e-01 3.934857834662709627e-06
6.412500143051147461e-02 9.981763068768156888e-01 4.347784350774869435e-06
6.912499666213989258e-02 9.979925155639648438e-01 4.733278330008522866e-06
7.412499934434890747e-02 9.978024881827730619e-01 5.103989715586189817e-06
7.912500202655792236e-02 9.976067111872826132e-01 5.468823203519612834e-06
8.412499725818634033e-02 9.974058309923700127e-01 5.830556326428381718e-06
8.912499994039535522e-02 9.972006030042631641e-01 6.183598800992765241e-06
9.412500262260437012e-02 9.969917662804868019e-01 6.520484785447601696e-06
9.912499785423278809e-02 9.967799476815872861e-01 6.846880868953816792e-06
1.041250005364418030e-01 9.965656748539259979e-01 7.182223518856432899e-06
1.053749993443489075e-01 9.965117831190093423e-01 7.212154191582142571e-06
1.125624999403953552e-01 9.961997479350627183e-01 7.990912041243385564e-06
1.157265603542327881e-01 9.960616385836560394e-01 8.320421794382463392e-06
1.209999993443489075e-01 9.958303255994780390e-01 9.190146380863270151e-06
1.252187490463256836e-01 9.956446322272805016e-01 1.005352701710051786e-05
1.304921805858612061e-01 9.954119728793617838e-01 1.137100723611206632e-05
1.362929642200469971e-01 9.951554877016723921e-01 1.334191746070605313e-05
1.410390585660934448e-01 9.949454222607011511e-01 1.532651734452287847e-05
1.457851529121398926e-01 9.947353132231896433e-01 1.741957169871370285e-05
1.505312472581863403e-01 9.945252849675025875e-01 1.912606144402207372e-05
1.552773416042327881e-01 9.943153862191849157e-01 1.949384777235383838e-05
1.600234359502792358e-01 9.941055592769334481e-01 1.769412872420639412e-05
1.663515567779541016e-01 9.938255438283711829e-01 1.211981328219926629e-05
1.718886792659759521e-01 9.935799298967633586e-01 6.219286455952821008e-06
1.754482388496398926e-01 9.934218334550617424e-01 2.584052311272180352e-06
1.825673878192901611e-01 9.931048263421580202e-01 -2.476104785602132631e-06
1.861269474029541016e-01 9.929460785168560122e-01 -4.150392487645149062e-06
1.932460963726043701e-01 9.926282873073546398e-01 -6.589863230200374987e-06
1.968056708574295044e-01 9.924692605924205768e-01 -7.488855606868487122e-06
2.003652304410934448e-01 9.923101537367877700e-01 -8.215146342746350473e-06
2.074843794107437134e-01 9.919916887042903308e-01 -9.327765335054958050e-06
2.110439389944076538e-01 9.918323125759093140e-01 -9.793721671615327382e-06
2.181630879640579224e-01 9.915132692481289922e-01 -1.067333940823538936e-05
2.217226624488830566e-01 9.913535437063009104e-01 -1.087460526022590544e-05
2.252822220325469971e-01 9.911937181488805759e-01 -1.122902280517986915e-05
2.338417917490005493e-01 9.908087600579783549e-01 -1.199982215126021642e-05
2.388418018817901611e-01 9.905834723721032020e-01 -1.216553495962078886e-05
2.438417971134185791e-01 9.903578256558971393e-01 -1.248094417593058434e-05
2.488417923450469971e-01 9.901318109336019191e-01 -1.277864182821842824e-05
2.538417875766754150e-01 9.899053884554309679e-01 -1.304598071244584471e-05
2.588417828083038330e-01 9.896785261651046550e-01 -1.328863954844594931e-05
2.638418078422546387e-01 9.894512253448743966e-01 -1.351172495789888445e-05
2.688418030738830566e-01 9.892234173943015296e-01 -1.371959302605701105e-05
2.738417983055114746e-01 9.889951100068934409e-01 -1.391561999290931179e-05
2.788417935371398926e-01 9.887662692029935974e-01 -1.410243234464100434e-05
2.838417887687683105e-01 9.885368577973181470e-01 -1.428226055968709386e-05
2.888417840003967285e-01 9.883068706608619802e-01 -1.445661823288733209e-05
2.938418090343475342e-01 9.880762693260898288e-01 -1.462690469597567975e-05
2.988418042659759521e-01 9.878450089142102319e-01 -1.466902865081274170e-05
3.038417994976043701e-01 9.876131086589909902e-01 -1.483459119536295590e-05
3.088417947292327881e-01 9.873805365041524729e-01 -1.500357224159881779e-05
3.138417899608612061e-01 9.871472629579175484e-01 -1.516954175063541894e-05
3.188417851924896240e-01 9.869132623752626676e-01 -1.532964314482793020e-05
3.238418102264404297e-01 9.866785244981782776e-01 -1.548758136625049572e-05
3.288418054580688477e-01 9.864430108591287771e-01 -1.564315449790794224e-05
3.338418006896972656e-01 9.862067304338728579e-01 -1.579693229008121726e-05
3.388417959213256836e-01 9.859696319323628666e-01 -1.594925440159164658e-05
3.438417911529541016e-01 9.857317320238643266e-01 -1.610066866924782873e-05
3.488417863845825195e-01 9.854929755715762241e-01 -1.625125335545098918e-05
3.538418114185333252e-01 9.852533792447643046e-01 -1.640131524881394893e-05
3.588418066501617432e-01 9.850129045758928559e-01 -1.655107191881211720e-05
3.638418018817901611e-01 9.847715515649619888e-01 -1.670096006964435210e-05
3.688417971134185791e-01 9.845292945669479323e-01 -1.685092178713373744e-05
3.738417923450469971e-01 9.842861271705947157e-01 -1.700108385637026821e-05
3.788417875766754150e-01 9.840420121906184869e-01 -1.715168419505367647e-05
3.838417828083038330e-01 9.837969714252888798e-01 -1.730285584926605157e-05
3.888418078422546387e-01 9.835509664070706259e-01 -1.745459255801529576e-05
3.938418030738830566e-01 9.833039932892102541e-01 -1.760748911555073742e-05
3.988417983055114746e-01 9.830560289911863814e-01 -1.776144847649486119e-05
4.038417935371398926e-01 9.828070940290178914e-01 -1.831709430748675101e-05
4.088417887687683105e-01 9.825571345481552976e-01 -1.826146069694967823e-05
4.138417840003967285e-01 9.823061338793330766e-01 -1.837362637038992091e-05
4.188418090343475342e-01 9.820541484416031031e-01 -1.852999464804384804e-05
4.238418042659759521e-01 9.818011282271698059e-01 -1.935039279090256247e-05
4.288417994976043701e-01 9.815470501555114691e-01 -1.973628590838248149e-05
4.338417947292327881e-01 9.812918924283581257e-01 -2.014745465096305554e-05
4.388417899608612061e-01 9.810356806907332139e-01 -2.061716053916626647e-05
4.438417851924896240e-01 9.807783867331112404e-01 -2.116259782254194987e-05
4.488418102264404297e-01 9.805199977329799310e-01 -2.180691338887735443e-05
4.538418054580688477e-01 9.802604918920693189e-01 -2.257614044331702918e-05
4.588418006896972656e-01 9.799998897263983988e-01 -2.350704196621390078e-05
4.638417959213256836e-01 9.797381245589056320e-01 -2.464737054430136119e-05
4.688417911529541016e-01 9.794752066476004604e-01 -2.606286502936306970e-05
4.738417863845825195e-01 9.792111154764640002e-01 -2.783919770677550370e-05
4.788418114185333252e-01 9.789457959086954597e-01 -3.024496200705776853e-05
4.838418066501617432e-01 9.786791915252429641e-01 -3.334450684174770094e-05
4.888418018817901611e-01 9.784112984793527090e-01 -3.717210488159115324e-05
4.938417971134185791e-01 9.781420129086791926e-01 -4.199822159374461518e-05
4.988417923450469971e-01 9.778713091681984215e-01 -4.792564681598118683e-05
5.038418173789978027e-01 9.775991051938353049e-01 -5.476973136933911798e-05
5.088418126106262207e-01 9.773254420176273882e-01 -6.184558532819026957e-05
5.138418078422546387e-01 9.770503350265886677e-01 -6.779828617552749286e-05
5.188418030738830566e-01 9.767738611557904571e-01 -7.075864602537715754e-05
5.238417983055114746e-01 9.764961281143316185e-01 -6.916573693772323957e-05
5.288417935371398926e-01 9.762172077082785782e-01 -6.237486455620837214e-05
5.338417887687683105e-01 9.759373845973936534e-01 -5.031675413376143042e-05
5.388417840003967285e-01 9.756568665063681811e-01 -3.401370985167367195e-05
5.438417792320251465e-01 9.753758432083771135e-01 -1.567764630337723330e-05
5.488417744636535645e-01 9.750944070255055385e-01 1.850268928756733981e-06
5.538417696952819824e-01 9.748125297482272966e-01 1.651817823157591126e-05
5.588418245315551758e-01 9.745300703289128119e-01 2.781715588409359872e-05
5.638418197631835938e-01 9.742467133337709972e-01 3.607444026890922772e-05
5.688418149948120117e-01 9.739622920701483944e-01 4.142831791849697226e-05
5.738418102264404297e-01 9.736766757484243140e-01 4.434447516413296265e-05
5.788418054580688477e-01 9.733897258854714574e-01 4.530912186919140407e-05
5.838418006896972656e-01 9.731014091427587775e-01 4.477401052703376867e-05
5.888417959213256836e-01 9.728116998752625033e-01 4.316465694363377846e-05
5.938417911529541016e-01 9.725206237280067390e-01 4.076950502495805981e-05
5.988417863845825195e-01 9.722281653139772661e-01 3.804735401097465876e-05
6.038417816162109375e-01 9.719343246331735298e-01 3.509354941985186289e-05
6.088417768478393555e-01 9.716391145081079150e-01 3.223970469807376697e-05
6.100918054580688477e-01 9.715652235015099780e-01 3.116027835537405567e-05
6.189980506896972656e-01 9.710358230206145302e-01 2.606721172312728398e-05
6.232168078422546387e-01 9.707835170200892483e-01 2.390222013497552786e-05
6.274355649948120117e-01 9.705302442021730425e-01 2.181902371284340453e-05
6.316543221473693848e-01 9.702760507279084568e-01 1.992559170021730231e-05
6.358730196952819824e-01 9.700208494042147356e-01 1.812221623268448173e-05
6.400917768478393555e-01 9.697647069081538618e-01 1.633988865533796622e-05
6.461562514305114746e-01 9.693948979738380434e-01 1.587264333702937029e-05
6.509023308753967285e-01 9.691040244222689504e-01 1.467482163375165333e-05
6.556484103202819824e-01 9.688117865554424224e-01 1.391235645077809567e-05
6.610619425773620605e-01 9.684769959008994178e-01 1.449372087206159300e-05
6.650664806365966797e-01 9.682279801569064759e-01 1.421697719507858599e-05
6.700721383094787598e-01 9.679152211421678809e-01 1.768859087669549015e-05
6.753280162811279297e-01 9.675852158490348964e-01 1.823646681649344298e-05
6.808186173439025879e-01 9.672383130498293236e-01 1.257257849103262488e-05
6.858868002891540527e-01 9.669161936014640801e-01 4.897061970178820504e-06
6.909550428390502930e-01 9.665924585166096872e-01 1.754777059898156064e-06
6.960232853889465332e-01 9.662674488740808920e-01 1.861717113677193049e-05
7.010914683341979980e-01 9.659416442358192967e-01 6.395421859596957725e-05
7.061597108840942383e-01 9.656156575178899137e-01 1.326687821821004320e-04
7.112278938293457031e-01 9.652901016363577558e-01 2.111472252036343219e-04
7.150290608406066895e-01 9.650464149282760307e-01 2.675194700225060757e-04
7.200973033905029297e-01 9.647218335576418502e-01 3.367762856122826333e-04
7.251654863357543945e-01 9.643970239462973382e-01 4.038544763036135067e-04
7.302337288856506348e-01 9.640711628889837570e-01 4.709150610851640267e-04
7.353019118309020996e-01 9.637435451475511172e-01 5.323838786918576533e-04
7.403701543807983398e-01 9.634134757418593153e-01 5.807096216858936280e-04
7.454383373260498047e-01 9.630803699653689431e-01 6.182557895403950404e-04
7.505065798759460449e-01 9.627439559808298464e-01 6.568571098712312024e-04
7.555748224258422852e-01 9.624042491752560213e-01 7.152810317127644788e-04
7.603262662887573242e-01 9.620832683659401585e-01 7.923279489789689795e-04
7.650777101516723633e-01 9.617596102161567462e-01 8.850997235594677435e-04
7.707794308662414551e-01 9.613689416196166126e-01 9.743841756291750627e-04
7.755308747291564941e-01 9.610428215475643743e-01 1.209787661287964854e-03
7.802823781967163086e-01 9.607184094340860403e-01 1.556910086078804132e-03
7.850338220596313477e-01 9.603984646837251393e-01 1.931819394856941832e-03
7.907355427742004395e-01 9.600189542369681472e-01 2.402541216681985080e-03
7.954869866371154785e-01 9.597012226521467460e-01 2.928176246771291551e-03
8.004760146141052246e-01 9.593603079659598354e-01 3.451042015011571065e-03
8.054650425910949707e-01 9.590108534869026258e-01 4.066592705349962415e-03
8.104540705680847168e-01 9.586549082523634357e-01 4.909410797247365683e-03
8.154430985450744629e-01 9.582959548565520569e-01 5.962405485265395190e-03
8.204321265220642090e-01 9.579367347524947451e-01 7.710005656009962308e-03
8.254211544990539551e-01 9.575833873588498468e-01 1.030748912266322460e-02
8.300538063049316406e-01 9.572457783162093836e-01 1.398405828395811457e-02
8.350428342819213867e-01 9.568374249113708041e-01 1.986511134299911302e-02
8.400318622589111328e-01 9.563348337381827324e-01 2.942702349494485253e-02
8.450208902359008789e-01 9.556830654625130261e-01 4.291702078170134965e-02
8.500099182128906250e-01 9.548239212677257504e-01 5.988027748941373435e-02
8.553553223609924316e-01 9.537395624753808310e-01 7.805478392528886200e-02
8.603443503379821777e-01 9.526815411223082952e-01 9.247441011316635817e-02
8.653333783149719238e-01 9.515935920266545001e-01 1.051880716275768179e-01
8.703224062919616699e-01 9.506371044511554569e-01 1.146313450917476329e-01
8.753114342689514160e-01 9.496711436039259047e-01 1.238364981002166437e-01
8.803004622459411621e-01 9.486963403525472405e-01 1.325541135643710511e-01
8.852894902229309082e-01 9.476706266002494772e-01 1.410719671169249068e-01
8.901003003120422363e-01 9.466908789883140551e-01 1.485680972828584689e-01
8.950893282890319824e-01 9.457351505055147101e-01 1.554750843208377031e-01
9.000783562660217285e-01 9.447653018727022456e-01 1.623834177225577657e-01
9.050673842430114746e-01 9.437888163077732262e-01 1.689701368828781525e-01
9.100564122200012207e-01 9.427535472196690858e-01 1.756122877617843914e-01
9.150454401969909668e-01 9.417840730042016384e-01 1.813699930655855996e-01
9.200344681739807129e-01 9.408256928259584040e-01 1.870931417000393782e-01
9.250234961509704590e-01 9.398510588317356973e-01 1.927464845801601934e-01
9.300125241279602051e-01 9.388695058101366175e-01 1.981823320148371759e-01
9.350015521049499512e-01 9.378406582359506416e-01 2.036598013228728965e-01
9.401687383651733398e-01 9.368402407349659677e-01 2.086671717026654382e-01
9.451577663421630859e-01 9.358779881581538174e-01 2.135864257812500056e-01
9.501467943191528320e-01 9.349038773224134236e-01 2.184308989709164983e-01
9.551358222961425781e-01 9.339074809611345174e-01 2.232782187582064148e-01
9.601248502731323242e-01 9.329098792837446918e-01 2.279215067374606163e-01
9.651138782501220703e-01 9.318903767561712570e-01 2.325585116859243684e-01
9.701029062271118164e-01 9.309146554129463791e-01 2.368757488346901197e-01
9.750919342041015625e-01 9.299362567292541737e-01 2.413449071034663995e-01
9.800809621810913086e-01 9.289526521057641650e-01 2.457828040884322551e-01
9.850699901580810547e-01 9.279566301618302759e-01 2.502085196871717265e-01
9.900590181350708008e-01 9.269437440503545123e-01 2.546938086758140929e-01
9.950480461120605469e-01 9.259322119961265196e-01 2.591194216944590067e-01
1.000000000000000000e+00 9.249280708377101146e-01 2.634451729910714524e-01
