0.000000000000000000e+00 1.000000000000000000e+00 0.000000000000000000e+00
5.750000011175870895e-03 9.997889666998085456e-01 -3.536923245787072800e-09
1.412499975413084030e-02 9.994808236691129499e-01 -1.018825136301178085e-08
1.912499964237213135e-02 9.992965419352556333e-01 -1.528809233979486414e-08
2.412500046193599701e-02 9.991119971395541199e-01 -2.137201575527139899e-08
2.912499941885471344e-02 9.989271664018390950e-01 -2.860098535746742950e-08
3.412500023841857910e-02 9.987420279238404808e-01 -3.720510177736898429e-08
3.912499919533729553e-02 9.985565581441926408e-01 -4.752544845657877114e-08
4.412499815225601196e-02 9.983707349440630319e-01 -6.008982886325474208e-08
4.912500083446502686e-02 9.981845329989905702e-01 -7.576567165850967383e-08
5.412499979138374329e-02 9.979979300298611467e-01 -9.607483203397641496e-08
5.912499874830245972e-02 9.978109101688159566e-01 -1.239482858296515077e-07
6.412500143051147461e-02 9.976234637989718212e-01 -1.657396499184938590e-07
6.912499666213989258e-02 9.974356707404641309e-01 -2.558234034247007646e-07
7.412499934434890747e-02 9.972483341633772147e-01 -5.025423949725237381e-07
7.912500202655792236e-02 9.970795257953033452e-01 -1.834936933044124947e-06
8.412499725818634033e-02 9.969461383338735772e-01 -3.504323060898219848e-06
8.912499994039535522e-02 9.968129611616374230e-01 -4.669577039840842382e-06
9.412500262260437012e-02 9.966757513094348653e-01 -5.592882805386510923e-06
9.912499785423278809e-02 9.965340772997430818e-01 -6.376235831935866478e-06
1.041250005364418030e-01 9.963877801334156681e-01 -7.062906227191956722e-06
1.091250032186508179e-01 9.962368995602390864e-01 -7.680735449079705962e-06
1.141249984502792358e-01 9.960814762916886389e-01 -8.245649113625038370e-06
1.191250011324882507e-01 9.959216157929235980e-01 -8.768644653448537277e-06
1.241249963641166687e-01 9.957574485330020764e-01 -9.258312932333024396e-06
1.291249990463256836e-01 9.955891572327173478e-01 -9.721340689839435168e-06
1.341249942779541016e-01 9.954169274979278725e-01 -1.016410318117181747e-05
1.391250044107437134e-01 9.952406230894457195e-01 -1.059037578456542043e-05
1.441249996423721313e-01 9.950614509261956897e-01 -1.101452669426172790e-05
1.491249948740005493e-01 9.948785034949038097e-01 -1.144761438755428066e-05
1.503749936819076538e-01 9.948319039224576832e-01 -1.159151468206854487e-05
1.550624966621398926e-01 9.946508439649053290e-01 -1.228722829778655174e-05
1.601821333169937134e-01 9.942013485692127173e-01 -1.612160699207241952e-05
1.667821705341339111e-01 9.938668464211856124e-01 -1.761952274236358481e-05
1.742906272411346436e-01 9.935372988917245962e-01 -1.883691630694044679e-05
1.787957102060317993e-01 9.933573381439979588e-01 -1.938869597531166480e-05
1.833007931709289551e-01 9.931883944984243318e-01 -1.982271107805877108e-05
1.878058761358261108e-01 9.930312732087462901e-01 -2.014160688434328507e-05
1.900584250688552856e-01 9.929566904276357908e-01 -2.032142883839727513e-05
1.951354295015335083e-01 9.927939073578651019e-01 -2.462473705786616992e-05
2.001838535070419312e-01 9.925221675584297021e-01 -3.109189579967691327e-05
2.072330713272094727e-01 9.921456954058479605e-01 -3.514391910128233096e-05
2.101862728595733643e-01 9.919851928198036850e-01 -3.700806688861686694e-05
2.170494645833969116e-01 9.916059824198233397e-01 -4.029249881996828158e-05
2.219259440898895264e-01 9.913314178210346217e-01 -4.263145207357005838e-05
2.269259542226791382e-01 9.910447083801783297e-01 -4.509164004766640283e-05
2.319259494543075562e-01 9.907533206458852826e-01 -4.756915844789072451e-05
2.369259446859359741e-01 9.904563660180869533e-01 -5.010550826036629839e-05
2.419259399175643921e-01 9.901533835274832773e-01 -5.269342986475519943e-05
2.469259500503540039e-01 9.898440660749162623e-01 -5.534296276188698421e-05
2.519259452819824219e-01 9.895281354118795614e-01 -5.806116622035242895e-05
2.569259405136108398e-01 9.892052440483029008e-01 -6.085329321252197911e-05
2.619259357452392578e-01 9.888750169257155553e-01 -6.372561725247808371e-05
2.669259607791900635e-01 9.885370309012276868e-01 -6.668488142871055132e-05
2.719259560108184814e-01 9.881909038639870024e-01 -6.973703994470483814e-05
2.769259512424468994e-01 9.878362819126673688e-01 -7.288717672604472285e-05
2.819259464740753174e-01 9.874711903804490598e-01 -7.612922487138700303e-05
2.869259417057037354e-01 9.870993016347163751e-01 -7.951155054469067880e-05
2.919259369373321533e-01 9.867156674681591966e-01 -8.295378139039047860e-05
2.969259321689605713e-01 9.863256630777310630e-01 -8.655717017269935537e-05
3.019259572029113770e-01 9.859224527823824413e-01 -9.019349177344506774e-05
3.051290810108184814e-01 9.856596900234702030e-01 -9.205845348975237423e-05
3.101388514041900635e-01 9.852414004542247028e-01 -9.558232141142131621e-05
3.152557313442230225e-01 9.848038232627034372e-01 -9.770641932968332467e-05
3.202613592147827148e-01 9.843651458996685033e-01 -9.723093454577341191e-05
3.252670168876647949e-01 9.839128907788701195e-01 -8.764302655428397339e-05
3.305229246616363525e-01 9.833983759519432377e-01 -4.047998109785448418e-05
3.350749611854553223e-01 9.827898208233488697e-01 1.088311441806184149e-04
3.400023877620697021e-01 9.819335796452369758e-01 1.546909203048513670e-04
3.450706005096435547e-01 9.813419348452271374e-01 1.352237427935880745e-04
3.506931364536285400e-01 9.807732705508961368e-01 1.629879870334593225e-04
3.556821644306182861e-01 9.802662735626477275e-01 1.835665156861313269e-04
3.606711924076080322e-01 9.797475157665604950e-01 1.980029860464464721e-04
3.656602203845977783e-01 9.792163457790342695e-01 2.084526069024029830e-04
3.706492483615875244e-01 9.786716724043132976e-01 2.149088543002344864e-04
3.756382763385772705e-01 9.781145624753808665e-01 2.191117080319829476e-04
3.806273043155670166e-01 9.775444607774750327e-01 2.208437238420759045e-04
3.871308565139770508e-01 9.767825599478072718e-01 2.212171544547842283e-04
3.919416964054107666e-01 9.762063547342764158e-01 2.203560676895269731e-04
3.961511850357055664e-01 9.756901845210741442e-01 2.175634147740211903e-04
4.015634059906005859e-01 9.750155485778295716e-01 2.129014049257551037e-04
4.051715135574340820e-01 9.745560077058167403e-01 2.082098306728010504e-04
4.137408435344696045e-01 9.734420750722163618e-01 1.959853062108785136e-04
4.187408387660980225e-01 9.727711114963563110e-01 1.882821196267584884e-04
4.237408339977264404e-01 9.720880639853597405e-01 1.798228681588373275e-04
4.287408590316772461e-01 9.713917015780921815e-01 1.704631107194083163e-04
4.337408542633056641e-01 9.706820883871125627e-01 1.604219194219893901e-04
4.387408494949340820e-01 9.699577216140362612e-01 1.497485557524096177e-04
4.437408447265625000e-01 9.692191757073922442e-01 1.389895041449731167e-04
4.474908411502838135e-01 9.686553339597556711e-01 1.313296686701414086e-04
4.503033459186553955e-01 9.682267979213168285e-01 1.263955060173483421e-04
4.551812708377838135e-01 9.674714468306854220e-01 1.210139579131823574e-04
4.611138999462127686e-01 9.665300436580881449e-01 1.234141342780169226e-04
4.652296304702758789e-01 9.658895002092634519e-01 1.385255521085082097e-04
4.703184068202972412e-01 9.654235839843750000e-01 1.677976936853232601e-04
4.755165576934814453e-01 9.648645840172006549e-01 1.623984144515350074e-04
4.799879789352416992e-01 9.643909948012409084e-01 1.547800768323305152e-04
