0.000000000000000000e+00 1.000000000000000000e+00 0.000000000000000000e+00
5.750000011175870895e-03 9.998477253805975185e-01 1.536307179556952771e-08
1.412499975413084030e-02 9.996242622106239484e-01 5.369167865865165368e-08
1.912499964237213135e-02 9.994914756252848420e-01 9.780854991825843012e-08
2.412500046193599701e-02 9.993591024957855229e-01 1.931847032994545758e-07
2.912499941885471344e-02 9.992270959348514836e-01 7.774626032312818640e-07
3.412500023841857910e-02 9.990943698019817409e-01 -7.607760851207221318e-06
3.912499919533729553e-02 9.989555842917541284e-01 -1.314557699390269641e-05
4.412499815225601196e-02 9.988109153920206040e-01 -1.670619380531896688e-05
4.912500083446502686e-02 9.986600746368539117e-01 -1.951841163802249830e-05
5.412499979138374329e-02 9.985030176310702998e-01 -2.190617820376466177e-05
5.912499874830245972e-02 9.983393539642465564e-01 -2.400376753688886411e-05
6.412500143051147461e-02 9.981690659605224614e-01 -2.588608286118712883e-05
6.912499666213989258e-02 9.979923100307070971e-01 -2.760128399100283202e-05
7.412499934434890747e-02 9.978094318817400943e-01 -2.918295473952231713e-05
7.912500202655792236e-02 9.976209414416346011e-01 -3.065564468952602424e-05
8.412499725818634033e-02 9.974274840848199597e-01 -3.203784179841650084e-05
8.912499994039535522e-02 9.972297723951010218e-01 -3.334364235593840830e-05
9.412500262260437012e-02 9.970285351934103923e-01 -3.458374854305694960e-05
9.912499785423278809e-02 9.968244694430252739e-01 -3.576655229874725953e-05
1.041250005364418030e-01 9.966181999650494117e-01 -3.689884786205045015e-05
1.091250032186508179e-01 9.964102769720144526e-01 -3.798629944052161865e-05
1.141249984502792358e-01 9.962011485264218313e-01 -3.905390822810345613e-05
1.191250011324882507e-01 9.959911917818002891e-01 -4.007648435774548113e-05
1.241249963641166687e-01 9.957807150380364458e-01 -4.106450520841211781e-05
1.291249990463256836e-01 9.955699526030441504e-01 -4.200068912629423447e-05
1.341249942779541016e-01 9.953590869903564675e-01 -4.292118106165836714e-05
1.391250044107437134e-01 9.951482563183224883e-01 -4.385611251125048064e-05
1.441249996423721313e-01 9.949375707527685631e-01 -4.472484780025893174e-05
1.491249948740005493e-01 9.947270816770092949e-01 -4.562314053804710157e-05
1.541250050067901611e-01 9.945168507510218081e-01 -4.649124557858911358e-05
1.591250002384185791e-01 9.943068948285332942e-01 -4.736635159572650530e-05
1.641249954700469971e-01 9.940969750798981375e-01 -4.801407440340724788e-05
1.691250056028366089e-01 9.938875798521371596e-01 -4.874158586407529757e-05
1.741250008344650269e-01 9.936784185212234055e-01 -4.948075491421181790e-05
1.791249960660934448e-01 9.934694877986249839e-01 -5.021723436898198925e-05
1.841250061988830566e-01 9.932607120481030671e-01 -5.094881233727109983e-05
1.891250014305114746e-01 9.930520666056665835e-01 -5.167211678906761624e-05
1.941249966621398926e-01 9.928434898113381868e-01 -5.238792650273133852e-05
1.991250067949295044e-01 9.926349376810007508e-01 -5.309485653736467972e-05
2.041250020265579224e-01 9.924263444440117876e-01 -5.379301929396801911e-05
2.091249972581863403e-01 9.922176541953250384e-01 -5.448213778436183929e-05
2.141250073909759521e-01 9.920089096858584199e-01 -5.607097409665584564e-05
2.191250026226043701e-01 9.917996817621691497e-01 -5.626421951656711653e-05
2.241249978542327881e-01 9.915903436726537512e-01 -5.671270352242321477e-05
2.291249930858612061e-01 9.913806413782053628e-01 -5.726155359297990799e-05
2.341250032186508179e-01 9.911706875110495307e-01 -5.918980078322106324e-05
2.391249984502792358e-01 9.909601269097164655e-01 -6.013920386161269836e-05
2.441249936819076538e-01 9.907490516531056723e-01 -6.098170957431710743e-05
2.491250038146972656e-01 9.905373926820425501e-01 -6.182141730497623592e-05
2.541249990463256836e-01 9.903251171112060769e-01 -6.267257789471026078e-05
2.591249942779541016e-01 9.901121706798159394e-01 -6.353821412756524816e-05
2.641249895095825195e-01 9.898984826844314799e-01 -6.442020872029764712e-05
2.691250145435333252e-01 9.896840350381259643e-01 -6.531993858516216278e-05
2.741250097751617432e-01 9.894687578595917632e-01 -6.623864816180590972e-05
2.791250050067901611e-01 9.892526018208471772e-01 -6.717713630019591286e-05
2.841250002384185791e-01 9.890355504792311958e-01 -6.813424286143533021e-05
2.891249954700469971e-01 9.888175306649044094e-01 -6.911068640906235501e-05
2.941249907016754150e-01 9.885985333344031734e-01 -7.010160559981034234e-05
2.991249859333038330e-01 9.883785017605486445e-01 -7.110422252324120939e-05
3.041250109672546387e-01 9.881574170342807273e-01 -7.184458382684609219e-05
3.091250061988830566e-01 9.879352520252095982e-01 -7.273880604269176021e-05
3.141250014305114746e-01 9.877119713816149282e-01 -7.366014098555876777e-05
3.191249966621398926e-01 9.874875430403085019e-01 -7.454396610886885688e-05
3.241249918937683105e-01 9.872619637127580949e-01 -7.534390797132048487e-05
3.291249871253967285e-01 9.870352070907066899e-01 -7.600904891973939061e-05
3.341250121593475342e-01 9.868072723520212586e-01 -7.648267462078867942e-05
3.391250073909759521e-01 9.865781200343164414e-01 -7.599436453190343320e-05
3.441250026226043701e-01 9.863478027541061621e-01 -7.566177800040820316e-05
3.491249978542327881e-01 9.861162728276745559e-01 -7.511970009012469023e-05
3.541249930858612061e-01 9.858835269664896206e-01 -7.414433238064420775e-05
3.591249883174896240e-01 9.856495890124090664e-01 -7.258305839937308505e-05
3.641250133514404297e-01 9.854144326571759871e-01 -7.032343700271228030e-05
3.691250085830688477e-01 9.851780628335886636e-01 -6.703779920293339461e-05
3.741250038146972656e-01 9.849404417235275710e-01 -6.293275008170769646e-05
3.791249990463256836e-01 9.847015660384605962e-01 -5.816337090499441989e-05
3.841249942779541016e-01 9.844613979602682141e-01 -5.282934931717042312e-05
3.891249895095825195e-01 9.842199292676202527e-01 -4.706952062531792141e-05
3.941250145435333252e-01 9.839770941898740020e-01 -4.140205344121004253e-05
3.991250097751617432e-01 9.837329239680849824e-01 -3.518798420655316390e-05
4.041250050067901611e-01 9.834873955825280678e-01 -2.877946324839160197e-05
4.091250002384185791e-01 9.832404712150836223e-01 -2.235521217165836066e-05
4.141249954700469971e-01 9.829921114033666196e-01 -1.597907574815226152e-05
4.191249907016754150e-01 9.827423276572391231e-01 -9.736587124844564236e-06
4.241249859333038330e-01 9.824910969569765617e-01 -3.708833085918991803e-06
4.291250109672546387e-01 9.822384160140466003e-01 2.056585172199290684e-06
4.341250061988830566e-01 9.819842387889993196e-01 7.504236017321718121e-06
4.391250014305114746e-01 9.817278829114191030e-01 1.252242785493104611e-05
4.441249966621398926e-01 9.814707542287892661e-01 1.719625915625485916e-05
4.491249918937683105e-01 9.812121259755102187e-01 2.145059487043783419e-05
4.541249871253967285e-01 9.809519751318569458e-01 2.525724141441028822e-05
4.591250121593475342e-01 9.806902819666369897e-01 2.859035659388735540e-05
4.641250073909759521e-01 9.804270793651712612e-01 3.142832730222365185e-05
4.691250026226043701e-01 9.801623048453494969e-01 3.377186005999301762e-05
4.741249978542327881e-01 9.798959847154288250e-01 3.563368227332830429e-05
4.791249930858612061e-01 9.796280975999502871e-01 3.703111573925305940e-05
4.841249883174896240e-01 9.793586402103817701e-01 3.796211716815315701e-05
4.891250133514404297e-01 9.790876289893841733e-01 3.842563882213214114e-05
4.941250085830688477e-01 9.788150146089751313e-01 3.842037604672127686e-05
4.991250038146972656e-01 9.785408283102101645e-01 3.795819116178257525e-05
5.041249990463256836e-01 9.782650273421715781e-01 3.704384113822517701e-05
5.091249942779541016e-01 9.779876511672448425e-01 3.569412189696369477e-05
5.141249895095825195e-01 9.777086652558425461e-01 3.389665327067005083e-05
5.191249847412109375e-01 9.774280531653042337e-01 3.163889451915847704e-05
5.241249799728393555e-01 9.771462128080170562e-01 2.775833628879025228e-05
5.291249752044677734e-01 9.768620606126455774e-01 2.511596138556969717e-05
5.341249704360961914e-01 9.765769711856183699e-01 2.040612061732801933e-05
5.391250252723693848e-01 9.762899168606462563e-01 1.569681074309708767e-05
5.441250205039978027e-01 9.760012001826845474e-01 1.063174166684520626e-05
5.491250157356262207e-01 9.757108573255868222e-01 5.023718052864845749e-06
5.541250109672546387e-01 9.754188702024262358e-01 -1.215564256638352822e-06
5.591250061988830566e-01 9.751252026393496530e-01 -8.167932813601760678e-06
5.641250014305114746e-01 9.748298727232833638e-01 -1.588397747676434211e-05
5.691249966621398926e-01 9.745329001854206030e-01 -2.441916951973890495e-05
5.741249918937683105e-01 9.742342389863113405e-01 -3.382482100278139114e-05
5.791249871253967285e-01 9.739338611734323914e-01 -4.417459271719743349e-05
5.841249823570251465e-01 9.736317749681143718e-01 -5.559103788229925692e-05
5.891249775886535645e-01 9.733279935244855130e-01 -6.820915009954879463e-05
5.941249728202819824e-01 9.730224658702981699e-01 -8.222120332306828618e-05
5.991250276565551758e-01 9.727151887170200073e-01 -9.774507408768965766e-05
6.041250228881835938e-01 9.724061439777242910e-01 -1.149326000876467864e-04
6.091250181198120117e-01 9.720953184982825679e-01 -1.350528207318536073e-04
6.141250133514404297e-01 9.717826580179147467e-01 -1.567993634219827211e-04
6.191250085830688477e-01 9.714681691136852759e-01 -1.805873973102405182e-04
6.241250038146972656e-01 9.711518156117406875e-01 -2.070707750731501189e-04
6.291249990463256836e-01 9.708335514726309512e-01 -2.366895145126457825e-04
6.341249942779541016e-01 9.705133405225030430e-01 -2.699201798130726254e-04
6.391249895095825195e-01 9.701912288008065488e-01 -3.018671775172496402e-04
6.441249847412109375e-01 9.698670847662563821e-01 -3.377451593505925351e-04
6.491249799728393555e-01 9.695408788220636342e-01 -3.758279992074801761e-04
6.516249775886535645e-01 9.693771921355148757e-01 -4.072080141511456907e-04
6.578750014305114746e-01 9.689656093202788645e-01 -4.786736299765520877e-04
6.616250276565551758e-01 9.687170160227808191e-01 -5.238197486976097893e-04
6.653749942779541016e-01 9.684671401977539285e-01 -5.728741144311839473e-04
6.728749871253967285e-01 9.679636757949303671e-01 -7.001675408461998772e-04
6.766250133514404297e-01 9.677100510432803393e-01 -7.746125860460873532e-04
6.803749799728393555e-01 9.674556666407092553e-01 -8.496257380164902711e-04
6.859999895095825195e-01 9.670716483017492981e-01 -9.717501956841040778e-04
6.916249990463256836e-01 9.666849103467217708e-01 -1.120570147859639232e-03
6.972500085830688477e-01 9.662955514315900718e-01 -1.310246771779553614e-03
7.000625133514404297e-01 9.660999429636987212e-01 -1.424663796507079101e-03
7.056875228881835938e-01 9.657071508210280930e-01 -1.691149868841829076e-03
7.106093764305114746e-01 9.653626803694100866e-01 -1.976409862781392923e-03
7.169374823570251465e-01 9.649176663365857110e-01 -2.399351576278949561e-03
7.216836214065551758e-01 9.645824202175798945e-01 -2.761746531930463038e-03
7.264297008514404297e-01 9.642463815623315559e-01 -3.181551550996714745e-03
7.311757802963256836e-01 9.639093826557028066e-01 -3.684895305797971678e-03
7.359218597412109375e-01 9.635714761142072371e-01 -4.305913273630471334e-03
7.406679391860961914e-01 9.632319779231630630e-01 -5.180948767168768940e-03
7.454140782356262207e-01 9.628908847940378379e-01 -6.401965330386984177e-03
7.501601576805114746e-01 9.625464077653556050e-01 -8.281438515104096870e-03
7.572792768478393555e-01 9.620157472018536771e-01 -1.351598316225512304e-02
7.620254158973693848e-01 9.616355336945632271e-01 -2.025612469377188751e-02
7.661782503128051758e-01 9.612584804666453042e-01 -2.962706006806472420e-02
7.715175747871398926e-01 9.605857586038523133e-01 -5.113420404236892342e-02
7.750771641731262207e-01 9.598670334651553393e-01 -7.370522104460618118e-02
7.804164886474609375e-01 9.581226480418237879e-01 -1.178396488058156000e-01
7.857558727264404297e-01 9.559221596553408862e-01 -1.597528786494814002e-01
7.910951972007751465e-01 9.540232921468800864e-01 -1.884168591992608499e-01
7.964345812797546387e-01 9.525756046689789480e-01 -2.064887079699286032e-01
8.008840084075927734e-01 9.515694716881061277e-01 -2.174428742507408530e-01
8.053334951400756836e-01 9.506557365943646420e-01 -2.265265234585465970e-01
8.106728792190551758e-01 9.496080464330212134e-01 -2.362604470088564002e-01
8.151223063468933105e-01 9.487455006303457949e-01 -2.439173336686759064e-01
8.204616904258728027e-01 9.477108758071374206e-01 -2.528235665683088440e-01
8.258010149002075195e-01 9.466737549880456237e-01 -2.615658990268049378e-01
8.311403989791870117e-01 9.456319052597571551e-01 -2.702508465997103815e-01
8.351448774337768555e-01 9.448447589216562026e-01 -2.767909806350181690e-01
8.404842615127563477e-01 9.437888244102741186e-01 -2.855476182082603565e-01
8.458235859870910645e-01 9.427202290502088022e-01 -2.943704868185109125e-01
8.511629700660705566e-01 9.416351384130017266e-01 -3.032545221262964441e-01
8.551675081253051758e-01 9.408137551669415455e-01 -3.099031777217470252e-01
8.605068325996398926e-01 9.397138661351697175e-01 -3.186757646757981122e-01
8.658462166786193848e-01 9.386127800777041008e-01 -3.272832015465045874e-01
8.711855411529541016e-01 9.375126148092336464e-01 -3.357022055264177185e-01
8.751900792121887207e-01 9.366885612750875945e-01 -3.418967806059738934e-01
8.805294036865234375e-01 9.355901455057077376e-01 -3.500214609606512872e-01
8.852013349533081055e-01 9.346287694470636342e-01 -3.570126829476192309e-01
8.905407190322875977e-01 9.335273939987708269e-01 -3.648877965992894934e-01
8.952126502990722656e-01 9.325633871144262121e-01 -3.716616137274380560e-01
9.005519747734069824e-01 9.314637282799029805e-01 -3.792494412126212189e-01
9.052239656448364258e-01 9.305019510203393907e-01 -3.857640891239560998e-01
9.105632901191711426e-01 9.293976948179046849e-01 -3.931176744658371747e-01
9.152352213859558105e-01 9.284226450426824595e-01 -3.995326798537681690e-01
9.205746054649353027e-01 9.272972896181304048e-01 -4.069097124297043622e-01
9.252465367317199707e-01 9.263019167143722310e-01 -4.134485639374831378e-01
9.305858612060546875e-01 9.251522590374123833e-01 -4.210449416061927685e-01
9.355915188789367676e-01 9.240674446369039341e-01 -4.282773116539264624e-01
9.405971765518188477e-01 9.229754415051690808e-01 -4.356086994039601312e-01
9.456028342247009277e-01 9.218736845871496888e-01 -4.430377565581223309e-01
9.506084322929382324e-01 9.207616016782562696e-01 -4.505408714557516126e-01
9.556140899658203125e-01 9.196392651261954265e-01 -4.580858164820177936e-01
9.606197476387023926e-01 9.185087993227203373e-01 -4.656366808661099310e-01
9.656254053115844727e-01 9.173726180504108152e-01 -4.731517002500336688e-01
9.706310629844665527e-01 9.162302872230266848e-01 -4.806324202438880810e-01
9.756366610527038574e-01 9.150802941157900605e-01 -4.880884104761584186e-01
9.802669286727905273e-01 9.140125537740774186e-01 -4.949434214624865436e-01
9.853351116180419922e-01 9.128388108878299212e-01 -5.024218394838529944e-01
9.904033541679382324e-01 9.116602733217437082e-01 -5.098749029225316809e-01
9.954715371131896973e-01 9.104756059317752337e-01 -5.173194490630050879e-01
1.000000000000000000e+00 9.094116605561355371e-01 -5.239683348557044873e-01
