2.258195800781250000e+03 0.000000000000000000e+00
2.253023193359375000e+03 -2.449172898195683956e-04
2.245488769531250000e+03 -6.037097191438078880e-04
2.240990722656250000e+03 -8.190975058823823929e-04
2.236492675781250000e+03 -1.035368419252336025e-03
2.231994628906250000e+03 -1.252519898116588593e-03
2.227496582031250000e+03 -1.470545423217117786e-03
2.222998291015625000e+03 -1.689427765086293221e-03
2.218500244140625000e+03 -1.909081707708537579e-03
2.214002197265625000e+03 -2.129027387127280235e-03
2.209504150390625000e+03 -2.331001218408346176e-03
2.205005859375000000e+03 -2.358671743422746658e-03
2.200507568359375000e+03 -2.348563168197870255e-03
2.196009277343750000e+03 -2.336748177185654640e-03
2.191510742187500000e+03 -2.324202330783009529e-03
2.187012451171875000e+03 -2.312279073521494865e-03
2.182514160156250000e+03 -2.300538122653961182e-03
2.178015869140625000e+03 -2.289218828082084656e-03
2.173517578125000000e+03 -2.278467873111367226e-03
2.169019042968750000e+03 -2.268379321321845055e-03
2.164520751953125000e+03 -2.259026514366269112e-03
2.160022460937500000e+03 -2.250466495752334595e-03
2.155524169921875000e+03 -2.242743736132979393e-03
2.151025878906250000e+03 -2.235889201983809471e-03
2.146527587890625000e+03 -2.229918492957949638e-03
2.142029052734375000e+03 -2.224772702902555466e-03
2.140904541015625000e+03 -2.223578980192542076e-03
2.136406250000000000e+03 -2.204061951488256454e-03
2.131128173828125000e+03 -2.195999026298522949e-03
2.125123535156250000e+03 -2.196412999182939529e-03
2.120625244140625000e+03 -2.198982750996947289e-03
2.116126953125000000e+03 -2.202904550358653069e-03
2.111628662109375000e+03 -2.207816811278462410e-03
2.107130371093750000e+03 -2.213436877354979515e-03
2.102632080078125000e+03 -2.219516783952713013e-03
2.098133544921875000e+03 -2.225872362032532692e-03
2.093635253906250000e+03 -2.232280327007174492e-03
2.091667236328125000e+03 -2.235047519207000732e-03
2.087239257812500000e+03 -2.236532047390937805e-03
2.082168701171875000e+03 -2.208625432103872299e-03
2.077365234375000000e+03 -2.212303457781672478e-03
2.073762451171875000e+03 -2.215408720076084137e-03
2.068958740234375000e+03 -2.219960559159517288e-03
2.064455322265625000e+03 -2.224606461822986603e-03
2.055904052734375000e+03 -2.234313869848847389e-03
2.051405761718750000e+03 -2.239818451926112175e-03
2.046907348632812500e+03 -2.245558658614754677e-03
2.042409057617187500e+03 -2.251508645713329315e-03
2.037910766601562500e+03 -2.257644431665539742e-03
2.033412353515625000e+03 -2.263942500576376915e-03
2.028914062500000000e+03 -2.270381199195981026e-03
2.024415771484375000e+03 -2.276940038427710533e-03
2.019917480468750000e+03 -2.283598762005567551e-03
2.015419189453125000e+03 -2.290338510647416115e-03
2.010920776367187500e+03 -2.297139959409832954e-03
2.009796264648437500e+03 -2.298831939697265625e-03
2.005579101562500000e+03 -2.305215457454323769e-03
2.001361938476562500e+03 -2.311665564775466919e-03
1.997144775390625000e+03 -2.318074461072683334e-03
1.992084106445312500e+03 -2.325703389942646027e-03
1.987866943359375000e+03 -2.331946976482868195e-03
1.983649780273437500e+03 -2.337968675419688225e-03
1.978589111328125000e+03 -2.344491193071007729e-03
1.974371948242187500e+03 -2.348314505070447922e-03
1.970154785156250000e+03 -2.348066074773669243e-03
1.965726806640625000e+03 -2.347164321690797806e-03
1.960824218750000000e+03 -2.351724542677402496e-03
1.956554443359375000e+03 -2.357093850150704384e-03
1.952284545898437500e+03 -2.362545812502503395e-03
1.947302978515625000e+03 -2.368706278502941132e-03
1.942677246093750000e+03 -2.374160801991820335e-03
1.938407348632812500e+03 -2.378917066380381584e-03
1.934137451171875000e+03 -2.383444458246231079e-03
1.928800048828125000e+03 -2.388718770816922188e-03
1.924530273437500000e+03 -2.392583061009645462e-03
1.920794067382812500e+03 -2.395687391981482506e-03
1.914789550781250000e+03 -2.400174038484692574e-03
1.910291259765625000e+03 -2.403055317699909210e-03
1.905792846679687500e+03 -2.405460225418210030e-03
1.901294555664062500e+03 -2.407400403171777725e-03
1.896796264648437500e+03 -2.408850006759166718e-03
1.892297851562500000e+03 -2.409778535366058350e-03
1.887799560546875000e+03 -2.410158747807145119e-03
1.883301269531250000e+03 -2.409981563687324524e-03
1.879927490234375000e+03 -2.409511012956500053e-03
1.873180053710937500e+03 -2.407925669103860855e-03
1.870649658203125000e+03 -2.407511463388800621e-03
1.866379760742187500e+03 -2.409387612715363503e-03
1.862109985351562500e+03 -2.417183481156826019e-03
1.857840087890625000e+03 -2.427178667858242989e-03
1.853036376953125000e+03 -2.438542898744344711e-03
1.847031860351562500e+03 -2.452867105603218079e-03
1.842533569335937500e+03 -2.463711192831397057e-03
1.838035278320312500e+03 -2.474594861268997192e-03
1.833536987304687500e+03 -2.485565841197967529e-03
1.829038696289062500e+03 -2.496610861271619797e-03
1.824540283203125000e+03 -2.507727127522230148e-03
1.820041992187500000e+03 -2.518906956538558006e-03
1.815543701171875000e+03 -2.530151512473821640e-03
1.812169921875000000e+03 -2.538651227951049805e-03
1.807952758789062500e+03 -2.549285534769296646e-03
1.799659057617187500e+03 -2.570374868810176849e-03
1.795160766601562500e+03 -2.581893932074308395e-03
1.791786987304687500e+03 -2.590571530163288116e-03
1.789256713867187500e+03 -2.597100799903273582e-03
1.784196044921875000e+03 -2.610212191939353943e-03
1.779135498046875000e+03 -2.623393898829817772e-03
1.775340087890625000e+03 -2.633324591442942619e-03
1.771544555664062500e+03 -2.643291139975190163e-03
1.767749145507812500e+03 -2.653290284797549248e-03
1.762055908203125000e+03 -2.668333705514669418e-03
1.758260498046875000e+03 -2.678371267393231392e-03
1.752567260742187500e+03 -2.693360671401023865e-03
1.748771850585937500e+03 -2.703248057514429092e-03
1.744620605468750000e+03 -2.713796449825167656e-03
1.740350708007812500e+03 -2.724517136812210083e-03
1.736347656250000000e+03 -2.734609181061387062e-03
1.731544067382812500e+03 -2.746502170339226723e-03
1.726740356445312500e+03 -2.757958602160215378e-03
1.721936767578125000e+03 -2.769652521237730980e-03
1.718334106445312500e+03 -2.778838388621807098e-03
1.713530517578125000e+03 -2.791409846395254135e-03
1.708726928710937500e+03 -2.804582007229328156e-03
1.703923217773437500e+03 -2.818169305101037025e-03
1.699119628906250000e+03 -2.832059515640139580e-03
1.695516967773437500e+03 -2.842553891241550446e-03
1.690112792968750000e+03 -2.858373569324612617e-03
1.686510131835937500e+03 -2.868960145860910416e-03
1.681106079101562500e+03 -2.884898334741592407e-03
1.677503417968750000e+03 -2.895571291446685791e-03
1.672099243164062500e+03 -2.911661984398961067e-03
1.668496582031250000e+03 -2.922447863966226578e-03
1.662191894531250000e+03 -2.941452199593186378e-03
1.659489746093750000e+03 -2.949648536741733551e-03
1.654085693359375000e+03 -2.966138534247875214e-03
1.648681640625000000e+03 -2.982764970511198044e-03
1.645979614257812500e+03 -2.991130808368325233e-03
1.640575561523437500e+03 -3.007970750331878662e-03
1.633820434570312500e+03 -3.029233543202280998e-03
1.629767456054687500e+03 -3.042106749489903450e-03
1.625714355468750000e+03 -3.055031178519129753e-03
1.621661376953125000e+03 -3.068084130063652992e-03
1.617162963867187500e+03 -3.082677023485302925e-03
1.612664672851562500e+03 -3.097388194873929024e-03
1.608166381835937500e+03 -3.112219506874680519e-03
1.603668090820312500e+03 -3.127170493826270103e-03
1.599169799804687500e+03 -3.142243018373847008e-03
1.594671508789062500e+03 -3.157438943162560463e-03
1.590173217773437500e+03 -3.172793192788958549e-03
1.585674804687500000e+03 -3.188244299963116646e-03
1.581176513671875000e+03 -3.203825792297720909e-03
1.576678222656250000e+03 -3.219540929421782494e-03
1.572179931640625000e+03 -3.235391108319163322e-03
1.567681640625000000e+03 -3.251380054280161858e-03
1.564307861328125000e+03 -3.263461636379361153e-03
1.560934204101562500e+03 -3.275623545050621033e-03
1.555030151367187500e+03 -3.297100309282541275e-03
1.549969482421875000e+03 -3.315706504508852959e-03
1.547439208984375000e+03 -3.325080731883645058e-03
1.542378662109375000e+03 -3.343986114487051964e-03
1.537317993164062500e+03 -3.363122465088963509e-03
1.532257324218750000e+03 -3.382567549124360085e-03
1.532217895507812500e+03 -3.382567549124360085e-03
