0.000000000000000000e+00 1.000000000000000000e+00 0.000000000000000000e+00
5.750000011175870895e-03 9.998978976787082917e-01 1.167401954998716881e-09
1.412499975413084030e-02 9.997503744420551675e-01 1.067080466739190234e-08
1.912499964237213135e-02 9.996630483960349256e-01 2.357074908869680939e-08
2.412500046193599701e-02 9.995762657362317061e-01 4.628909664461389316e-08
2.912499941885471344e-02 9.994900152039905006e-01 8.747280397016318061e-08
3.412500023841857910e-02 9.994042874896337247e-01 1.785011489927354774e-07
3.912499919533729553e-02 9.993191071162147443e-01 4.407247557999595499e-07
4.412499815225601196e-02 9.992360559342399196e-01 3.070524701523402200e-06
4.912500083446502686e-02 9.991639911560785681e-01 9.764471490468297395e-06
5.412499979138374329e-02 9.990911620003837257e-01 1.376747996324584640e-05
5.912499874830245972e-02 9.990162237106806620e-01 1.678823951690916052e-05
6.412500143051147461e-02 9.989390367931789694e-01 1.928165022815976805e-05
6.912499666213989258e-02 9.988596530944582330e-01 2.143096385730637347e-05
7.412499934434890747e-02 9.987779110953921569e-01 2.333331734888137389e-05
7.912500202655792236e-02 9.986937606145465107e-01 2.504605208597485990e-05
8.412499725818634033e-02 9.986071603260343599e-01 2.660694576445079998e-05
8.912499994039535522e-02 9.985180894155349929e-01 2.804240655331384494e-05
9.412500262260437012e-02 9.984265442500038779e-01 2.937147482520058203e-05
9.912499785423278809e-02 9.983325460222032266e-01 3.060669534736209190e-05
1.041250005364418030e-01 9.982361212230863590e-01 3.174575903112925843e-05
1.056093722581863403e-01 9.982067675817580810e-01 3.196205648164900527e-05
1.107459962368011475e-01 9.974703487517342371e-01 9.807969428717144264e-06
1.187706738710403442e-01 9.970630370246039709e-01 6.417370593500516121e-06
1.237706765532493591e-01 9.968175897144135877e-01 4.717147731710047965e-06
1.287706792354583740e-01 9.965751202901204087e-01 3.196296489073170594e-06
1.337706744670867920e-01 9.963339372665162008e-01 1.796536214117492942e-06
1.387706696987152100e-01 9.960930491250659102e-01 4.836311009490774054e-07
1.437706798315048218e-01 9.958518418811616035e-01 -7.663008069530839455e-07
1.487706750631332397e-01 9.956097917708139899e-01 -1.964209202144827283e-06
1.537706702947616577e-01 9.953665430583651386e-01 -3.123257885731401760e-06
1.587706804275512695e-01 9.951217557513525325e-01 -4.251972801746829823e-06
1.637706756591796875e-01 9.948751340593610104e-01 -5.357322608312917048e-06
1.687706708908081055e-01 9.946264018709698451e-01 -6.445353880288108662e-06
1.737706810235977173e-01 9.943753100198412520e-01 -7.521472723474578322e-06
1.787706762552261353e-01 9.941216041928246927e-01 -8.590636213147451002e-06
1.837706714868545532e-01 9.938650258382161207e-01 -9.657962188597708967e-06
1.887706816196441650e-01 9.936053224593873745e-01 -1.072816565514556904e-05
1.937706768512725830e-01 9.933421985686772260e-01 -1.180662537023188552e-05
1.987706720829010010e-01 9.930753532288566499e-01 -1.289909853348656236e-05
2.037706673145294189e-01 9.928044588603670562e-01 -1.401233797272046396e-05
2.087706774473190308e-01 9.925291152227492253e-01 -1.515366048330352428e-05
2.137706726789474487e-01 9.922488863506014889e-01 -1.633185597639235311e-05
2.187706679105758667e-01 9.919632545350089980e-01 -1.755771301095447910e-05
2.237706780433654785e-01 9.916715852041093626e-01 -1.884387244307805684e-05
2.287706732749938965e-01 9.913746643066406738e-01 -2.012478394640816485e-05
2.337706685066223145e-01 9.910663961985755055e-01 -2.166953322196763681e-05
2.387706786394119263e-01 9.907530787634470926e-01 -2.310448104426974345e-05
2.400206774473190308e-01 9.906699147300115360e-01 -2.270560445530074041e-05
2.453910410404205322e-01 9.907240567888532246e-01 -6.122381559440068417e-05
2.528173923492431641e-01 9.902109987773591859e-01 -7.814520171710423371e-05
2.556682527065277100e-01 9.900030360146174768e-01 -8.327056845975300498e-05
2.604790925979614258e-01 9.896308450850229699e-01 -1.006155496551876960e-04
2.652899622917175293e-01 9.892389388311476628e-01 -1.070928242471483013e-04
2.704766392707824707e-01 9.888036128452846185e-01 -9.797923266887664253e-05
2.755505740642547607e-01 9.884063502720424887e-01 -5.186894346797277255e-05
2.806245088577270508e-01 9.880439746190632366e-01 -1.040171344010602854e-05
2.856984734535217285e-01 9.876846822102864909e-01 1.141789797989148943e-05
2.900113165378570557e-01 9.874149455721414892e-01 1.663298360885135670e-05
2.951486706733703613e-01 9.872172933911519399e-01 1.694058762892844094e-05
3.002525866031646729e-01 9.869093298533606617e-01 2.119589212631422490e-05
3.055354356765747070e-01 9.866182369656032458e-01 2.428788011745801166e-05
3.104119300842285156e-01 9.863593219575428339e-01 2.642309973164210126e-05
3.152883946895599365e-01 9.861024220784505578e-01 2.827631930510203089e-05
3.201648890972137451e-01 9.858458225310794409e-01 3.005579882670962732e-05
3.250413835048675537e-01 9.855889807807074465e-01 3.179145296887746187e-05
3.305274248123168945e-01 9.852995494055368786e-01 3.372017767221208921e-05
3.360134661197662354e-01 9.850094604492187766e-01 3.568482777429005738e-05
3.428710103034973145e-01 9.846460300021702139e-01 3.819017124081415000e-05
3.478710055351257324e-01 9.843801347036210680e-01 3.982186021785887601e-05
3.528710007667541504e-01 9.841139124310206432e-01 4.175439890888002259e-05
3.578709959983825684e-01 9.838468896775018901e-01 4.352743604353495697e-05
3.628710210323333740e-01 9.835790180024647222e-01 4.527527720682204772e-05
3.666210174560546875e-01 9.833778454008555991e-01 4.671029746532440457e-05
3.703710138797760010e-01 9.831762138245597749e-01 4.810970572252122314e-05
3.753710091114044189e-01 9.829068344358413700e-01 4.998504051140376461e-05
3.803710043430328369e-01 9.826367793007502183e-01 5.185111529297298569e-05
3.853709995746612549e-01 9.823660011897011879e-01 5.371720781401982501e-05
3.903709948062896729e-01 9.820945231119792007e-01 5.559075682882278521e-05
3.953710198402404785e-01 9.818223329574342628e-01 5.747610259623754599e-05
4.003710150718688965e-01 9.815494174049014253e-01 5.937308546096559738e-05
4.053710103034973145e-01 9.812757776653956432e-01 6.128240908895219417e-05
4.103710055351257324e-01 9.810013967847067695e-01 6.320480671193865092e-05
4.153710007667541504e-01 9.807262735518198493e-01 6.514148461440252694e-05
4.203709959983825684e-01 9.804503910125248467e-01 6.709310507017469092e-05
4.270116388797760010e-01 9.800825149293930227e-01 7.029426476312062243e-05
4.301756918430328369e-01 9.799068087623232781e-01 7.165691090954674585e-05
4.399217963218688965e-01 9.793636043488034293e-01 7.584199072822692285e-05
4.449217915534973145e-01 9.790837363591270437e-01 7.807692838093590487e-05
4.461717903614044189e-01 9.790134563143290114e-01 7.938746776845720561e-05
4.515624046325683594e-01 9.787103416806175460e-01 8.235932697379400329e-05
4.570995271205902100e-01 9.783975679912264578e-01 8.621426328780159307e-05
4.618456065654754639e-01 9.781284610808841373e-01 8.987308967681157485e-05
4.665917158126831055e-01 9.778582957434276413e-01 9.398326750785585752e-05
4.701512753963470459e-01 9.776548670208644598e-01 9.767233379303463098e-05
4.754906296730041504e-01 9.773479352678571264e-01 1.044170014441959455e-04
4.808299839496612549e-01 9.770385354662698418e-01 1.130437448857322599e-04
4.861693382263183594e-01 9.767259070986792358e-01 1.236505924709259407e-04
4.915086925029754639e-01 9.764092339409721211e-01 1.356273298225705486e-04
4.950682818889617920e-01 9.761958361428881847e-01 1.428948390105413990e-04
5.004076361656188965e-01 9.758734930129279173e-01 1.508643821118370017e-04
5.068593621253967285e-01 9.754877532474578450e-01 1.380467343898046509e-04
5.108638405799865723e-01 9.752529374379961258e-01 1.237962217557998042e-04
5.168706178665161133e-01 9.749051629929315066e-01 1.011621384393601188e-04
5.214383006095886230e-01 9.746418180919829144e-01 8.948936703659238624e-05
5.265064835548400879e-01 9.743505617171999145e-01 7.816521184785025112e-05
5.315747261047363281e-01 9.740579441615512257e-01 7.183185763775356409e-05
5.366429686546325684e-01 9.737652951195127082e-01 7.002612073270101430e-05
5.429782271385192871e-01 9.733994160001240292e-01 6.986375720728011849e-05
5.479782223701477051e-01 9.731106954907614570e-01 7.257179490157535595e-05
5.529782176017761230e-01 9.728221251472592979e-01 7.824097715672993054e-05
5.579782128334045410e-01 9.725351581876239271e-01 8.960365066452631621e-05
5.617282390594482422e-01 9.723213510664683312e-01 1.038975304081326422e-04
5.650680661201477051e-01 9.721320476229229346e-01 1.235737805328671849e-04
5.720223784446716309e-01 9.717430550711496640e-01 1.816383666462368339e-04
5.773617625236511230e-01 9.714446197994170973e-01 2.480257834706987700e-04
5.800314545631408691e-01 9.712938411652094484e-01 2.882652576007540472e-04
5.853707790374755859e-01 9.709864395383804858e-01 3.739858903582133904e-04
5.920450091361999512e-01 9.705930945986793734e-01 4.812345145240662370e-04
5.960494875907897949e-01 9.703526960100447019e-01 5.367540177844819672e-04
6.000540256500244141e-01 9.701101369706410793e-01 5.839467048645019531e-04
6.060608029365539551e-01 9.697436450776599770e-01 6.415246024964347746e-04
6.120675802230834961e-01 9.693753657265314905e-01 6.876346610841297226e-04
6.150709390640258789e-01 9.691907368009052837e-01 7.072847986978197683e-04
6.210777163505554199e-01 9.688206966339596438e-01 7.407342630719382023e-04
6.270844936370849609e-01 9.684495495992994085e-01 7.695541968421330727e-04
6.300879120826721191e-01 9.682638259161086003e-01 7.820747674457610276e-04
6.360946893692016602e-01 9.678904651460193964e-01 8.061003117334275070e-04
6.405997276306152344e-01 9.676112777467757997e-01 8.226824185204884834e-04
6.455997228622436523e-01 9.672998797704301932e-01 8.402956856621636742e-04
6.505997776985168457e-01 9.669859556167844650e-01 8.574800831930977927e-04
6.555997729301452637e-01 9.666732666984436673e-01 8.735493062034486045e-04
6.605997681617736816e-01 9.663599189879402696e-01 8.891307172321137814e-04
6.655997633934020996e-01 9.660475400894407150e-01 9.070035957154773572e-04
6.705997586250305176e-01 9.657323031955294956e-01 9.261237250434027537e-04
6.755997538566589355e-01 9.654159376356336031e-01 9.479060059502011481e-04
6.805997490882873535e-01 9.650982617575024625e-01 9.729237783522833374e-04
6.880997419357299805e-01 9.646185302734375799e-01 1.019490711272708983e-03
6.918497681617736816e-01 9.643767535497271837e-01 1.047893743666391533e-03
6.955997347831726074e-01 9.641332111661397031e-01 1.080931652159917902e-03
7.002872228622436523e-01 9.638251386369978135e-01 1.131193410782586938e-03
7.054435014724731445e-01 9.634804765004959526e-01 1.192754790896461033e-03
7.110685110092163086e-01 9.630956813267299577e-01 1.262704815183367116e-03
7.152872681617736816e-01 9.628034997364831593e-01 1.304235061009724993e-03
7.201212048530578613e-01 9.624704367016988504e-01 1.323171551265413899e-03
7.260538339614868164e-01 9.620757451133122862e-01 1.312433727203853560e-03
7.307999730110168457e-01 9.617693922254775263e-01 1.294403416769845157e-03
7.355460524559020996e-01 9.614670962379092689e-01 1.279128827745952329e-03
7.414786815643310547e-01 9.610908362978980435e-01 1.267043938712468249e-03
7.450382113456726074e-01 9.608649141826326456e-01 1.262255793526059202e-03
7.503775954246520996e-01 9.605252438499813916e-01 1.257994912919544123e-03
7.557169198989868164e-01 9.601847960456968423e-01 1.255128875611320315e-03
7.610563039779663086e-01 9.598433116125681952e-01 1.253451146776714091e-03
7.663956284523010254e-01 9.595009988451760341e-01 1.252352150659712549e-03
7.704001665115356445e-01 9.592438761393229374e-01 1.251578993267483172e-03
7.784091830253601074e-01 9.587283518957713246e-01 1.250348015437050377e-03
7.824137210845947266e-01 9.584698195684524524e-01 1.249799463484022434e-03
7.874137163162231445e-01 9.581469532800099831e-01 1.249235206180148708e-03
7.924137115478515625e-01 9.578237285311260729e-01 1.248554577903142034e-03
7.974137067794799805e-01 9.575006006634424471e-01 1.247999970875089161e-03
8.005387187004089355e-01 9.572977847144716890e-01 1.248075470091804641e-03
8.075699806213378906e-01 9.568426077706473354e-01 1.248084647314889190e-03
8.117887377738952637e-01 9.565691218300471643e-01 1.248640389669509196e-03
8.160074353218078613e-01 9.562955729166666696e-01 1.249438524246215734e-03
8.202261924743652344e-01 9.560220433795262318e-01 1.250761179696945882e-03
8.286637067794799805e-01 9.554754493350074984e-01 1.255074663767739027e-03
8.328824639320373535e-01 9.552025543697297838e-01 1.258450273483518534e-03
8.371012210845947266e-01 9.549300953698537375e-01 1.263005203670925598e-03
8.413199782371520996e-01 9.546582951621402913e-01 1.269097176809159608e-03
8.455387353897094727e-01 9.543872796921503143e-01 1.277106621908763060e-03
8.539761900901794434e-01 9.538486831907242447e-01 1.302020795761592775e-03
8.581949472427368164e-01 9.535815575009299883e-01 1.321037421150812958e-03
8.624137043952941895e-01 9.533162338014632420e-01 1.346810847993880995e-03
8.666324615478515625e-01 9.530514477926587125e-01 1.382650931676228812e-03
8.708512187004089355e-01 9.527884395538814832e-01 1.431513589525979608e-03
8.750699758529663086e-01 9.525264582558283788e-01 1.497380979477413217e-03
8.813980817794799805e-01 9.521331351143972332e-01 1.635418997870551191e-03
8.856168389320373535e-01 9.518682037837921106e-01 1.753796471489800285e-03
8.919449448585510254e-01 9.514625767299106363e-01 1.958497932979038660e-03
8.961637020111083984e-01 9.511849103655134474e-01 2.100223397451733871e-03
9.014371633529663086e-01 9.508328683035713880e-01 2.274757529061938004e-03
9.061832427978515625e-01 9.505089799184647248e-01 2.422074287656753640e-03
9.109293222427368164e-01 9.501801505921377844e-01 2.557680720374697937e-03
9.156754612922668457e-01 9.498467242528521037e-01 2.679861537993900259e-03
9.204215407371520996e-01 9.495092870318699863e-01 2.785665459103054287e-03
9.251676201820373535e-01 9.491689724392360361e-01 2.871273434351361009e-03
9.314957261085510254e-01 9.487144010029142649e-01 2.949407365587022704e-03
9.362418651580810547e-01 9.483757430788071208e-01 2.982039111001151110e-03
9.409879446029663086e-01 9.480402967664931513e-01 2.997341042473202627e-03
9.455362558364868164e-01 9.477201625279019215e-01 3.002299959697420431e-03
9.502637982368469238e-01 9.473935566251240337e-01 3.000546826256646205e-03
9.560202956199645996e-01 9.469971429734002077e-01 2.993113843221512950e-03
9.605253934860229492e-01 9.466888233971975097e-01 2.985393433343796425e-03
9.653505682945251465e-01 9.463592529296874778e-01 2.975707583957248187e-03
9.707251787185668945e-01 9.459941948784722499e-01 2.966177274310399445e-03
9.755800962448120117e-01 9.456643434554811156e-01 2.957703575255378817e-03
9.802227020263671875e-01 9.453491985987103607e-01 2.949469619327121407e-03
9.850848317146301270e-01 9.450192842029390139e-01 2.940690706646631545e-03
9.901608228683471680e-01 9.446748279389881597e-01 2.931934311276390270e-03
9.952986836433410645e-01 9.443260846819196974e-01 2.923306586250426324e-03
1.000000000000000000e+00 9.440067981538318165e-01 2.915134884062267617e-03
