6.279363769531250000e+03 0.000000000000000000e+00
6.266855468750000000e+03 -1.139766827691346407e-04
6.254347167968750000e+03 -2.279885520692914724e-04
6.241839355468750000e+03 -3.421013534534722567e-04
6.229331054687500000e+03 -4.563054826576262712e-04
6.216822753906250000e+03 -5.705875228159129620e-04
6.204314941406250000e+03 -6.849170313216745853e-04
6.191806640625000000e+03 -7.987993303686380386e-04
6.179298339843750000e+03 -8.513781358487904072e-04
6.166789550781250000e+03 -8.330112323164939880e-04
6.154281250000000000e+03 -8.175883558578789234e-04
6.141772460937500000e+03 -8.038874948397278786e-04
6.129264160156250000e+03 -7.925090612843632698e-04
6.116755859375000000e+03 -7.830359390936791897e-04
6.104247070312500000e+03 -7.742746383883059025e-04
6.091738769531250000e+03 -7.646987796761095524e-04
6.079229980468750000e+03 -7.634301437065005302e-04
6.066721679687500000e+03 -7.644448196515440941e-04
6.054212890625000000e+03 -7.668160833418369293e-04
6.041704589843750000e+03 -7.696625543758273125e-04
6.029196289062500000e+03 -7.712058140896260738e-04
6.016687500000000000e+03 -7.673535146750509739e-04
6.004179199218750000e+03 -7.662697462365031242e-04
5.991670410156250000e+03 -7.690523634664714336e-04
5.979162109375000000e+03 -7.729039061814546585e-04
5.966653808593750000e+03 -7.773717516101896763e-04
5.954145019531250000e+03 -7.823778432793915272e-04
5.941636718750000000e+03 -7.877998868934810162e-04
5.929128417968750000e+03 -7.937481277622282505e-04
5.916619628906250000e+03 -8.001002133823931217e-04
5.904111328125000000e+03 -8.068326278589665890e-04
5.891603027343750000e+03 -8.139128331094980240e-04
5.879094238281250000e+03 -8.213187102228403091e-04
5.866585937500000000e+03 -8.290286641567945480e-04
5.854077636718750000e+03 -8.370243594981729984e-04
5.841568847656250000e+03 -8.452894398942589760e-04
5.829060546875000000e+03 -8.538096444681286812e-04
5.816552246093750000e+03 -8.625722839497029781e-04
5.804043457031250000e+03 -8.715661824680864811e-04
5.791535156250000000e+03 -8.807814447209239006e-04
5.779026855468750000e+03 -8.902092813514173031e-04
5.766518066406250000e+03 -8.998418925330042839e-04
5.754009765625000000e+03 -9.096722351387143135e-04
5.741501464843750000e+03 -9.196941391564905643e-04
5.728992675781250000e+03 -9.299019584432244301e-04
5.716484375000000000e+03 -9.402907453477382660e-04
5.703976074218750000e+03 -9.508560178801417351e-04
5.691467285156250000e+03 -9.615935850888490677e-04
5.678958984375000000e+03 -9.724998380988836288e-04
5.666450683593750000e+03 -9.835714008659124374e-04
5.653941894531250000e+03 -9.948052465915679932e-04
5.641433593750000000e+03 -1.006198697723448277e-03
5.628925292968750000e+03 -1.017749076709151268e-03
5.616416503906250000e+03 -1.029454055242240429e-03
5.603908203125000000e+03 -1.041311537846922874e-03
5.591399902343750000e+03 -1.053319545462727547e-03
5.578891113281250000e+03 -1.065476215444505215e-03
5.566382812500000000e+03 -1.077779685147106647e-03
5.553874511718750000e+03 -1.090228557586669922e-03
5.541366210937500000e+03 -1.102821202948689461e-03
5.528857421875000000e+03 -1.115556224249303341e-03
5.516349121093750000e+03 -1.128432224504649639e-03
5.503840820312500000e+03 -1.141447806730866432e-03
5.491332031250000000e+03 -1.154601923190057278e-03
5.478823730468750000e+03 -1.167893293313682079e-03
5.466315429687500000e+03 -1.181320752948522568e-03
5.453806640625000000e+03 -1.194883137941360474e-03
5.441298339843750000e+03 -1.208579516969621181e-03
5.428790039062500000e+03 -1.222408842295408249e-03
5.416281250000000000e+03 -1.236369949765503407e-03
5.403772949218750000e+03 -1.250462024472653866e-03
5.391264648437500000e+03 -1.264684018678963184e-03
5.378756347656250000e+03 -1.279034884646534920e-03
5.366247558593750000e+03 -1.293513807468116283e-03
5.353739257812500000e+03 -1.308119739405810833e-03
5.341230957031250000e+03 -1.322851981967687607e-03
5.328722167968750000e+03 -1.337709371000528336e-03
5.316213867187500000e+03 -1.352691091597080231e-03
5.303705566406250000e+03 -1.367796212434768677e-03
5.291197265625000000e+03 -1.383024035021662712e-03
5.278688476562500000e+03 -1.398373395204544067e-03
5.266180175781250000e+03 -1.413843594491481781e-03
5.253671875000000000e+03 -1.429433817975223064e-03
5.241163085937500000e+03 -1.445142901502549648e-03
5.228654785156250000e+03 -1.460970262996852398e-03
5.216146484375000000e+03 -1.476914971135556698e-03
5.203637695312500000e+03 -1.492975978180766106e-03
5.191129394531250000e+03 -1.509152585640549660e-03
5.178621093750000000e+03 -1.525443862192332745e-03
5.166112792968750000e+03 -1.541848992928862572e-03
5.153604003906250000e+03 -1.558367046527564526e-03
5.141095703125000000e+03 -1.574997208081185818e-03
5.128587402343750000e+03 -1.591738662682473660e-03
5.116078613281250000e+03 -1.608590362593531609e-03
5.103570312500000000e+03 -1.625551609322428703e-03
5.091062011718750000e+03 -1.642621471546590328e-03
5.078553710937500000e+03 -1.659799134358763695e-03
5.066044921875000000e+03 -1.677083666436374187e-03
5.053536621093750000e+03 -1.694493461400270462e-03
5.041028320312500000e+03 -1.711972872726619244e-03
5.028520019531250000e+03 -1.729566720314323902e-03
5.016011230468750000e+03 -1.747293397784233093e-03
5.003502929687500000e+03 -1.765100983902812004e-03
4.990994628906250000e+03 -1.783007988706231117e-03
4.978485839843750000e+03 -1.801016740500926971e-03
4.965977539062500000e+03 -1.819121418520808220e-03
4.953469238281250000e+03 -1.837317598983645439e-03
4.940960937500000000e+03 -1.855595270171761513e-03
4.928452148437500000e+03 -1.873908797279000282e-03
4.915943847656250000e+03 -1.892178552225232124e-03
4.903435546875000000e+03 -1.910240040160715580e-03
4.890926757812500000e+03 -1.927983830682933331e-03
4.878418457031250000e+03 -1.945633674040436745e-03
4.865910156250000000e+03 -1.963706919923424721e-03
4.853401855468750000e+03 -1.982309157028794289e-03
4.840893066406250000e+03 -2.001292072236537933e-03
4.828384765625000000e+03 -2.020443789660930634e-03
4.815876464843750000e+03 -2.038647420704364777e-03
4.803367675781250000e+03 -2.038717968389391899e-03
4.790859375000000000e+03 -2.019327599555253983e-03
4.778351074218750000e+03 -2.015961799770593643e-03
4.765842285156250000e+03 -2.017216756939888000e-03
4.753333984375000000e+03 -2.019127365201711655e-03
4.740825195312500000e+03 -2.021243795752525330e-03
4.728316894531250000e+03 -2.023479668423533440e-03
4.715808593750000000e+03 -2.025781199336051941e-03
4.703299804687500000e+03 -2.028129063546657562e-03
4.690791503906250000e+03 -2.030508127063512802e-03
4.678282714843750000e+03 -2.032910706475377083e-03
4.665774414062500000e+03 -2.035361714661121368e-03
4.653266113281250000e+03 -2.037892118096351624e-03
4.640757324218750000e+03 -2.040511695668101311e-03
4.628249023437500000e+03 -2.042923821136355400e-03
4.615740722656250000e+03 -2.044322667643427849e-03
4.603231933593750000e+03 -2.044894965365529060e-03
4.590723632812500000e+03 -2.047068905085325241e-03
4.578214843750000000e+03 -2.050999086350202560e-03
4.565706542968750000e+03 -2.055555116385221481e-03
4.553198242187500000e+03 -2.060083905234932899e-03
4.540689453125000000e+03 -2.064414322376251221e-03
4.528181152343750000e+03 -2.068604575470089912e-03
4.515672851562500000e+03 -2.072730101644992828e-03
4.503164062500000000e+03 -2.076776232570409775e-03
4.490655761718750000e+03 -2.080863341689109802e-03
4.478147460937500000e+03 -2.084945561364293098e-03
4.465638671875000000e+03 -2.088997978717088699e-03
4.453130371093750000e+03 -2.093008952215313911e-03
4.440621582031250000e+03 -2.097131684422492981e-03
4.428113281250000000e+03 -2.101216232404112816e-03
4.415604980468750000e+03 -2.105318009853363037e-03
4.403096191406250000e+03 -2.109452383592724800e-03
4.390587890625000000e+03 -2.113589784130454063e-03
4.378079589843750000e+03 -2.117786323651671410e-03
4.365570800781250000e+03 -2.121979137882590294e-03
4.353062500000000000e+03 -2.126178937032818794e-03
4.340554199218750000e+03 -2.130359178408980370e-03
4.328045410156250000e+03 -2.134456997737288475e-03
4.315537109375000000e+03 -2.138326410204172134e-03
4.303028320312500000e+03 -2.141792559996247292e-03
4.290520019531250000e+03 -2.144991187378764153e-03
4.278011718750000000e+03 -2.148271072655916214e-03
4.265502929687500000e+03 -2.151626162230968475e-03
4.252994628906250000e+03 -2.154923044145107269e-03
4.240486328125000000e+03 -2.158245071768760681e-03
4.227977539062500000e+03 -2.161916578188538551e-03
4.215469238281250000e+03 -2.166203921660780907e-03
4.202960449218750000e+03 -2.170844236388802528e-03
4.190452148437500000e+03 -2.175576286390423775e-03
4.177943847656250000e+03 -2.180346753448247910e-03
4.165435058593750000e+03 -2.185102086514234543e-03
4.152926757812500000e+03 -2.189854392781853676e-03
4.140418457031250000e+03 -2.194609725847840309e-03
4.127909667968750000e+03 -2.199373906478285789e-03
4.115401367187500000e+03 -2.204088727012276649e-03
4.102893066406250000e+03 -2.208948368206620216e-03
4.090384277343750000e+03 -2.213646424934267998e-03
4.077875976562500000e+03 -2.218623645603656769e-03
4.065367431640625000e+03 -2.223477698862552643e-03
4.052858886718750000e+03 -2.228203462436795235e-03
4.040350585937500000e+03 -2.233231440186500549e-03
4.027842041015625000e+03 -2.238139277324080467e-03
4.015333496093750000e+03 -2.243024297058582306e-03
4.002824951171875000e+03 -2.247935160994529724e-03
3.990316650390625000e+03 -2.252910519018769264e-03
3.977808105468750000e+03 -2.257903572171926498e-03
3.965299560546875000e+03 -2.262872876599431038e-03
3.952791015625000000e+03 -2.267844742164015770e-03
3.940282714843750000e+03 -2.272821730002760887e-03
3.927774169921875000e+03 -2.277796389535069466e-03
3.915265625000000000e+03 -2.282770583406090736e-03
3.902757324218750000e+03 -2.287735696882009506e-03
3.890248779296875000e+03 -2.292722696438431740e-03
3.877740234375000000e+03 -2.297823317348957062e-03
3.865231689453125000e+03 -2.303171670064330101e-03
3.852723388671875000e+03 -2.308611758053302765e-03
3.840214843750000000e+03 -2.313926350325345993e-03
3.827706298828125000e+03 -2.319198334589600563e-03
3.815197998046875000e+03 -2.324454719200730324e-03
3.802689453125000000e+03 -2.329667331650853157e-03
3.790180908203125000e+03 -2.334768883883953094e-03
3.777672363281250000e+03 -2.339727245271205902e-03
