4.017489746093750000e+03 0.000000000000000000e+00
4.008286865234375000e+03 -1.428063405910506845e-04
3.994882324218750000e+03 -3.515103890094906092e-04
3.986879882812500000e+03 -4.765143385156989098e-04
3.978877197265625000e+03 -6.018062704242765903e-04
3.970874755859375000e+03 -7.273466908372938633e-04
3.962872070312500000e+03 -8.519631228409707546e-04
3.954869140625000000e+03 -9.060389711521565914e-04
3.946866455078125000e+03 -8.931378251872956753e-04
3.938863281250000000e+03 -8.371765143238008022e-04
3.937363037109375000e+03 -8.283848292194306850e-04
3.928734863281250000e+03 -7.977602654136717319e-04
3.920856933593750000e+03 -7.823522319085896015e-04
3.913260498046875000e+03 -7.743859314359724522e-04
3.902815429687500000e+03 -7.698517292737960815e-04
3.896406005859375000e+03 -7.688220939598977566e-04
3.887859863281250000e+03 -7.669959450140595436e-04
3.880599121093750000e+03 -7.364758639596402645e-04
3.872487060546875000e+03 -7.331938832066953182e-04
3.863361083984375000e+03 -7.309123757295310497e-04
3.857277099609375000e+03 -7.299163844436407089e-04
3.848151123046875000e+03 -7.286141044460237026e-04
3.836743408203125000e+03 -7.233647047542035580e-04
3.829898925781250000e+03 -6.924347835592925549e-04
3.824765380859375000e+03 -6.912513636052608490e-04
3.812573730468750000e+03 -6.906818016432225704e-04
3.806798583984375000e+03 -6.909552612341940403e-04
3.801023681640625000e+03 -6.915394333191215992e-04
3.789473388671875000e+03 -6.935491692274808884e-04
3.783698486328125000e+03 -6.949359085410833359e-04
3.772148193359375000e+03 -6.983912899158895016e-04
3.766373291015625000e+03 -7.004319922998547554e-04
3.760598144531250000e+03 -7.026649545878171921e-04
3.749048095703125000e+03 -7.076655165292322636e-04
3.743272949218750000e+03 -7.104142569005489349e-04
3.731722656250000000e+03 -7.163592381402850151e-04
3.725947753906250000e+03 -7.195591460913419724e-04
3.720172607421875000e+03 -7.228730246424674988e-04
3.706394775390625000e+03 -7.313382811844348907e-04
3.698391845703125000e+03 -7.365589262917637825e-04
3.690389160156250000e+03 -7.419946487061679363e-04
3.682386474609375000e+03 -7.476364844478666782e-04
3.674383544921875000e+03 -7.534736650995910168e-04
3.666380615234375000e+03 -7.595007773488759995e-04
3.660378417968750000e+03 -7.641002302989363670e-04
3.654376464843750000e+03 -7.688495097681879997e-04
3.646373535156250000e+03 -7.753648678772151470e-04
3.638370849609375000e+03 -7.820199243724346161e-04
3.630367919921875000e+03 -7.887987885624170303e-04
3.622364990234375000e+03 -7.958261994644999504e-04
3.614362304687500000e+03 -8.029330638237297535e-04
3.606359375000000000e+03 -8.102669380605220795e-04
3.598356689453125000e+03 -8.176824194379150867e-04
3.590353759765625000e+03 -8.253092528320848942e-04
3.582351074218750000e+03 -8.330182172358036041e-04
3.574348144531250000e+03 -8.409242727793753147e-04
3.566345458984375000e+03 -8.489132742397487164e-04
3.558342529296875000e+03 -8.570626960135996342e-04
3.550339599609375000e+03 -8.653432014398276806e-04
3.542336914062500000e+03 -8.737525204196572304e-04
3.534333984375000000e+03 -8.822879171930253506e-04
3.526331298828125000e+03 -8.909475291147828102e-04
3.518328369140625000e+03 -8.997292025014758110e-04
3.510325683593750000e+03 -9.086309000849723816e-04
3.502322753906250000e+03 -9.176512248814105988e-04
3.494320068359375000e+03 -9.267882560379803181e-04
3.486317138671875000e+03 -9.360404801554977894e-04
3.478314208984375000e+03 -9.454067912884056568e-04
3.470311523437500000e+03 -9.549025562591850758e-04
3.462308593750000000e+03 -9.644944802857935429e-04
3.454305908203125000e+03 -9.741956600919365883e-04
3.446302978515625000e+03 -9.840059792622923851e-04
3.438300292968750000e+03 -9.939238661900162697e-04
3.430297363281250000e+03 -1.003948738798499107e-03
3.422294677734375000e+03 -1.014079083688557148e-03
3.414291748046875000e+03 -1.024313620291650295e-03
3.406288818359375000e+03 -1.034651184454560280e-03
3.398286132812500000e+03 -1.045090146362781525e-03
3.390283203125000000e+03 -1.055629458278417587e-03
3.382280517578125000e+03 -1.066267257556319237e-03
3.374277587890625000e+03 -1.077002147212624550e-03
3.366274658203125000e+03 -1.087832264602184296e-03
3.358271972656250000e+03 -1.098755979910492897e-03
3.350269042968750000e+03 -1.109772827476263046e-03
3.342266357421875000e+03 -1.120883040130138397e-03
3.334263427734375000e+03 -1.132088131271302700e-03
3.326260742187500000e+03 -1.143390662036836147e-03
3.318258056640625000e+03 -1.154792611487209797e-03
3.310255126953125000e+03 -1.166294910944998264e-03
3.302252441406250000e+03 -1.177898258902132511e-03
3.294249511718750000e+03 -1.189567614346742630e-03
3.286246826171875000e+03 -1.201375387609004974e-03
3.278243896484375000e+03 -1.213284558616578579e-03
3.270240966796875000e+03 -1.225294778123497963e-03
3.262238281250000000e+03 -1.237405929714441299e-03
3.254235351562500000e+03 -1.249617547728121281e-03
3.246232666015625000e+03 -1.261929282918572426e-03
3.238229736328125000e+03 -1.274370239116251469e-03
3.230227050781250000e+03 -1.286881277337670326e-03
3.222224121093750000e+03 -1.299490337260067463e-03
3.214221435546875000e+03 -1.312197651714086533e-03
3.206218505859375000e+03 -1.325001241639256477e-03
3.198215820312500000e+03 -1.337900175713002682e-03
3.190212890625000000e+03 -1.350894919596612453e-03
3.182210205078125000e+03 -1.363982446491718292e-03
3.174207275390625000e+03 -1.377162872813642025e-03
3.168205078125000000e+03 -1.387063763104379177e-03
3.159201904296875000e+03 -1.402053050696849823e-03
3.150198974609375000e+03 -1.417143968865275383e-03
3.144196777343750000e+03 -1.427259645424783230e-03
3.135193603515625000e+03 -1.442518550902605057e-03
3.126190429687500000e+03 -1.457879319787025452e-03
3.120188232421875000e+03 -1.468178583309054375e-03
3.111185058593750000e+03 -1.483716187067329884e-03
3.102181884765625000e+03 -1.499363686889410019e-03
3.096179931640625000e+03 -1.509857014752924442e-03
3.087176757812500000e+03 -1.525687635876238346e-03
3.078173583984375000e+03 -1.541626756079494953e-03
3.072171386718750000e+03 -1.552311470732092857e-03
3.063168212890625000e+03 -1.568427425809204578e-03
3.054165039062500000e+03 -1.584651763550937176e-03
3.048163085937500000e+03 -1.595529378391802311e-03
3.039159912109375000e+03 -1.611937885172665119e-03
3.031844726562500000e+03 -1.625329372473061085e-03
3.025092529296875000e+03 -1.637761131860315800e-03
3.016651855468750000e+03 -1.653381623327732086e-03
3.008211425781250000e+03 -1.669088494963943958e-03
2.999770996093750000e+03 -1.684880233369767666e-03
2.993018554687500000e+03 -1.697575091384351254e-03
2.984578125000000000e+03 -1.713523757643997669e-03
2.976137695312500000e+03 -1.729566720314323902e-03
2.967697265625000000e+03 -1.745711080729961395e-03
2.960944824218750000e+03 -1.758697791956365108e-03
2.952504394531250000e+03 -1.775021897628903389e-03
2.944063964843750000e+03 -1.791442977264523506e-03
2.936045654296875000e+03 -1.807108637876808643e-03
2.927974365234375000e+03 -1.822968944907188416e-03
2.920852783203125000e+03 -1.837006304413080215e-03
2.912662841796875000e+03 -1.853186287917196751e-03
2.904336425781250000e+03 -1.869704574346542358e-03
2.897064208984375000e+03 -1.884211087599396706e-03
2.888722412109375000e+03 -1.900888164527714252e-03
2.880900878906250000e+03 -1.916601788252592087e-03
2.872806640625000000e+03 -1.932950573973357677e-03
2.864712402343750000e+03 -1.949352095834910870e-03
2.856618408203125000e+03 -1.965834759175777435e-03
2.848524169921875000e+03 -1.982409739866852760e-03
2.840429931640625000e+03 -1.999064348638057709e-03
2.832913818359375000e+03 -2.014564350247383118e-03
2.824435791015625000e+03 -2.032127929851412773e-03
2.816752685546875000e+03 -2.048069378361105919e-03
2.808131835937500000e+03 -2.066002460196614265e-03
2.800220214843750000e+03 -2.082525053992867470e-03
2.792308593750000000e+03 -2.099025296047329903e-03
2.784396972656250000e+03 -2.115319482982158661e-03
2.776698974609375000e+03 -2.130352426320314407e-03
2.768316406250000000e+03 -2.143392339348793030e-03
2.760296630859375000e+03 -2.145756501704454422e-03
2.752277099609375000e+03 -2.138253534212708473e-03
2.744925781250000000e+03 -2.132226945832371712e-03
2.736906250000000000e+03 -2.127303974702954292e-03
2.728886718750000000e+03 -2.123012440279126167e-03
2.720867187500000000e+03 -2.119000302627682686e-03
2.712847656250000000e+03 -2.115088980644941330e-03
2.704827880859375000e+03 -2.111384645104408264e-03
2.696808349609375000e+03 -2.108220476657152176e-03
2.688788818359375000e+03 -2.105777384713292122e-03
2.680769287109375000e+03 -2.104002982378005981e-03
2.672749755859375000e+03 -2.102732658386230469e-03
2.664730224609375000e+03 -2.101815072819590569e-03
2.656710449218750000e+03 -2.101131947711110115e-03
2.648690917968750000e+03 -2.100619720295071602e-03
2.641005615234375000e+03 -2.100304001942276955e-03
2.632986083984375000e+03 -2.100244862958788872e-03
2.624966308593750000e+03 -2.100589452311396599e-03
2.616946777343750000e+03 -2.101383870467543602e-03
2.608927246093750000e+03 -2.102540340274572372e-03
2.600907714843750000e+03 -2.103917533531785011e-03
2.592888183593750000e+03 -2.105417661368846893e-03
2.584868652343750000e+03 -2.107000676915049553e-03
2.576849121093750000e+03 -2.108669141307473183e-03
2.568829345703125000e+03 -2.110450528562068939e-03
2.560809814453125000e+03 -2.112367190420627594e-03
2.552790283203125000e+03 -2.114400733262300491e-03
2.544770751953125000e+03 -2.116498537361621857e-03
2.536751220703125000e+03 -2.118646400049328804e-03
2.528731689453125000e+03 -2.120881341397762299e-03
2.520712158203125000e+03 -2.123242244124412537e-03
2.512692626953125000e+03 -2.125735161826014519e-03
2.504672851562500000e+03 -2.128347521647810936e-03
2.496653320312500000e+03 -2.131066750735044479e-03
2.488633789062500000e+03 -2.133879810571670532e-03
2.480948486328125000e+03 -2.136656781658530235e-03
2.472895507812500000e+03 -2.139635616913437843e-03
2.464817382812500000e+03 -2.142704790458083153e-03
2.456853515625000000e+03 -2.145761158317327499e-03
2.448856933593750000e+03 -2.148959320038557053e-03
2.440886474609375000e+03 -2.152187982574105263e-03
2.432705322265625000e+03 -2.155546564608812332e-03
2.424920410156250000e+03 -2.158791758120059967e-03
2.416926269531250000e+03 -2.162171062082052231e-03
