0.000000000000000000e+00 1.000000000000000000e+00 0.000000000000000000e+00
5.750000011175870895e-03 9.999688987986050659e-01 2.567262770623658756e-08
1.412499975413084030e-02 9.999261195505303457e-01 6.725089016461944625e-07
1.912499964237213135e-02 9.999021243836198058e-01 -2.962992117058352776e-07
2.412500046193599701e-02 9.998792034839946163e-01 -1.679661149215202570e-07
2.912499941885471344e-02 9.998573967255651729e-01 -1.498568086130295157e-07
3.412500023841857910e-02 9.998366999705987634e-01 -1.211327815196585014e-07
3.524331748485565186e-02 9.997364538854786042e-01 -1.719247250418577924e-05
4.184451326727867126e-02 9.995450281671114379e-01 -2.856738033837505846e-05
4.564567282795906067e-02 9.994340441056660529e-01 -3.355946682859212160e-05
5.064567551016807556e-02 9.992871505341358596e-01 -3.933965178605701533e-05
5.564567446708679199e-02 9.991391487419605255e-01 -4.456009316657270994e-05
6.064567342400550842e-02 9.989898970084529761e-01 -4.940906988589891462e-05
6.564567238092422485e-02 9.988392586154597463e-01 -5.399979168682226210e-05
7.064567506313323975e-02 9.986870760364192634e-01 -5.840694315598479242e-05
7.564567774534225464e-02 9.985331659870487764e-01 -6.268486946022935695e-05
8.064567297697067261e-02 9.983773160193647467e-01 -6.687287740143281879e-05
8.564567565917968750e-02 9.982192856924874125e-01 -7.100143869008337136e-05
9.064567089080810547e-02 9.980588038052831124e-01 -7.509698791961585160e-05
9.564567357301712036e-02 9.978955698864799828e-01 -7.918195167024220352e-05
1.006456762552261353e-01 9.977292601551328577e-01 -8.327566320076584816e-05
1.056456714868545532e-01 9.975595329489026497e-01 -8.739701505484325352e-05
1.106456741690635681e-01 9.973860517144202964e-01 -9.156114953969205742e-05
1.156456768512725830e-01 9.972084990569524132e-01 -9.577529272064566612e-05
1.201500669121742249e-01 9.970181248017719877e-01 -9.732123830222658329e-05
1.251279115676879883e-01 9.968210543904986176e-01 -1.013329102923827570e-04
1.304425001144409180e-01 9.966108092239924776e-01 -9.891124708311898174e-05
1.356690973043441772e-01 9.963739582470484413e-01 -4.114830517210066319e-05
1.403017640113830566e-01 9.961661704948969742e-01 -3.223077718368066015e-05
1.452907770872116089e-01 9.959585296256202591e-01 -5.848595589798476305e-05
1.508143544197082520e-01 9.957329354115895814e-01 -6.580492481589317322e-05
1.550238430500030518e-01 9.955640098878315580e-01 -3.857587996338095274e-05
1.608870625495910645e-01 9.953376105853489753e-01 1.620046116711039677e-05
1.673140525817871094e-01 9.950960738318306298e-01 5.966083595662244825e-05
1.703584045171737671e-01 9.949746059519904984e-01 7.940789717914802494e-05
1.779693216085433960e-01 9.946511345250266256e-01 1.267366127909294235e-04
1.825358569622039795e-01 9.944524113621030503e-01 1.521915629772203232e-04
1.858582049608230591e-01 9.943072182791572455e-01 1.688433112576603889e-04
1.935793012380599976e-01 9.939708377633775793e-01 1.884876151702233685e-04
1.972366571426391602e-01 9.938116065093449691e-01 1.851600827649235725e-04
2.008940279483795166e-01 9.936523394925254049e-01 1.765193051791616810e-04
2.082087397575378418e-01 9.933333775826863610e-01 1.527158310636878014e-04
2.108124643564224243e-01 9.932192461831229613e-01 1.515665790066123009e-04
2.156944572925567627e-01 9.930050398622241037e-01 1.472688579399670757e-04
2.203323394060134888e-01 9.928015964371817992e-01 1.466744413067187466e-04
2.264424562454223633e-01 9.925334325858525819e-01 1.474129967391490936e-04
2.333935648202896118e-01 9.922287302357810646e-01 1.485695164384586548e-04
2.383935749530792236e-01 9.920097649097442405e-01 1.496670967234032417e-04
2.400537282228469849e-01 9.919370429856437799e-01 1.527446189096995724e-04
2.464807331562042236e-01 9.916555787835802382e-01 1.607594978330390716e-04
2.512360811233520508e-01 9.914476837430681311e-01 1.669639023020863533e-04
2.551617920398712158e-01 9.912762505667549462e-01 1.732924553964819111e-04
2.600323855876922607e-01 9.910634994506836160e-01 1.843212771096399891e-04
2.658166885375976562e-01 9.908109656402043219e-01 2.020825964531728161e-04
2.711560428142547607e-01 9.905778305871146827e-01 2.248006473694528736e-04
2.751605510711669922e-01 9.904028892517089400e-01 2.476003719493746758e-04
2.804999053478240967e-01 9.901692245687756522e-01 2.856857609003782272e-04
2.858392596244812012e-01 9.899342034544262869e-01 3.219408847923789551e-04
2.908449172973632812e-01 9.897142708301543967e-01 3.079146346343415047e-04
2.958505749702453613e-01 9.894978046417236550e-01 2.043749638167875076e-04
3.001053631305694580e-01 9.893162463392529693e-01 1.064524736388453377e-04
3.051109910011291504e-01 9.891035820756639563e-01 3.189477553990270701e-05
3.103669285774230957e-01 9.888797266142708153e-01 -1.438287082627149589e-05
3.151535689830780029e-01 9.886755747454506471e-01 -4.115428808810455265e-05
3.210664987564086914e-01 9.884235748222895968e-01 -6.444605449879807892e-05
3.267682492733001709e-01 9.881808817386626975e-01 -8.133712357708386593e-05
3.305694162845611572e-01 9.880192628928593512e-01 -9.058782598003745079e-05
3.353208601474761963e-01 9.878174875463757720e-01 -1.008388187204088503e-04
3.445971608161926270e-01 9.874244042805262467e-01 -1.189498330599495304e-04
3.495971560478210449e-01 9.872130496161324320e-01 -1.282224631203072334e-04
3.545971810817718506e-01 9.870020551340920045e-01 -1.372610568068921566e-04
3.595971763134002686e-01 9.867914302008491401e-01 -1.462191409830536045e-04
3.645971715450286865e-01 9.865811944007873979e-01 -1.551762688905000687e-04
3.695971667766571045e-01 9.863713562488556352e-01 -1.642612707135932709e-04
3.702221810817718506e-01 9.863452323845454117e-01 -1.634524503190602459e-04
3.759253025054931641e-01 9.861069330147334000e-01 -1.831685658544301987e-04
3.801440298557281494e-01 9.859313028199332418e-01 -2.026545948215893375e-04
3.854174911975860596e-01 9.857128075190952909e-01 -2.362019981124571430e-04
3.901635706424713135e-01 9.855171765599932687e-01 -2.727468132174441025e-04
3.964917063713073730e-01 9.852564999035425819e-01 -3.161184556250061463e-04
4.004467725753784180e-01 9.850934352193559951e-01 -3.200718534312078163e-04
4.053411781787872314e-01 9.848926646368842963e-01 -3.012903034687042236e-04
4.107639789581298828e-01 9.846706765038627518e-01 -2.659760315769484833e-04
4.152690470218658447e-01 9.844872117042541282e-01 -2.340244328869240547e-04
4.220266640186309814e-01 9.842159577778406554e-01 -1.990626832204205727e-04
4.276580214500427246e-01 9.840013452938624061e-01 -1.431339686470372414e-04
4.310368299484252930e-01 9.838815467698234229e-01 -1.139319751278630363e-04
4.377944469451904297e-01 9.836697101593017134e-01 -4.677208406584603252e-05
4.411732554435729980e-01 9.835747991289410797e-01 -6.134490831755101681e-06
4.453967809677124023e-01 9.834633486611503717e-01 4.863203918960477915e-05
4.508873522281646729e-01 9.833249432700019721e-01 1.224035347279693283e-04
4.559555649757385254e-01 9.832028337887355196e-01 1.982105729569281734e-04
4.603506624698638916e-01 9.826366237231664025e-01 4.538898688874074623e-04
4.652951359748840332e-01 9.824303763253349198e-01 2.781528414094022110e-04
4.701059758663177490e-01 9.822275349072047135e-01 1.701734228325741554e-04
4.755181968212127686e-01 9.820079854556492682e-01 1.787497894838452339e-04
4.800283610820770264e-01 9.818280322211128119e-01 2.259683595704180931e-04
4.854405522346496582e-01 9.816131864275250418e-01 2.776330469974449470e-04
4.908527433872222900e-01 9.813984887940543356e-01 3.168212050305945610e-04
4.959267079830169678e-01 9.811976398740496208e-01 3.449248283037117317e-04
5.004932284355163574e-01 9.810173409325736449e-01 3.643000298844916557e-04
5.050597786903381348e-01 9.808373485292707361e-01 3.788203466683626175e-04
5.141928791999816895e-01 9.804785438946315157e-01 3.986764433128493095e-04
5.191928744316101074e-01 9.802825093269348367e-01 4.037028910326106285e-04
5.241928696632385254e-01 9.800872819764274713e-01 4.059419568095888565e-04
5.254428982734680176e-01 9.800389902932303832e-01 4.087323655507394478e-04
5.304428935050964355e-01 9.798446825572423302e-01 4.061723261007240608e-04
5.354428887367248535e-01 9.796512246131896529e-01 3.893431941313402916e-04
5.404428839683532715e-01 9.794591069221496582e-01 3.402255076382841538e-04
5.454428791999816895e-01 9.792687364986963905e-01 2.304800852601017155e-04
5.504428744316101074e-01 9.790798374584742669e-01 3.010044955382389742e-06
5.551303625106811523e-01 9.789037329810005295e-01 -2.894719197813953827e-04
5.607553720474243164e-01 9.786917771611894912e-01 -5.922193106796060135e-04
5.660288333892822266e-01 9.784925835473197164e-01 -7.018232052879673629e-04
5.702475905418395996e-01 9.783324582236152533e-01 -6.692650994019848495e-04
5.755209922790527344e-01 9.781320622989110314e-01 -5.103947062577519943e-04
5.807944536209106445e-01 9.779301439012799690e-01 -2.221757978467004562e-04
5.850132107734680176e-01 9.777674283300127334e-01 8.305735952619995002e-05
5.908139944076538086e-01 9.775405168533325417e-01 4.905168898403644562e-04
5.955600738525390625e-01 9.773530176707676542e-01 5.663604076419557999e-04
6.003061532974243164e-01 9.771671499524797744e-01 4.737775639763900444e-04
6.050522327423095703e-01 9.769839916910443289e-01 3.952607512474060059e-04
6.100949645042419434e-01 9.767917939594813470e-01 3.813341193433318664e-04
6.154343485832214355e-01 9.765912430627006202e-01 4.157747275062969520e-04
6.214411258697509766e-01 9.763676898820060623e-01 4.809929191001823738e-04
6.254456043243408203e-01 9.762200372559683981e-01 5.217270726071936279e-04
6.314523816108703613e-01 9.760021856852940658e-01 5.077643852148737381e-04
6.354569196701049805e-01 9.758598395756312716e-01 3.733599026288304855e-04
6.414636969566345215e-01 9.756491950580052919e-01 -9.664966325674737816e-05
6.454682350158691406e-01 9.755079797336033698e-01 -4.395919386297464371e-04
6.514749526977539062e-01 9.752944912229265517e-01 -5.723526701331138611e-04
6.554794907569885254e-01 9.751506686210632546e-01 -2.924816549888679192e-04
6.600471735000610352e-01 9.749800971576145781e-01 2.973970092300857971e-04
6.653969287872314453e-01 9.747686011450630295e-01 7.161897208009447525e-04
6.701483726501464844e-01 9.745841809681483614e-01 6.317565483706337600e-04
6.751374006271362305e-01 9.743993282318115234e-01 6.180546645607266952e-04
6.800373196601867676e-01 9.742229563849311713e-01 6.699937262705393890e-04
6.852992177009582520e-01 9.740368366241455300e-01 5.166733837021249146e-04
6.902604103088378906e-01 9.738657321248735954e-01 -4.757616469370467129e-05
6.951652169227600098e-01 9.736969726426261129e-01 -4.736549952732665276e-04
7.005351185798645020e-01 9.735058699335370491e-01 -1.757636865867035584e-05
7.053157091140747070e-01 9.733184984752110136e-01 7.830914775175708145e-04
7.101320028305053711e-01 9.731288943971906358e-01 8.487062794821602493e-04
7.155678868293762207e-01 9.729357038225445731e-01 8.508908961500440170e-04
7.202348113059997559e-01 9.727781738553729074e-01 4.775284323841333389e-04
7.253779768943786621e-01 9.726131030491419471e-01 -3.071886021643877029e-04
7.300229072570800781e-01 9.724534307207379769e-01 3.579700631754739021e-04
7.352303862571716309e-01 9.722475119999476334e-01 1.099975846175636502e-03
7.400038838386535645e-01 9.720842974526542335e-01 1.051242995475019665e-03
7.452113032341003418e-01 9.719255294118609445e-01 2.958700393459626703e-05
7.504187822341918945e-01 9.717620662280491706e-01 6.279877520033291718e-04
7.550613284111022949e-01 9.928044370242528061e-01 -2.732442226260900497e-04
7.602484822273254395e-01 9.927608711378914652e-01 3.104806611580508018e-04
7.651365995407104492e-01 9.927146945680890289e-01 4.366950264998844459e-04
7.702890038490295410e-01 9.926647007465362327e-01 4.545702665512051056e-04
7.750065922737121582e-01 9.926185727119445357e-01 4.452763324869530464e-04
7.801678180694580078e-01 9.925679513386317376e-01 4.281599872878619835e-04
7.852734923362731934e-01 9.925177701881953141e-01 4.092888973121132324e-04
7.900427579879760742e-01 9.924708145005363136e-01 3.912886272051504448e-04
7.952092289924621582e-01 9.924198670046668891e-01 3.716003681932177017e-04
8.000946044921875000e-01 9.923716170447212104e-01 3.530865402093955681e-04
8.051242828369140625e-01 9.923218616417475157e-01 3.340981701122863030e-04
8.100054264068603516e-01 9.922734992844718382e-01 3.156359640083142922e-04
8.150296807289123535e-01 9.922236434050969445e-01 2.967390298311199616e-04
8.202538490295410156e-01 9.921717200960431526e-01 2.770880736144525742e-04
8.252870440483093262e-01 9.921216147286552323e-01 2.583240025809833214e-04
8.300868868827819824e-01 9.920737581593650489e-01 2.402547647112182247e-04
8.352559804916381836e-01 9.920221447944641557e-01 2.210125094279646873e-04
8.401395678520202637e-01 9.919733056000300531e-01 2.029279213664787079e-04
8.453121185302734375e-01 9.919214938368116075e-01 1.838213065639138222e-04
8.501532673835754395e-01 9.918729271207537002e-01 1.658919832802244556e-04
8.553445935249328613e-01 9.918207679476056526e-01 1.468249663178409733e-04
8.601305484771728516e-01 9.917726065431322624e-01 1.292206579819321632e-04
8.651794791221618652e-01 9.917217229093824304e-01 1.107706754867519671e-04
8.702194690704345703e-01 9.916708486420768853e-01 9.239425084420613461e-05
8.750810623168945312e-01 9.916216995034898840e-01 7.476107150848423119e-05
8.801695704460144043e-01 9.915701763970512506e-01 5.633307487836905985e-05
8.850715160369873047e-01 9.915204669748034494e-01 3.863290268262582359e-05
8.902515172958374023e-01 9.914678531033652709e-01 1.999103863324437871e-05
8.951476216316223145e-01 9.914180466106958800e-01 2.289799730143775958e-06
9.000061154365539551e-01 9.913685432502201689e-01 -1.508266723249107599e-05
9.051219820976257324e-01 9.913163338388715218e-01 -3.338275876428399477e-05
9.100711941719055176e-01 9.912657431193760971e-01 -5.108583302769277487e-05
9.151245355606079102e-01 9.912140062877110580e-01 -6.914718791709415131e-05
9.200571179389953613e-01 9.911634249346595871e-01 -8.671614341437816620e-05
9.250788688659667969e-01 9.911118439265660385e-01 -1.045981688158852655e-04
9.301266670227050781e-01 9.910599095480782106e-01 -1.225455697359783386e-04
9.350906610488891602e-01 9.910087534359522943e-01 -1.402106801314013267e-04
9.401043653488159180e-01 9.909569978713989036e-01 -1.580739127738135124e-04
9.450363516807556152e-01 9.909059992858342270e-01 -1.755950839391776455e-04
9.501649141311645508e-01 9.908528770719255974e-01 -1.938388782686420811e-04
9.551129937171936035e-01 9.908015344824109283e-01 -2.114684986216681267e-04
9.602065682411193848e-01 9.907485910824366249e-01 -2.296440070495009422e-04
9.650516510009765625e-01 9.906981408596038374e-01 -2.469326635556561684e-04
9.701812863349914551e-01 9.906446354729789849e-01 -2.652979788503476784e-04
9.751621484756469727e-01 9.905925869941711870e-01 -2.830756296004567673e-04
9.802115559577941895e-01 9.905397236347198708e-01 -3.012001314865691399e-04
9.850792288780212402e-01 9.904886739594596090e-01 -3.186826527650867035e-04
9.902279376983642578e-01 9.904345742293767518e-01 -3.372321370989084244e-04
9.951228499412536621e-01 9.903830434594835808e-01 -3.550151762153420975e-04
1.000000000000000000e+00 9.903316055025372933e-01 -3.726436823074306915e-04
