0.000000000000000000e+00 1.000000000000000000e+00 0.000000000000000000e+00
5.750000011175870895e-03 9.998566683785350406e-01 1.244798119170573781e-09
1.412499975413084030e-02 9.996429211360331468e-01 5.499838043555952942e-09
1.912499964237213135e-02 9.995125311646673172e-01 7.053338141476825055e-09
2.412500046193599701e-02 9.993792092568739571e-01 9.211931272059079321e-09
2.912499941885471344e-02 9.992420526766074840e-01 1.102221925447256948e-08
3.412500023841857910e-02 9.990998948896834264e-01 1.298020473433834527e-08
3.912499919533729553e-02 9.989512268572802167e-01 1.481855265003364877e-08
4.412499815225601196e-02 9.987940398319556934e-01 1.644259468328940173e-08
4.912500083446502686e-02 9.986256406541608177e-01 1.831781101977579894e-08
5.412499979138374329e-02 9.984423366873877992e-01 2.024964610658208196e-08
5.912499874830245972e-02 9.982390441369025647e-01 2.188251542091327574e-08
6.412500143051147461e-02 9.980086101467489090e-01 2.289438608108915439e-08
6.412500143051147461e-02 9.980086101467489090e-01 2.289438608108915439e-08
