1.001372314453125000e+03 0.000000000000000000e+00
9.990784912109375000e+02 -2.789329446386545897e-04
9.957374877929687500e+02 -6.880883593112230301e-04
9.937429199218750000e+02 -9.340054239146411419e-04
9.917482910156250000e+02 -1.181156258098781109e-03
9.897536621093750000e+02 -1.429540920071303844e-03
9.877590942382812500e+02 -1.679150736890733242e-03
9.857644653320312500e+02 -1.929911086335778236e-03
9.837698364257812500e+02 -2.181114861741662025e-03
9.817752075195312500e+02 -2.355342265218496323e-03
9.797804565429687500e+02 -2.345076296478509903e-03
9.777857055664062500e+02 -2.324878005310893059e-03
9.757909545898437500e+02 -2.304155612364411354e-03
9.737962036132812500e+02 -2.283631591126322746e-03
9.718015136718750000e+02 -2.262801397591829300e-03
9.698067626953125000e+02 -2.241912763565778732e-03
9.678120117187500000e+02 -2.221049042418599129e-03
9.658172607421875000e+02 -2.200247021391987801e-03
9.638225097656250000e+02 -2.179532079026103020e-03
9.618277587890625000e+02 -2.158927731215953827e-03
9.598330078125000000e+02 -2.138459589332342148e-03
9.578382568359375000e+02 -2.118159085512161255e-03
9.558435668945312500e+02 -2.098064403980970383e-03
9.538488159179687500e+02 -2.078222343698143959e-03
9.518540649414062500e+02 -2.058687852695584297e-03
9.498593139648437500e+02 -2.039524493739008904e-03
9.478645629882812500e+02 -2.020802348852157593e-03
9.458698120117187500e+02 -2.002595923840999603e-03
9.438750610351562500e+02 -1.984979724511504173e-03
9.418803710937500000e+02 -1.968025462701916695e-03
9.398856201171875000e+02 -1.951796817593276501e-03
9.378908691406250000e+02 -1.936347689479589462e-03
9.358961181640625000e+02 -1.921472954563796520e-03
9.339013671875000000e+02 -1.907714176923036575e-03
9.319066162109375000e+02 -1.894797896966338158e-03
9.299118652343750000e+02 -1.882763579487800598e-03
9.279171752929687500e+02 -1.871583983302116394e-03
9.259224243164062500e+02 -1.861250493675470352e-03
9.239276733398437500e+02 -1.851736451499164104e-03
9.219329223632812500e+02 -1.843014149926602840e-03
9.199382324218750000e+02 -1.835050876252353191e-03
9.179434814453125000e+02 -1.827812870033085346e-03
9.159487304687500000e+02 -1.821265323087573051e-03
9.139539794921875000e+02 -1.815373660065233707e-03
9.119592285156250000e+02 -1.810103654861450195e-03
9.099645385742187500e+02 -1.805422245524823666e-03
9.079697875976562500e+02 -1.801297883503139019e-03
9.059750366210937500e+02 -1.797700300812721252e-03
9.039802856445312500e+02 -1.794601092115044594e-03
9.019855957031250000e+02 -1.791973365470767021e-03
8.999908447265625000e+02 -1.789791858755052090e-03
8.979960937500000000e+02 -1.788032939657568932e-03
8.960014038085937500e+02 -1.786674605682492256e-03
8.940066528320312500e+02 -1.785696251317858696e-03
8.920119018554687500e+02 -1.785078668035566807e-03
8.900171508789062500e+02 -1.784803927876055241e-03
8.880224609375000000e+02 -1.784855150617659092e-03
8.860277099609375000e+02 -1.785216969437897205e-03
8.840329589843750000e+02 -1.785874832421541214e-03
8.820382690429687500e+02 -1.786814886145293713e-03
8.800435180664062500e+02 -1.788024790585041046e-03
8.780487670898437500e+02 -1.789492554962635040e-03
8.760540161132812500e+02 -1.791207003407180309e-03
8.740593261718750000e+02 -1.793158007785677910e-03
8.720645751953125000e+02 -1.795335672795772552e-03
8.700698242187500000e+02 -1.797731034457683563e-03
8.680751342773437500e+02 -1.800335478037595749e-03
8.660803833007812500e+02 -1.803141087293624878e-03
8.640856323242187500e+02 -1.806140411645174026e-03
8.620909423828125000e+02 -1.809326233342289925e-03
8.600961914062500000e+02 -1.812691916711628437e-03
8.581014404296875000e+02 -1.816231408156454563e-03
8.577274169921875000e+02 -1.816948410123586655e-03
8.555768432617187500e+02 -1.820984412916004658e-03
8.536132812500000000e+02 -1.824831590056419373e-03
8.516497192382812500e+02 -1.828823005780577660e-03
8.496861572265625000e+02 -1.832928159274160862e-03
8.477225952148437500e+02 -1.837030868045985699e-03
8.457590332031250000e+02 -1.840883982367813587e-03
8.435149536132812500e+02 -1.845164457336068153e-03
8.415513916015625000e+02 -1.849346794188022614e-03
8.395878295898437500e+02 -1.853919355198740959e-03
8.376242675781250000e+02 -1.858751522377133369e-03
8.356607055664062500e+02 -1.863774377852678299e-03
8.336971435546875000e+02 -1.868953113444149494e-03
8.315933227539062500e+02 -1.874650944955646992e-03
8.296998901367187500e+02 -1.879898365586996078e-03
8.273331298828125000e+02 -1.886609243229031563e-03
8.248479614257812500e+02 -1.893795211799442768e-03
8.237828979492187500e+02 -1.896960078738629818e-03
8.213865356445312500e+02 -1.904135919176042080e-03
8.197889404296875000e+02 -1.909002196043729782e-03
8.167934570312500000e+02 -1.918297610245645046e-03
8.147987670898437500e+02 -1.924609648995101452e-03
8.128040161132812500e+02 -1.931017730385065079e-03
8.115573120117187500e+02 -1.935074455104768276e-03
8.088924560546875000e+02 -1.943854847922921181e-03
8.069990234375000000e+02 -1.950191915966570377e-03
8.050043334960937500e+02 -1.956956461071968079e-03
8.030095825195312500e+02 -1.963809831067919731e-03
8.010148315429687500e+02 -1.970750745385885239e-03
7.990201416015625000e+02 -1.977777574211359024e-03
7.970253906250000000e+02 -1.984889153391122818e-03
7.950306396484375000e+02 -1.992084784433245659e-03
7.930359497070312500e+02 -1.999363303184509277e-03
7.910411987304687500e+02 -2.006724011152982712e-03
7.890464477539062500e+02 -2.014165744185447693e-03
7.870517578125000000e+02 -2.021633321419358253e-03
7.850570068359375000e+02 -2.029234776273369789e-03
7.830622558593750000e+02 -2.036914462223649025e-03
7.810675659179687500e+02 -2.044679829850792885e-03
7.790728149414062500e+02 -2.052516210824251175e-03
7.770780639648437500e+02 -2.060431521385908127e-03
7.750833740234375000e+02 -2.068421570584177971e-03
7.730886230468750000e+02 -2.076488221064209938e-03
7.718419189453125000e+02 -2.081629354506731033e-03
7.699718627929687500e+02 -2.089293440803885460e-03
7.677277832031250000e+02 -2.098584314808249474e-03
7.658577270507812500e+02 -2.106470521539449692e-03
7.639876708984375000e+02 -2.114387927576899529e-03
7.617435913085937500e+02 -2.123994519934058189e-03
7.598735351562500000e+02 -2.132087945938110352e-03
7.580034790039062500e+02 -2.140215830877423286e-03
7.559464111328125000e+02 -2.149313921108841896e-03
7.537023315429687500e+02 -2.159226220101118088e-03
7.514582519531250000e+02 -2.169182756915688515e-03
7.497751464843750000e+02 -2.176633803173899651e-03
7.472505493164062500e+02 -2.187808742746710777e-03
7.457911376953125000e+02 -2.194166649132966995e-03
7.436609497070312500e+02 -2.203495474532246590e-03
7.415308837890625000e+02 -2.212866442278027534e-03
7.399332885742187500e+02 -2.220019465312361717e-03
7.378031616210937500e+02 -2.229806734248995781e-03
7.358062133789062500e+02 -2.239121124148368835e-03
7.338092651367187500e+02 -2.248584525659680367e-03
7.316125488281250000e+02 -2.259115921333432198e-03
7.298153076171875000e+02 -2.267814707010984421e-03
7.280180053710937500e+02 -2.276581246405839920e-03
7.259211425781250000e+02 -2.286890288814902306e-03
7.232252197265625000e+02 -2.300265710800886154e-03
7.209786376953125000e+02 -2.311510266736149788e-03
7.189838867187500000e+02 -2.321566920727491379e-03
7.169891967773437500e+02 -2.331711119040846825e-03
7.149944458007812500e+02 -2.341935411095619202e-03
7.129997558593750000e+02 -2.352232811972498894e-03
7.110050048828125000e+02 -2.362603088840842247e-03
7.097583007812500000e+02 -2.369137946516275406e-03
7.071401977539062500e+02 -2.382849575951695442e-03
7.058779296875000000e+02 -2.389592817053198814e-03
7.028800048828125000e+02 -2.405605744570493698e-03
7.014598999023437500e+02 -2.413242822512984276e-03
7.000398559570312500e+02 -2.420916920527815819e-03
6.971997070312500000e+02 -2.436374546959996223e-03
6.957796020507812500e+02 -2.444157376885414124e-03
6.929394531250000000e+02 -2.459829440340399742e-03
6.915194091796875000e+02 -2.467717044055461884e-03
6.893892822265625000e+02 -2.479607705026865005e-03
6.872591552734375000e+02 -2.491566352546215057e-03
6.861940917968750000e+02 -2.497569425031542778e-03
6.840639648437500000e+02 -2.509620739147067070e-03
6.820670166015625000e+02 -2.520914888009428978e-03
6.800700073242187500e+02 -2.532264683395624161e-03
6.779732055664062500e+02 -2.544481307268142700e-03
6.761478271484375000e+02 -2.555296756327152252e-03
6.741258544921875000e+02 -2.567345043644309044e-03
6.721039428710937500e+02 -2.579273423179984093e-03
6.702083740234375000e+02 -2.590592950582504272e-03
6.679337158203125000e+02 -2.604178618639707565e-03
6.662276611328125000e+02 -2.614487661048769951e-03
6.639530029296875000e+02 -2.628371585160493851e-03
6.622469482421875000e+02 -2.638890175148844719e-03
6.601144409179687500e+02 -2.652170835062861443e-03
6.581152343750000000e+02 -2.664690371602773666e-03
6.559560546875000000e+02 -2.678322140127420425e-03
6.541567382812500000e+02 -2.689731772989034653e-03
6.519975585937500000e+02 -2.703444333747029305e-03
6.502769775390625000e+02 -2.714319853112101555e-03
6.483021850585937500e+02 -2.726728096604347229e-03
6.461334228515625000e+02 -2.740249736234545708e-03
6.443124389648437500e+02 -2.751782536506652832e-03
6.422277221679687500e+02 -2.765828510746359825e-03
6.402800903320312500e+02 -2.779282396659255028e-03
6.381376953125000000e+02 -2.793630119413137436e-03
6.361900024414062500e+02 -2.806564792990684509e-03
6.342423706054687500e+02 -2.819593297317624092e-03
6.322947387695312500e+02 -2.832894911989569664e-03
6.303471069335937500e+02 -2.846418414264917374e-03
6.282046508789062500e+02 -2.861154032871127129e-03
6.262570190429687500e+02 -2.874108729884028435e-03
6.243337402343750000e+02 -2.887014998123049736e-03
6.223617553710937500e+02 -2.901729429140686989e-03
6.202802124023437500e+02 -2.916820114478468895e-03
6.183082275390625000e+02 -2.930707996711134911e-03
6.163361816406250000e+02 -2.945030806586146355e-03
6.143641967773437500e+02 -2.959567122161388397e-03
6.123922119140625000e+02 -2.973181661218404770e-03
6.103106689453125000e+02 -2.989313332363963127e-03
6.083386840820312500e+02 -3.004311816766858101e-03
6.063666992187500000e+02 -3.018739866092801094e-03
6.043947143554687500e+02 -3.034202381968498230e-03
6.024270629882812500e+02 -3.048531012609601021e-03
