3.074958740234375000e+03 0.000000000000000000e+00
3.067914794921875000e+03 -2.111256180796772242e-04
3.057655517578125000e+03 -5.201273597776889801e-04
3.051530517578125000e+03 -7.054650341160595417e-04
3.045405273437500000e+03 -8.914399659261107445e-04
3.039280273437500000e+03 -1.078046276234090328e-03
3.033155273437500000e+03 -1.265271916054189205e-03
3.027030273437500000e+03 -1.453083241358399391e-03
3.020905273437500000e+03 -1.641202718019485474e-03
3.014780273437500000e+03 -1.820555655285716057e-03
3.008654785156250000e+03 -1.841778634116053581e-03
3.002529296875000000e+03 -1.821208279579877853e-03
2.996404296875000000e+03 -1.801107544451951981e-03
2.990278808593750000e+03 -1.780291204340755939e-03
2.984153564453125000e+03 -1.760622370056807995e-03
2.978028076171875000e+03 -1.741875545121729374e-03
2.971902832031250000e+03 -1.724272035062313080e-03
2.965777587890625000e+03 -1.707954914309084415e-03
2.959652099609375000e+03 -1.693012891337275505e-03
2.953526855468750000e+03 -1.679498818702995777e-03
2.947401367187500000e+03 -1.667435630224645138e-03
2.941276123046875000e+03 -1.656819484196603298e-03
2.935150878906250000e+03 -1.647625234909355640e-03
2.929025390625000000e+03 -1.639810041524469852e-03
2.922900146484375000e+03 -1.633318490348756313e-03
2.916774902343750000e+03 -1.627765130251646042e-03
2.910649414062500000e+03 -1.623765681870281696e-03
2.904524169921875000e+03 -1.620866474695503712e-03
2.898398925781250000e+03 -1.619024900719523430e-03
2.892273437500000000e+03 -1.618153764866292477e-03
2.886148193359375000e+03 -1.618380309082567692e-03
2.880022949218750000e+03 -1.619076821953058243e-03
2.873897705078125000e+03 -1.620771829038858414e-03
2.867772216796875000e+03 -1.623175456188619137e-03
2.861646972656250000e+03 -1.626280485652387142e-03
2.855521728515625000e+03 -1.630016951821744442e-03
2.849396240234375000e+03 -1.634351443499326706e-03
2.843270996093750000e+03 -1.639241818338632584e-03
2.837145751953125000e+03 -1.644653384573757648e-03
2.831020507812500000e+03 -1.650552847422659397e-03
2.824895019531250000e+03 -1.656910637393593788e-03
2.818769775390625000e+03 -1.663699280470609665e-03
2.812644531250000000e+03 -1.670893980190157890e-03
2.806519287109375000e+03 -1.678471919149160385e-03
2.800393798828125000e+03 -1.686412491835653782e-03
2.794268554687500000e+03 -1.694696838967502117e-03
2.788143310546875000e+03 -1.703307498246431351e-03
2.782018066406250000e+03 -1.712228753603994846e-03
2.775892578125000000e+03 -1.721446402370929718e-03
2.769767333984375000e+03 -1.730946940369904041e-03
2.763642089843750000e+03 -1.740718726068735123e-03
2.757516845703125000e+03 -1.750750467181205750e-03
2.751391357421875000e+03 -1.761032268404960632e-03
2.745266113281250000e+03 -1.771555049344897270e-03
2.739140869140625000e+03 -1.782310195267200470e-03
2.733015625000000000e+03 -1.793290022760629654e-03
2.726890136718750000e+03 -1.804487663321197033e-03
2.720764892578125000e+03 -1.815896714106202126e-03
2.714639648437500000e+03 -1.827511121518909931e-03
2.708514404296875000e+03 -1.839325530454516411e-03
2.702389160156250000e+03 -1.851335167884826660e-03
2.696263671875000000e+03 -1.863535377196967602e-03
2.690138427734375000e+03 -1.875922200269997120e-03
2.684013183593750000e+03 -1.888491911813616753e-03
2.677887939453125000e+03 -1.901240902952849865e-03
2.671762451171875000e+03 -1.914166030474007130e-03
2.665637207031250000e+03 -1.927264733240008354e-03
2.659511962890625000e+03 -1.940534100867807865e-03
2.653386718750000000e+03 -1.953972037881612778e-03
2.647261474609375000e+03 -1.967576099559664726e-03
2.641135986328125000e+03 -1.981344539672136307e-03
2.635010742187500000e+03 -1.995275262743234634e-03
2.628885498046875000e+03 -2.009367104619741440e-03
2.622760253906250000e+03 -2.023618435487151146e-03
2.616635009765625000e+03 -2.038027858361601830e-03
2.610509521484375000e+03 -2.052593976259231567e-03
2.604384277343750000e+03 -2.067316090688109398e-03
2.598259033203125000e+03 -2.082193037495017052e-03
2.592133789062500000e+03 -2.097223885357379913e-03
2.586008300781250000e+03 -2.112407935783267021e-03
2.579883056640625000e+03 -2.127744490280747414e-03
2.573757812500000000e+03 -2.143232850357890129e-03
2.567632568359375000e+03 -2.158872317522764206e-03
2.561507324218750000e+03 -2.174662658944725990e-03
2.559975830078125000e+03 -2.178669208660721779e-03
2.554233398437500000e+03 -2.193644409999251366e-03
2.547342529296875000e+03 -2.211788203567266464e-03
2.541600097656250000e+03 -2.227051649242639542e-03
2.535857666015625000e+03 -2.242442220449447632e-03
2.528966552734375000e+03 -2.261053770780563354e-03
2.523224121093750000e+03 -2.276594052091240883e-03
2.517481689453125000e+03 -2.291958080604672432e-03
2.510590820312500000e+03 -2.310255309566855431e-03
2.504848388671875000e+03 -2.325844718143343925e-03
2.497957275390625000e+03 -2.345127752050757408e-03
2.492789062500000000e+03 -2.359848702326416969e-03
2.485898193359375000e+03 -2.379559213295578957e-03
2.480729980468750000e+03 -2.394691342487931252e-03
2.472977539062500000e+03 -2.417664974927902222e-03
2.467809326171875000e+03 -2.432869281619787216e-03
2.460057128906250000e+03 -2.456250367686152458e-03
2.456180908203125000e+03 -2.467713784426450729e-03
2.446490478515625000e+03 -2.497503068298101425e-03
2.440676025390625000e+03 -2.515579806640744209e-03
2.437769042968750000e+03 -2.524532377719879150e-03
2.430501464843750000e+03 -2.547299722209572792e-03
2.425232177734375000e+03 -2.563682617619633675e-03
2.419508789062500000e+03 -2.581198699772357941e-03
2.412967773437500000e+03 -2.600786974653601646e-03
2.406759033203125000e+03 -2.620696090161800385e-03
2.400894775390625000e+03 -2.640516264364123344e-03
2.394880126953125000e+03 -2.660616533830761909e-03
2.388768310546875000e+03 -2.680047880858182907e-03
2.382656494140625000e+03 -2.699815435335040092e-03
2.376381103515625000e+03 -2.722168806940317154e-03
2.370452880859375000e+03 -2.740917494520545006e-03
2.364392333984375000e+03 -2.762656658887863159e-03
2.358069824218750000e+03 -2.784302225336432457e-03
2.352054687500000000e+03 -2.806182950735092163e-03
2.345990966796875000e+03 -2.828593133017420769e-03
2.339911865234375000e+03 -2.851276891306042671e-03
2.333778564453125000e+03 -2.874723868444561958e-03
2.327648437500000000e+03 -2.900131512433290482e-03
2.321480712890625000e+03 -2.926816232502460480e-03
2.315383300781250000e+03 -2.954748226329684258e-03
2.309245117187500000e+03 -2.982521429657936096e-03
2.303167724609375000e+03 -3.015636932104825974e-03
2.297036132812500000e+03 -3.047119593247771263e-03
2.290897949218750000e+03 -3.088607452809810638e-03
2.284760009765625000e+03 -3.122463123872876167e-03
2.278664550781250000e+03 -3.155721118673682213e-03
2.272526367187500000e+03 -3.186123678460717201e-03
2.266388427734375000e+03 -3.214185358956456184e-03
2.260292968750000000e+03 -3.239778568968176842e-03
2.254154785156250000e+03 -3.259633900597691536e-03
2.248006103515625000e+03 -3.292617155238986015e-03
2.241903808593750000e+03 -3.314970061182975769e-03
2.235774169921875000e+03 -3.326012985780835152e-03
2.229640380859375000e+03 -3.359316382557153702e-03
2.223482666015625000e+03 -3.383683506399393082e-03
2.217361572265625000e+03 -3.401880152523517609e-03
2.211269287109375000e+03 -3.420333378016948700e-03
2.205136718750000000e+03 -3.456891048699617386e-03
2.198984619140625000e+03 -3.479649312794208527e-03
2.192832763671875000e+03 -3.502707462757825851e-03
2.186527099609375000e+03 -3.535289084538817406e-03
2.180650146484375000e+03 -3.565591992810368538e-03
2.174428955078125000e+03 -3.598083974793553352e-03
2.168272460937500000e+03 -3.630915423855185509e-03
2.162235595703125000e+03 -3.659161273390054703e-03
2.156084716796875000e+03 -3.675810759887099266e-03
2.149962158203125000e+03 -3.705193754285573959e-03
2.143594970703125000e+03 -3.736666403710842133e-03
2.137743164062500000e+03 -3.765739267691969872e-03
2.131458251953125000e+03 -3.797089681029319763e-03
2.125428955078125000e+03 -3.827285254374146461e-03
2.119319580078125000e+03 -3.858004231005907059e-03
2.113052001953125000e+03 -3.889645915478467941e-03
2.106950439453125000e+03 -3.920573275536298752e-03
2.101006347656250000e+03 -3.950824029743671417e-03
2.094587646484375000e+03 -3.983621485531330109e-03
2.088744628906250000e+03 -4.013599827885627747e-03
2.082535156250000000e+03 -4.045586101710796356e-03
2.076459716796875000e+03 -4.077007062733173370e-03
2.070316406250000000e+03 -4.108912777155637741e-03
2.064245361328125000e+03 -4.140570759773254395e-03
2.058161132812500000e+03 -4.172427114099264145e-03
2.051900390625000000e+03 -4.205346573144197464e-03
2.045816040039062500e+03 -4.237476736307144165e-03
2.039734252929687500e+03 -4.269731696695089340e-03
2.033562622070312500e+03 -4.302601329982280731e-03
2.027488647460937500e+03 -4.335094708949327469e-03
2.021390625000000000e+03 -4.367861896753311157e-03
2.015266967773437500e+03 -4.400923382490873337e-03
2.009097412109375000e+03 -4.434386268258094788e-03
2.002974487304687500e+03 -4.467771388590335846e-03
1.996832641601562500e+03 -4.501439630985260010e-03
1.990770263671875000e+03 -4.534879233688116074e-03
1.984636596679687500e+03 -4.568934906274080276e-03
1.978493408203125000e+03 -4.603347275406122208e-03
1.972357788085937500e+03 -4.638106562197208405e-03
1.966211791992187500e+03 -4.673542920500040054e-03
1.960110351562500000e+03 -4.709532018750905991e-03
1.954028930664062500e+03 -4.745025653392076492e-03
1.947864990234375000e+03 -4.768704995512962341e-03
1.941751953125000000e+03 -4.793490748852491379e-03
1.935645507812500000e+03 -4.826249089092016220e-03
1.929410522460937500e+03 -4.858213011175394058e-03
1.923382324218750000e+03 -4.886968526989221573e-03
1.917249755859375000e+03 -4.913100972771644592e-03
1.911113403320312500e+03 -4.935197066515684128e-03
1.905014892578125000e+03 -4.953261464834213257e-03
1.898849853515625000e+03 -4.968766123056411743e-03
1.892765747070312500e+03 -4.982692189514636993e-03
1.886625000000000000e+03 -4.996352363377809525e-03
1.880527587890625000e+03 -5.006681662052869797e-03
1.874337646484375000e+03 -4.992585629224777222e-03
1.872120361328125000e+03 -4.992315545678138733e-03
