5.085668945312500000e+03 0.000000000000000000e+00
5.074019531250000000e+03 -1.837511226767674088e-04
5.057051269531250000e+03 -4.521192749962210655e-04
5.046920898437500000e+03 -6.127742235548794270e-04
5.036790527343750000e+03 -7.737466949038207531e-04
5.026660644531250000e+03 -9.350298787467181683e-04
5.016530273437500000e+03 -1.096615334972739220e-03
5.006399902343750000e+03 -1.258490490727126598e-03
4.996269531250000000e+03 -1.420629676431417465e-03
4.986139648437500000e+03 -1.582875149324536324e-03
4.976009277343750000e+03 -1.742275780998170376e-03
4.965878906250000000e+03 -1.761136460117995739e-03
4.963345703125000000e+03 -1.747242524288594723e-03
4.953848144531250000e+03 -1.693743630312383175e-03
4.942372070312500000e+03 -1.622526673600077629e-03
4.927146484375000000e+03 -1.573470770381391048e-03
4.917015625000000000e+03 -1.556354109197854996e-03
4.906884765625000000e+03 -1.544484519399702549e-03
4.896754394531250000e+03 -1.532760099507868290e-03
4.891688964843750000e+03 -1.524991705082356930e-03
4.883022460937500000e+03 -1.496493117883801460e-03
4.871135742187500000e+03 -1.484731677919626236e-03
4.860317382812500000e+03 -1.471302122808992863e-03
4.852203613281250000e+03 -1.451121293939650059e-03
4.841272460937500000e+03 -1.444022869691252708e-03
4.829862792968750000e+03 -1.439068000763654709e-03
4.819731933593750000e+03 -1.436196034774184227e-03
4.809601562500000000e+03 -1.435257727280259132e-03
4.799470703125000000e+03 -1.435397542081773281e-03
4.789340332031250000e+03 -1.436544116586446762e-03
4.779209472656250000e+03 -1.438965206034481525e-03
4.769079101562500000e+03 -1.442341483198106289e-03
4.758948242187500000e+03 -1.446610898710787296e-03
4.748817382812500000e+03 -1.451685326173901558e-03
4.738687011718750000e+03 -1.457506208680570126e-03
4.728556152343750000e+03 -1.464015687815845013e-03
4.718425781250000000e+03 -1.471164519898593426e-03
4.708294921875000000e+03 -1.478908583521842957e-03
4.698164550781250000e+03 -1.487208995968103409e-03
4.688033691406250000e+03 -1.496030949056148529e-03
4.677903320312500000e+03 -1.505343592725694180e-03
4.667772460937500000e+03 -1.515119103714823723e-03
4.657642089843750000e+03 -1.525332801975309849e-03
4.647511230468750000e+03 -1.535962219350039959e-03
4.637380859375000000e+03 -1.546987099573016167e-03
4.627250000000000000e+03 -1.558389281854033470e-03
4.617119628906250000e+03 -1.570152118802070618e-03
4.606988769531250000e+03 -1.582260592840611935e-03
4.596858398437500000e+03 -1.594701083377003670e-03
4.586727539062500000e+03 -1.607460901141166687e-03
4.576597167968750000e+03 -1.620528753846883774e-03
4.566466308593750000e+03 -1.633894047699868679e-03
4.556335937500000000e+03 -1.647547120228409767e-03
4.548104492187500000e+03 -1.658890629187226295e-03
4.537657226562500000e+03 -1.673488877713680267e-03
4.526260253906250000e+03 -1.689733704552054405e-03
4.517712890625000000e+03 -1.702129375189542770e-03
4.506315917968750000e+03 -1.718927989713847637e-03
4.497768066406250000e+03 -1.731718541122972965e-03
4.486371093750000000e+03 -1.748995156958699226e-03
4.477823242187500000e+03 -1.762075466103851795e-03
4.466426269531250000e+03 -1.779579673893749714e-03
4.455029296875000000e+03 -1.797102391719818115e-03
4.446303710937500000e+03 -1.810516929253935814e-03
4.434884277343750000e+03 -1.828633598051965237e-03
4.424066406250000000e+03 -1.846028841100633144e-03
4.413248046875000000e+03 -1.863825251348316669e-03
4.402430175781250000e+03 -1.882004318758845329e-03
4.391611816406250000e+03 -1.900529838167130947e-03
4.386202636718750000e+03 -1.909910934045910835e-03
4.375384277343750000e+03 -1.928887912072241306e-03
4.364566406250000000e+03 -1.948126475326716900e-03
4.353748046875000000e+03 -1.967603573575615883e-03
4.342930175781250000e+03 -1.987305702641606331e-03
4.332111816406250000e+03 -2.007222734391689301e-03
4.321293457031250000e+03 -2.027350943535566330e-03
4.310475585937500000e+03 -2.047687768936157227e-03
4.305066406250000000e+03 -2.057903446257114410e-03
4.291543457031250000e+03 -2.083774423226714134e-03
4.283430175781250000e+03 -2.099380129948258400e-03
4.265185546875000000e+03 -2.135039772838354111e-03
4.255055175781250000e+03 -2.155021065846085548e-03
4.244924316406250000e+03 -2.175227971747517586e-03
4.234793945312500000e+03 -2.195613691583275795e-03
4.224663574218750000e+03 -2.216171938925981522e-03
4.214532714843750000e+03 -2.236902480944991112e-03
4.204402343750000000e+03 -2.257863758131861687e-03
4.194271484375000000e+03 -2.278941916301846504e-03
4.184141113281250000e+03 -2.300194231793284416e-03
4.174010253906250000e+03 -2.321621170267462730e-03
4.166412597656250000e+03 -2.337804529815912247e-03
4.158814453125000000e+03 -2.354086143895983696e-03
4.151216308593750000e+03 -2.370465779677033424e-03
4.139819824218750000e+03 -2.395213581621646881e-03
4.128422851562500000e+03 -2.420176519080996513e-03
4.122724121093750000e+03 -2.432735403999686241e-03
4.111327148437500000e+03 -2.457997994497418404e-03
4.102779296875000000e+03 -2.477020490914583206e-03
4.089958007812500000e+03 -2.505609998479485512e-03
4.080341796875000000e+03 -2.526803407818078995e-03
4.070725830078125000e+03 -2.547828014940023422e-03
4.061109619140625000e+03 -2.568985568359494209e-03
4.051493408203125000e+03 -2.590523101389408112e-03
4.041877197265625000e+03 -2.612434560433030128e-03
4.029055908203125000e+03 -2.642153762280941010e-03
4.019439697265625000e+03 -2.664760220795869827e-03
4.009823486328125000e+03 -2.687580417841672897e-03
3.997001953125000000e+03 -2.718355040997266769e-03
3.987385742187500000e+03 -2.741504926234483719e-03
3.975365722656250000e+03 -2.770952181890606880e-03
3.965235107421875000e+03 -2.795872977003455162e-03
3.955104492187500000e+03 -2.821060596033930779e-03
3.950039062500000000e+03 -2.833661623299121857e-03
3.939908691406250000e+03 -2.859070198610424995e-03
3.928511718750000000e+03 -2.887899987399578094e-03
3.917114746093750000e+03 -2.917016856372356415e-03
3.909516845703125000e+03 -2.936593722552061081e-03
3.898119873046875000e+03 -2.966190688312053680e-03
3.889572265625000000e+03 -2.988404128700494766e-03
3.879125000000000000e+03 -3.015400609001517296e-03
3.869152832031250000e+03 -3.040645271539688110e-03
3.859180419921875000e+03 -3.065441967919468880e-03
3.849208251953125000e+03 -3.090638434514403343e-03
3.839235839843750000e+03 -3.116726176813244820e-03
3.826414306640625000e+03 -3.150772769004106522e-03
3.816798095703125000e+03 -3.176730358973145485e-03
3.807182128906250000e+03 -3.203022992238402367e-03
3.798768066406250000e+03 -3.226180095225572586e-03
3.787949707031250000e+03 -3.256427124142646790e-03
3.778333740234375000e+03 -3.283544443547725677e-03
3.767515625000000000e+03 -3.313802648335695267e-03
3.757899414062500000e+03 -3.339606337249279022e-03
3.748283203125000000e+03 -3.365368116647005081e-03
3.737465087890625000e+03 -3.394998144358396530e-03
3.727848876953125000e+03 -3.421996952965855598e-03
3.717030761718750000e+03 -3.453787881880998611e-03
3.707414550781250000e+03 -3.482913831248879433e-03
3.696596435546875000e+03 -3.515042597427964211e-03
3.686980468750000000e+03 -3.541331505402922630e-03
3.677364257812500000e+03 -3.567906795069575310e-03
3.666546142578125000e+03 -3.600239520892500877e-03
3.656929931640625000e+03 -3.631482832133769989e-03
3.651518310546875000e+03 -3.648237558081746101e-03
