4.017489746093750000e+03 0.000000000000000000e+00
4.008286621093750000e+03 -1.007449754979461432e-04
3.994882324218750000e+03 -2.478727255947887897e-04
3.986879638671875000e+03 -3.358375397510826588e-04
3.978876953125000000e+03 -4.240506968926638365e-04
3.970874267578125000e+03 -4.983108374290168285e-04
3.968873535156250000e+03 -4.852320998907089233e-04
3.961370605468750000e+03 -3.617643087636679411e-04
3.952582763671875000e+03 -3.545041254255920649e-04
3.944470703125000000e+03 -3.482163592707365751e-04
3.937119140625000000e+03 -3.395594540052115917e-04
3.929133789062500000e+03 -3.354538348503410816e-04
3.920150390625000000e+03 -3.297397342976182699e-04
3.912450195312500000e+03 -3.277091891504824162e-04
3.905231445312500000e+03 -3.273021429777145386e-04
3.892237548828125000e+03 -3.284072445239871740e-04
3.885740722656250000e+03 -3.296318463981151581e-04
3.879243652343750000e+03 -3.312062181066721678e-04
3.872746826171875000e+03 -3.330732288304716349e-04
3.864743896484375000e+03 -3.357040986884385347e-04
3.856740966796875000e+03 -3.386167227290570736e-04
3.848738281250000000e+03 -3.417006810195744038e-04
3.840735351562500000e+03 -3.447701164986938238e-04
3.832732666015625000e+03 -3.471571835689246655e-04
3.824729736328125000e+03 -3.444651665631681681e-04
3.816007812500000000e+03 -3.463551111053675413e-04
3.808411376953125000e+03 -3.491305978968739510e-04
3.796383789062500000e+03 -3.538223099894821644e-04
3.792382324218750000e+03 -3.554451104719191790e-04
3.785004638671875000e+03 -3.538138407748192549e-04
3.774735351562500000e+03 -3.573280409909784794e-04
3.769038085937500000e+03 -3.595321613829582930e-04
3.761035400390625000e+03 -3.626870748121291399e-04
3.753032470703125000e+03 -3.659347712527960539e-04
3.745029541015625000e+03 -3.692613681778311729e-04
3.737026855468750000e+03 -3.726611321326345205e-04
3.729023925781250000e+03 -3.761307161767035723e-04
3.721021240234375000e+03 -3.796680539380759001e-04
3.713018310546875000e+03 -3.832712827716022730e-04
3.705015380859375000e+03 -3.869389183819293976e-04
3.697012695312500000e+03 -3.906698257196694613e-04
3.689009765625000000e+03 -3.944630443584173918e-04
3.681007080078125000e+03 -3.983179340139031410e-04
3.673004150390625000e+03 -4.022339126095175743e-04
3.665001220703125000e+03 -4.062105726916342974e-04
3.656998535156250000e+03 -4.102475941181182861e-04
3.648995605468750000e+03 -4.143448022659868002e-04
3.640992919921875000e+03 -4.185019643045961857e-04
3.632989990234375000e+03 -4.227190511301159859e-04
3.624987060546875000e+03 -4.269959172233939171e-04
3.616984375000000000e+03 -4.313325916882604361e-04
3.608981445312500000e+03 -4.357289581093937159e-04
3.600978759765625000e+03 -4.401850746944546700e-04
3.592975830078125000e+03 -4.447009123396128416e-04
3.584972900390625000e+03 -4.492764419410377741e-04
3.576970214843750000e+03 -4.539116634987294674e-04
3.568967285156250000e+03 -4.586065479088574648e-04
3.560964599609375000e+03 -4.633611242752522230e-04
3.552961669921875000e+03 -4.681753343902528286e-04
3.544958740234375000e+03 -4.730491200461983681e-04
3.536956054687500000e+03 -4.779824812430888414e-04
3.528953125000000000e+03 -4.829753306694328785e-04
3.520950439453125000e+03 -4.880275810137391090e-04
3.512947509765625000e+03 -4.931392031721770763e-04
3.504944824218750000e+03 -4.983100807294249535e-04
3.496941894531250000e+03 -5.035400972701609135e-04
3.488938964843750000e+03 -5.088291363790631294e-04
3.480936279296875000e+03 -5.141771398484706879e-04
3.472933349609375000e+03 -5.195839330554008484e-04
3.464930664062500000e+03 -5.250493995845317841e-04
3.456927734375000000e+03 -5.305733066052198410e-04
3.448924804687500000e+03 -5.361555959098041058e-04
3.440922119140625000e+03 -5.417960346676409245e-04
3.432919189453125000e+03 -5.474944482557475567e-04
3.424916503906250000e+03 -5.532507202588021755e-04
3.416913574218750000e+03 -5.590645014308393002e-04
3.408910644531250000e+03 -5.649357335641980171e-04
3.400907958984375000e+03 -5.708641256205737591e-04
3.392905029296875000e+03 -5.768495029769837856e-04
3.384902343750000000e+03 -5.829009460285305977e-04
3.376899414062500000e+03 -5.889995372854173183e-04
3.368896728515625000e+03 -5.951543571427464485e-04
3.360893798828125000e+03 -6.013651727698743343e-04
3.352890869140625000e+03 -6.076316349208354950e-04
3.344888183593750000e+03 -6.139534525573253632e-04
3.336885253906250000e+03 -6.203302182257175446e-04
3.328882568359375000e+03 -6.267614662647247314e-04
3.317378417968750000e+03 -6.361003615893423557e-04
3.312876708984375000e+03 -6.397840916179120541e-04
3.303873535156250000e+03 -6.471985252574086189e-04
3.294870361328125000e+03 -6.546734366565942764e-04
3.285867187500000000e+03 -6.621998036280274391e-04
3.276864013671875000e+03 -6.697700591757893562e-04
3.272362548828125000e+03 -6.735693314112722874e-04
3.263359375000000000e+03 -6.811983766965568066e-04
3.254356201171875000e+03 -6.888752686791121960e-04
3.245353027343750000e+03 -6.966084474697709084e-04
3.240851318359375000e+03 -7.005087682045996189e-04
3.227346679687500000e+03 -7.123675313778221607e-04
3.220594238281250000e+03 -7.183633279055356979e-04
3.213841796875000000e+03 -7.244108128361403942e-04
3.207089599609375000e+03 -7.305049221031367779e-04
3.200337158203125000e+03 -7.366436184383928776e-04
3.186832275390625000e+03 -7.489856798201799393e-04
3.180079833984375000e+03 -7.518045604228973389e-04
3.173327392578125000e+03 -7.485872483812272549e-04
3.166575195312500000e+03 -7.467688992619514465e-04
3.159822753906250000e+03 -7.469059783034026623e-04
3.153070312500000000e+03 -7.477676845155656338e-04
3.144629882812500000e+03 -7.490788120776414871e-04
3.136189453125000000e+03 -7.504576351493597031e-04
3.128592773437500000e+03 -7.516586338169872761e-04
3.120996337890625000e+03 -7.527647539973258972e-04
3.110867919921875000e+03 -7.540905498899519444e-04
3.103271484375000000e+03 -7.551187300123274326e-04
3.095675048828125000e+03 -7.563880062662065029e-04
3.088078613281250000e+03 -7.579465163871645927e-04
3.080482177734375000e+03 -7.596469367854297161e-04
3.072885742187500000e+03 -7.613433408550918102e-04
3.062757080078125000e+03 -7.635259535163640976e-04
3.055160644531250000e+03 -7.651443011127412319e-04
3.047564208984375000e+03 -7.667923928238451481e-04
3.039967773437500000e+03 -7.684829179197549820e-04
3.032371337890625000e+03 -7.702113362029194832e-04
3.024774902343750000e+03 -7.719638524577021599e-04
3.013380126953125000e+03 -7.746149785816669464e-04
3.005783691406250000e+03 -7.763842004351317883e-04
2.998187255859375000e+03 -7.781609892845153809e-04
2.992727294921875000e+03 -7.794328266754746437e-04
2.984181396484375000e+03 -7.814121781848371029e-04
2.975635498046875000e+03 -7.833521813154220581e-04
2.967089355468750000e+03 -7.852233829908072948e-04
2.960679931640625000e+03 -7.865499937906861305e-04
2.952133789062500000e+03 -7.882218342274427414e-04
2.943587890625000000e+03 -7.898736512288451195e-04
2.935041992187500000e+03 -7.916799513623118401e-04
2.928632324218750000e+03 -7.931737345643341541e-04
2.920086425781250000e+03 -7.952962187118828297e-04
2.911540527343750000e+03 -7.974923355504870415e-04
2.902994384765625000e+03 -7.997060893103480339e-04
2.896584960937500000e+03 -8.013640763238072395e-04
2.888038818359375000e+03 -8.035683422349393368e-04
2.879492919921875000e+03 -8.057676604948937893e-04
2.873083496093750000e+03 -8.074160432443022728e-04
2.864537353515625000e+03 -8.096172823570668697e-04
2.855524169921875000e+03 -8.119376725517213345e-04
2.847750000000000000e+03 -8.139411802403628826e-04
2.840525390625000000e+03 -8.158248965628445148e-04
2.832765136718750000e+03 -8.178545394912362099e-04
2.823094482421875000e+03 -8.203868637792766094e-04
2.816996826171875000e+03 -8.219989831559360027e-04
2.808216064453125000e+03 -8.243167540058493614e-04
2.800532958984375000e+03 -8.263529161922633648e-04
2.792812011718750000e+03 -8.284067735075950623e-04
2.784180908203125000e+03 -8.307113894261419773e-04
2.776670898437500000e+03 -8.327237446792423725e-04
2.768623291015625000e+03 -8.348826668225228786e-04
2.760004638671875000e+03 -8.371844887733459473e-04
2.752447998046875000e+03 -8.392602321691811085e-04
2.744625488281250000e+03 -8.413821342401206493e-04
2.736933349609375000e+03 -8.434650371782481670e-04
2.728948242187500000e+03 -8.456216892227530479e-04
2.720216308593750000e+03 -8.479565731249749660e-04
2.712510742187500000e+03 -8.499827818013727665e-04
2.704474365234375000e+03 -8.520440896973013878e-04
2.696438232421875000e+03 -8.540540584363043308e-04
2.688401855468750000e+03 -8.560487185604870319e-04
2.680365478515625000e+03 -8.580808644182980061e-04
2.672329101562500000e+03 -8.601932786405086517e-04
2.664292724609375000e+03 -8.623864268884062767e-04
2.656256591796875000e+03 -8.646366768516600132e-04
2.648889892578125000e+03 -8.667269721627235413e-04
2.640602294921875000e+03 -8.691017865203320980e-04
2.632841308593750000e+03 -8.713363786228001118e-04
2.624993896484375000e+03 -8.735961746424436569e-04
2.616581298828125000e+03 -8.760505588725209236e-04
2.608935302734375000e+03 -8.782821241766214371e-04
2.600712646484375000e+03 -8.806872647255659103e-04
2.592896484375000000e+03 -8.829716825857758522e-04
2.584854980468750000e+03 -8.853475446812808514e-04
2.576869873046875000e+03 -8.877069340087473392e-04
2.568911865234375000e+03 -8.900637039914727211e-04
2.560738281250000000e+03 -8.924930589273571968e-04
2.552726318359375000e+03 -8.948385948315262794e-04
2.544692138671875000e+03 -8.972809882834553719e-04
2.536600585937500000e+03 -8.997088880278170109e-04
2.528792480468750000e+03 -9.020472643896937370e-04
2.520742919921875000e+03 -9.044766193255782127e-04
2.512802734375000000e+03 -9.068654035218060017e-04
2.504901855468750000e+03 -9.092660620808601379e-04
2.496623779296875000e+03 -9.117724839597940445e-04
2.488883300781250000e+03 -9.141206974163651466e-04
2.480929687500000000e+03 -9.165270021185278893e-04
2.472751464843750000e+03 -9.190255077555775642e-04
2.464858642578125000e+03 -9.214460733346641064e-04
2.456764404296875000e+03 -9.239205392077565193e-04
2.448486328125000000e+03 -9.264688123948872089e-04
2.440547851562500000e+03 -9.289137087762355804e-04
2.432831054687500000e+03 -9.312954498454928398e-04
2.424566162109375000e+03 -9.338594973087310791e-04
2.416923828125000000e+03 -9.362268610857427120e-04
