0.000000000000000000e+00 1.000000000000000000e+00 0.000000000000000000e+00
5.750000011175870895e-03 9.997848179961452697e-01 -2.350758536101980399e-09
1.418749988079071045e-02 9.994713219073639854e-01 -9.229196078523586261e-09
2.178125083446502686e-02 9.991883870934238354e-01 -1.955030398187031921e-08
3.317187353968620300e-02 9.987631848279168167e-01 -6.327762766428166088e-08
5.025781318545341492e-02 9.981218999974867945e-01 8.314359050729319529e-08
6.734374910593032837e-02 9.974743088153230630e-01 2.920717351185549214e-08
7.161523401737213135e-02 9.973110886581805223e-01 2.703196484059439693e-08
7.802245765924453735e-02 9.970650139175543103e-01 2.389603933738153132e-08
8.042517304420471191e-02 9.969724969302907747e-01 2.840503892751739333e-08
8.515550941228866577e-02 9.966694359018021254e-01 -9.809623026296872714e-06
9.339135885238647461e-02 9.962198318353220339e-01 -9.965562425992067325e-06
9.852292388677597046e-02 9.959514332619032739e-01 -9.346596051414473317e-06
1.036544963717460632e-01 9.956865698549928201e-01 -9.790423694027571851e-06
1.087860614061355591e-01 9.954195740643669854e-01 -1.027536101075781468e-05
1.164834201335906982e-01 9.950137787506360132e-01 -1.083897004107467269e-05
1.280294507741928101e-01 9.943968226328617765e-01 -1.158066751325831724e-05
1.453484892845153809e-01 9.934597727030265446e-01 -1.264376518856577513e-05
1.713270694017410278e-01 9.920391018651113502e-01 -1.417908097515587061e-05
2.102949172258377075e-01 9.898833234770959555e-01 -1.642098259024259504e-05
2.687467038631439209e-01 9.865745326450893193e-01 -1.981993432806319520e-05
3.564243614673614502e-01 9.813365455435103524e-01 -2.534001157814715072e-05
4.879408478736877441e-01 9.726097376206341849e-01 -3.524183475670694443e-05
5.208199620246887207e-01 9.702435841279871687e-01 -3.811592439643475446e-05
5.536991357803344727e-01 9.677984362690388309e-01 -4.111168076511190509e-05
5.660287737846374512e-01 9.668611568162420733e-01 -4.234391288096163707e-05
5.845233201980590820e-01 9.654335214310332258e-01 -4.400217107364109623e-05
5.914587378501892090e-01 9.648913907604057538e-01 -4.483782881949128081e-05
6.018618941307067871e-01 9.640715219193145558e-01 -4.563671575874841485e-05
6.174666285514831543e-01 9.628257866867450110e-01 -4.679763830509506522e-05
6.213678121566772461e-01 9.625115735991661703e-01 -4.663434223968441496e-05
6.252689957618713379e-01 9.621959910673254512e-01 -4.627465137413569820e-05
6.311208009719848633e-01 9.617204194910385917e-01 -4.603907528544674490e-05
6.398984789848327637e-01 9.610020074924501277e-01 -4.626835907707694910e-05
6.431900858879089355e-01 9.607311242368041793e-01 -4.575625061988830702e-05
6.481274962425231934e-01 9.603229990726760423e-01 -4.448375406385470025e-05
6.555336713790893555e-01 9.597072543617055640e-01 -4.183930196181064867e-05
6.624769568443298340e-01 9.591260047720260307e-01 -3.770675291033352011e-05
6.687259078025817871e-01 9.585994893562894692e-01 -3.327561714569059886e-05
6.780992746353149414e-01 9.578037396599266007e-01 -2.164205364069017031e-05
6.816143393516540527e-01 9.575034466911764852e-01 -1.020082233458006144e-05
6.868869066238403320e-01 9.570511633608521640e-01 6.742384910833935830e-06
6.918299198150634766e-01 9.566250276966254962e-01 2.766502629809019094e-05
6.962786316871643066e-01 9.562397368615414006e-01 5.157210183243791550e-05
7.029516696929931641e-01 9.556586565290178248e-01 1.150631854514113950e-04
7.096247673034667969e-01 9.550737140559348859e-01 2.117160989456817841e-04
7.129612565040588379e-01 9.547797605370273999e-01 2.618479628522856970e-04
7.162978053092956543e-01 9.544848478942358216e-01 3.230648631809138671e-04
7.213026285171508789e-01 9.540406863428965156e-01 4.701152068226277167e-04
7.263073921203613281e-01 9.535940987723213746e-01 6.892205286426704826e-04
7.313122153282165527e-01 9.531449723444065381e-01 1.022485424490535881e-03
7.363169789314270020e-01 9.526932968011422309e-01 1.540666668354964035e-03
7.413218021392822266e-01 9.522384310169380583e-01 2.370331868404099759e-03
7.463266253471374512e-01 9.517796158990939892e-01 3.783433176890140665e-03
7.513313889503479004e-01 9.513141023010767139e-01 6.199153130795775034e-03
7.563362121582031250e-01 9.508392180114233483e-01 9.811087215647978227e-03
7.613410353660583496e-01 9.503360677767200837e-01 1.619944852941176613e-02
7.663457989692687988e-01 9.497500841156775175e-01 2.794180797929523424e-02
7.713506221771240234e-01 9.488971819196428958e-01 4.971728925945378269e-02
7.763553857803344727e-01 9.472902801257221395e-01 8.689441200064010329e-02
7.813602089881896973e-01 9.444977268251051328e-01 1.347031408999146418e-01
7.863650321960449219e-01 9.416473901572347538e-01 1.707887409114036137e-01
7.913697957992553711e-01 9.402799769810268327e-01 1.822606062688747475e-01
7.963746190071105957e-01 9.399071701434479342e-01 1.805827549525669540e-01
8.013794422149658203e-01 9.393615414915966744e-01 1.813232421875000111e-01
8.063842058181762695e-01 9.382039353827469341e-01 1.899408292369682283e-01
8.113890290260314941e-01 9.366722914751838269e-01 2.027052294306394553e-01
8.163937926292419434e-01 9.351966819442620871e-01 2.140927098378413995e-01
8.213986158370971680e-01 9.339346236541491431e-01 2.225825974921218364e-01
8.264034390449523926e-01 9.327468743845195309e-01 2.300078576352415916e-01
8.314082026481628418e-01 9.314892578125000266e-01 2.379863322282037841e-01
8.364130258560180664e-01 9.301573219619878596e-01 2.465139437122505217e-01
8.414177894592285156e-01 9.288136406906513098e-01 2.549174332819065247e-01
8.464226126670837402e-01 9.274862593963366653e-01 2.629406840861344685e-01
8.514274358749389648e-01 9.261613502823002886e-01 2.707585182510504063e-01
8.564321994781494141e-01 9.248239212677258347e-01 2.785291142824317112e-01
8.608114123344421387e-01 9.236444245667015940e-01 2.852851162437631261e-01
8.657380342483520508e-01 9.223121912339153905e-01 2.927940817440257137e-01
8.702906966209411621e-01 9.210783527278099125e-01 2.996403541885503952e-01
8.751341700553894043e-01 9.197612294429490243e-01 3.068356297597163995e-01
8.816164135932922363e-01 9.179859526818539006e-01 3.163958894104516584e-01
8.854779005050659180e-01 9.169204994009321208e-01 3.220618752872242418e-01
8.905117511749267578e-01 9.155297543822216166e-01 3.293645778623949805e-01
8.954023122787475586e-01 9.141750406217173941e-01 3.363834669610031303e-01
9.002823233604431152e-01 9.128150234703256150e-01 3.433536305147059098e-01
9.055529832839965820e-01 9.113373879825367174e-01 3.508506710789784933e-01
9.101755619049072266e-01 9.100362210313812650e-01 3.573807147370667292e-01
9.150747656822204590e-01 9.086506409204305745e-01 3.642662497127757137e-01
9.205533266067504883e-01 9.070935161173844241e-01 3.719235203847163773e-01
9.251681566238403320e-01 9.057749208081670167e-01 3.783501376624868739e-01
9.302211999893188477e-01 9.043236381466648321e-01 3.853665904838498024e-01
9.352369308471679688e-01 9.028759970785188438e-01 3.923002868139443544e-01
9.403612017631530762e-01 9.013891396402311518e-01 3.993652087299763842e-01
9.452417492866516113e-01 8.999650407037815825e-01 4.060796913980436185e-01
9.503445625305175781e-01 8.984686330586921787e-01 4.130834242876837981e-01
9.550818800926208496e-01 8.970721384256827857e-01 4.195705381762079855e-01
9.603037238121032715e-01 8.955239791228992718e-01 4.267157290162158501e-01
9.652219414710998535e-01 8.940581506039915194e-01 4.334342379529936840e-01
9.701711535453796387e-01 8.925750373391544423e-01 4.401895474986869949e-01
9.754360318183898926e-01 8.909874667640493850e-01 4.473723595883665749e-01
9.800287485122680664e-01 8.895947265625000488e-01 4.536483636423319088e-01
9.850958585739135742e-01 8.880539119944852455e-01 4.605305647649685086e-01
9.901185035705566406e-01 8.865140001313024376e-01 4.673860950630251976e-01
9.950657486915588379e-01 8.849877416787027551e-01 4.741465849034926516e-01
1.000000000000000000e+00 8.834602112329307255e-01 4.808706075203518782e-01
