0.000000000000000000e+00 1.000000000000000000e+00 0.000000000000000000e+00
4.999999888241291046e-03 9.997294900602080592e-01 -2.154986447591516745e-10
9.999999776482582092e-03 9.994616782973173574e-01 -5.045805708478364338e-10
1.499999966472387314e-02 9.991913347666553369e-01 -9.426377710377896435e-10
1.999999955296516418e-02 9.989195843904219441e-01 -1.374316132810856908e-09
2.500000037252902985e-02 9.986465846480478969e-01 -1.694921824866965926e-09
2.999999932944774628e-02 9.983722660374377833e-01 -1.652636718741075632e-09
3.500000014901161194e-02 9.980965612559300482e-01 -7.217672134419784141e-10
3.999999910593032837e-02 9.978194282503585200e-01 2.357936540567096954e-09
4.500000178813934326e-02 9.975408847921448663e-01 1.280601010063957000e-08
5.000000074505805969e-02 9.972620126506059890e-01 6.061741914488443372e-08
5.499999970197677612e-02 9.970335562730626711e-01 4.034166512546916599e-07
5.999999865889549255e-02 9.968974768015732568e-01 7.032846659937413465e-07
6.499999761581420898e-02 9.967459618825313949e-01 8.425856399181473843e-07
7.000000029802322388e-02 9.965709848157594530e-01 9.215506682055572984e-07
7.500000298023223877e-02 9.963852600857781017e-01 9.721829564520244164e-07
7.999999821186065674e-02 9.961907629597230862e-01 9.843719843087711072e-07
8.500000089406967163e-02 9.958394296934682810e-01 -4.349007132476903825e-07
9.000000357627868652e-02 9.953207149716760682e-01 -2.888113567846177564e-06
9.499999880790710449e-02 9.949098671494374102e-01 -1.839475836811030424e-05
1.000000014901161194e-01 9.945446193878060281e-01 -2.144733650053119161e-05
1.049999967217445374e-01 9.941876126391420154e-01 -6.206785981643023672e-06
1.099999994039535522e-01 9.938293274038392244e-01 -9.204638388172836917e-07
1.150000020861625671e-01 9.934611753344096963e-01 -9.288800866566460351e-06
1.199999973177909851e-01 9.930805572284544525e-01 -1.822445864662033038e-05
1.250000000000000000e-01 9.926896851880963046e-01 -2.171065678950605241e-05
1.299999952316284180e-01 9.922881643710541599e-01 -2.227560015622100101e-05
1.350000053644180298e-01 9.918732688875655512e-01 -2.315775164818851688e-05
1.400000005960464478e-01 9.914419139003400883e-01 -2.517898109951142492e-05
1.449999958276748657e-01 9.909818001778802898e-01 -2.790025583162518899e-05
1.500000059604644775e-01 9.904924061905413524e-01 -3.083250949303602305e-05
1.550000011920928955e-01 9.899979200750259611e-01 -3.220081136895281532e-05
1.599999964237213135e-01 9.895746041048056885e-01 -3.474984469229004745e-05
1.650000065565109253e-01 9.891828874820273176e-01 -3.654243101493019147e-05
1.700000017881393433e-01 9.887890896674011998e-01 -3.731581365270368215e-05
1.749999970197677612e-01 9.883902313964393338e-01 -3.814057024312635032e-05
1.800000071525573730e-01 9.879877013034047417e-01 -3.928578771458340847e-05
1.850000023841857910e-01 9.875822017993434176e-01 -4.057644615534046809e-05
1.899999976158142090e-01 9.871740643828557094e-01 -4.192301488010645650e-05
1.949999928474426270e-01 9.867634973842719370e-01 -4.319407430742059549e-05
2.000000029802322388e-01 9.863503009190859316e-01 -4.443493276504572594e-05
2.049999982118606567e-01 9.859345707066384801e-01 -4.568557182801165941e-05
2.099999934434890747e-01 9.855162307345119999e-01 -4.695080619346611399e-05
2.150000035762786865e-01 9.850953105630908535e-01 -4.823014098889713590e-05
2.199999988079071045e-01 9.846718355298481606e-01 -4.951938354441160823e-05
2.249999940395355225e-01 9.842458183035199815e-01 -5.082080546230407744e-05
2.300000041723251343e-01 9.838172405848203406e-01 -5.213364037750391715e-05
2.349999994039535522e-01 9.833861080042989311e-01 -5.346211876266557245e-05
2.399999946355819702e-01 9.829525627333299820e-01 -5.480396214226514846e-05
2.450000047683715820e-01 9.825165386129569578e-01 -5.596692629185989857e-05
2.500000000000000000e-01 9.820779694842236562e-01 -5.749947772914632812e-05
2.549999952316284180e-01 9.816370045566911173e-01 -5.871914602073795926e-05
2.599999904632568359e-01 9.811935340346445988e-01 -6.033025846930007400e-05
2.649999856948852539e-01 9.807477845477002854e-01 -6.155444247256345864e-05
2.700000107288360596e-01 9.802995365044286924e-01 -6.325484504339000066e-05
2.750000059604644775e-01 9.798489996427980353e-01 -6.441142396293442467e-05
2.800000011920928955e-01 9.793960599441809967e-01 -6.629604282634284453e-05
2.849999964237213135e-01 9.789409060319851363e-01 -6.756018091171869452e-05
2.899999916553497314e-01 9.784834055882978276e-01 -6.901411635189478038e-05
2.949999868869781494e-01 9.780237275296030930e-01 -7.062334553561966637e-05
3.000000119209289551e-01 9.775617958434834609e-01 -7.233682786186683422e-05
3.050000071525573730e-01 9.770977062492793852e-01 -7.403224734142697450e-05
3.100000023841857910e-01 9.766313841422105124e-01 -7.581915637663809286e-05
3.149999976158142090e-01 9.761629984387611980e-01 -7.772390005553340075e-05
3.199999928474426270e-01 9.756925463236566509e-01 -7.958928762326820635e-05
3.249999880790710449e-01 9.752200193510723869e-01 -8.165630137348526868e-05
3.300000131130218506e-01 9.747454681959538680e-01 -8.367472826554766510e-05
3.350000083446502686e-01 9.742689435332463344e-01 -8.586307513317938285e-05
3.400000035762786865e-01 9.737904256560266925e-01 -8.823442173180104776e-05
3.449999988079071045e-01 9.733100130989102983e-01 -9.060048281706567215e-05
3.499999940395355225e-01 9.728277199382711071e-01 -9.312646332922016722e-05
3.549999892711639404e-01 9.723435630657576434e-01 -9.578229976316219446e-05
3.600000143051147461e-01 9.718576072326884363e-01 -9.860449583987907700e-05
3.650000095367431641e-01 9.713698946681850188e-01 -1.015800542827022073e-04
3.700000047683715820e-01 9.708804000347741603e-01 -1.047206183421215921e-04
3.750000000000000000e-01 9.703892950642153403e-01 -1.080701698126388180e-04
3.799999952316284180e-01 9.698964333622217548e-01 -1.117068573117696074e-04
3.849999904632568359e-01 9.694020148132999060e-01 -1.154145109037631601e-04
3.899999856948852539e-01 9.689059436981087847e-01 -1.194631454029646298e-04
3.950000107288360596e-01 9.684083748567587913e-01 -1.237827363489298711e-04
4.000000059604644775e-01 9.679093420725466412e-01 -1.283265320357361366e-04
4.050000011920928955e-01 9.674085835249222054e-01 -1.334435413024522325e-04
4.099999964237213135e-01 9.669067467270741068e-01 -1.381937675590444773e-04
4.149999916553497314e-01 9.664033164837263490e-01 -1.436863438229719306e-04
4.199999868869781494e-01 9.658983772531206657e-01 -1.492001721119968767e-04
4.250000119209289551e-01 9.653921289197633371e-01 -1.550424995237610973e-04
4.300000071525573730e-01 9.648846080822257587e-01 -1.609863857721490681e-04
4.350000023841857910e-01 9.643755895185295302e-01 -1.669983169909333015e-04
4.399999976158142090e-01 9.638652534062572830e-01 -1.728958639271584944e-04
4.449999928474426270e-01 9.633535124718923814e-01 -1.786971306668876157e-04
4.499999880790710449e-01 9.628402512891705012e-01 -1.841387488085405419e-04
4.550000131130218506e-01 9.623256697425983663e-01 -1.889618175496034507e-04
4.600000083446502686e-01 9.618094159228334217e-01 -1.931832450342354254e-04
4.650000035762786865e-01 9.612914870146015422e-01 -1.964187627568895935e-04
4.699999988079071045e-01 9.607723447229590263e-01 -1.987415431170445836e-04
4.749999940395355225e-01 9.602509586573526601e-01 -1.998570132519486185e-04
4.799999892711639404e-01 9.597284521124020973e-01 -1.998169148320201550e-04
4.850000143051147461e-01 9.592038735252466086e-01 -1.985232768463472621e-04
4.900000095367431641e-01 9.586776085885247989e-01 -1.961526588100349021e-04
4.950000047683715820e-01 9.581493053928952230e-01 -1.927063116508216396e-04
5.000000000000000000e-01 9.576192820644026105e-01 -1.884302832323686669e-04
5.049999952316284180e-01 9.570872908588704542e-01 -1.834264073204730202e-04
5.099999904632568359e-01 9.565539257992676792e-01 -1.780391014370091363e-04
5.149999856948852539e-01 9.560182522143824135e-01 -1.722803662403923127e-04
5.199999809265136719e-01 9.554813680613613025e-01 -1.665740187977512868e-04
5.249999761581420898e-01 9.549426061200920746e-01 -1.608659393013183380e-04
5.299999713897705078e-01 9.544023267457406590e-01 -1.555908595064029462e-04
5.350000262260437012e-01 9.538600316346791397e-01 -1.503971862397070636e-04
5.400000214576721191e-01 9.533165569235038106e-01 -1.460067048064017290e-04
5.450000166893005371e-01 9.527715422570486314e-01 -1.420056330541843027e-04
5.500000119209289551e-01 9.522250636477311847e-01 -1.386227395481728930e-04
5.550000071525573730e-01 9.516771942926949279e-01 -1.360044103267008203e-04
5.600000023841857910e-01 9.511279679752364657e-01 -1.339709654285459108e-04
5.649999976158142090e-01 9.505771594733769536e-01 -1.326978646521198753e-04
5.699999928474426270e-01 9.500252192310740806e-01 -1.320912884170278971e-04
5.749999880790710449e-01 9.494718263070082154e-01 -1.321867575724626454e-04
5.799999833106994629e-01 9.489171665093115715e-01 -1.330193943203155304e-04
5.849999785423278809e-01 9.483609977243571132e-01 -1.344958876991623792e-04
5.899999737739562988e-01 9.478035339130247428e-01 -1.366708523892828594e-04
5.950000286102294922e-01 9.472448032280615937e-01 -1.395472163863727523e-04
6.000000238418579102e-01 9.466846817973795236e-01 -1.430392017883568272e-04
6.050000190734863281e-01 9.461231358376815948e-01 -1.472828298037342609e-04
6.100000143051147461e-01 9.455603398960015227e-01 -1.521644859516312726e-04
6.150000095367431641e-01 9.449960800114591830e-01 -1.577229627384030828e-04
6.200000047683715820e-01 9.444303224007581932e-01 -1.639378466729308342e-04
6.250000000000000000e-01 9.438633316997233624e-01 -1.709598264351102205e-04
6.299999952316284180e-01 9.432949164696724509e-01 -1.786208103283744904e-04
6.349999904632568359e-01 9.427250035134628892e-01 -1.870591014733613696e-04
6.399999856948852539e-01 9.421536491365889443e-01 -1.963296719582758297e-04
6.449999809265136719e-01 9.415808702306993627e-01 -2.064192839434225973e-04
6.499999761581420898e-01 9.410066893179918068e-01 -2.173657126972156322e-04
6.549999713897705078e-01 9.404309881569273832e-01 -2.292656920492868898e-04
6.600000262260437012e-01 9.398536991809127716e-01 -2.421841190309981901e-04
6.650000214576721191e-01 9.392750701341242570e-01 -2.562001182584304937e-04
6.700000166893005371e-01 9.386948870556821589e-01 -2.713475610057366192e-04
6.750000119209289551e-01 9.381131386844874243e-01 -2.878469129770004457e-04
6.800000071525573730e-01 9.375297349317486262e-01 -3.056600414958827094e-04
6.850000023841857910e-01 9.369448053001038224e-01 -3.250696012454719081e-04
6.899999976158142090e-01 9.363583666812009820e-01 -3.461937567844601961e-04
6.949999928474426270e-01 9.357703233556993183e-01 -3.692024968207102296e-04
6.999999880790710449e-01 9.351804726238179821e-01 -3.943171668316605596e-04
7.049999833106994629e-01 9.345891917323714271e-01 -4.218544027462216707e-04
7.099999785423278809e-01 9.339963455481722354e-01 -4.520704935397609260e-04
7.149999737739562988e-01 9.334013822773725710e-01 -4.853214724917253621e-04
7.200000286102294922e-01 9.328049719553591634e-01 -5.220426624551470669e-04
7.250000238418579102e-01 9.322069344045491590e-01 -5.628007474420695195e-04
7.300000190734863281e-01 9.316069486836224822e-01 -6.081846257417404360e-04
7.350000143051147461e-01 9.310054089310424441e-01 -6.589195605133732351e-04
7.400000095367431641e-01 9.304017746140595957e-01 -7.159612055634220632e-04
7.450000047683715820e-01 9.297964905460822660e-01 -7.805547701036798626e-04
7.500000000000000000e-01 9.291893315051314994e-01 -8.540570845903066276e-04
7.549999952316284180e-01 9.285803031217568781e-01 -9.382698148818913869e-04
7.599999904632568359e-01 9.279694335487056467e-01 -1.035711752092706396e-03
7.649999856948852539e-01 9.273564243668559470e-01 -1.149289722372245090e-03
7.699999809265136719e-01 9.267415120592856770e-01 -1.283172641733035810e-03
7.749999761581420898e-01 9.261244995567631255e-01 -1.443139081511550298e-03
7.799999713897705078e-01 9.255054994702778259e-01 -1.636563851824545746e-03
7.850000262260437012e-01 9.248841514446638490e-01 -1.874029636383056641e-03
7.900000214576721191e-01 9.242606412880535194e-01 -2.171311871152082316e-03
7.950000166893005371e-01 9.236346874729732814e-01 -2.551174691682372205e-03
8.000000119209289551e-01 9.230059296442574279e-01 -3.048380142648281482e-03
8.050000071525573730e-01 9.223737822247606299e-01 -3.718042725566568594e-03
8.100000023841857910e-01 9.217377103122836868e-01 -4.649005692823346761e-03
8.149999976158142090e-01 9.210951688984663210e-01 -5.992200101873531790e-03
8.199999928474426270e-01 9.204415127799959739e-01 -8.007764816284179688e-03
8.249999880790710449e-01 9.197651993304601925e-01 -1.116508663360483121e-02
8.299999833106994629e-01 9.190350127835994476e-01 -1.633559821716533758e-02
8.349999785423278809e-01 9.181632348092279017e-01 -2.513087367659565252e-02
8.399999737739562988e-01 9.168978926880333447e-01 -4.029002312804499941e-02
8.450000286102294922e-01 9.146483136279115467e-01 -6.481970896140236416e-02
8.500000238418579102e-01 9.110000216213099966e-01 -9.522672420938076143e-02
8.550000190734863281e-01 9.080697429136156407e-01 -1.128308201188090998e-01
8.600000143051147461e-01 9.080228404365342509e-01 -1.077579695360247058e-01
8.650000095367431641e-01 9.081576639435826603e-01 -1.012186001147731135e-01
8.700000047683715820e-01 9.063493679370386857e-01 -1.102792310538767001e-01
8.750000000000000000e-01 9.033453909673374582e-01 -1.266847167067862157e-01
8.799999952316284180e-01 9.017768888016028939e-01 -1.317035492055970425e-01
8.849999904632568359e-01 9.014497088330258867e-01 -1.279304617005520561e-01
8.899999856948852539e-01 8.999429963171701186e-01 -1.312982200256572751e-01
8.949999809265136719e-01 8.973629884614275909e-01 -1.401498238538903818e-01
8.999999761581420898e-01 8.954818781891432655e-01 -1.421754844074319679e-01
9.049999713897705078e-01 8.940052665907518570e-01 -1.382306369908181398e-01
9.100000262260437012e-01 8.914111485780384925e-01 -1.352751474978738933e-01
9.150000214576721191e-01 8.877622372109952309e-01 -1.298285340031134771e-01
9.200000166893005371e-01 8.849500367562269654e-01 -1.175229751755830498e-01
9.250000119209289551e-01 8.842695961139298566e-01 -1.029090740583919472e-01
9.300000071525573730e-01 8.843577930408210719e-01 -9.341717822085447709e-02
9.350000023841857910e-01 8.833738319988180265e-01 -9.411624612843418058e-02
9.399999976158142090e-01 8.808055694692689119e-01 -1.048212649637482730e-01
9.449999928474426270e-01 8.774613947006170145e-01 -1.188941899260911594e-01
9.499999880790710449e-01 8.749504624257667951e-01 -1.279455797258778338e-01
9.549999833106994629e-01 8.737107618268564746e-01 -1.288344745706368200e-01
9.599999785423278809e-01 8.724553519949262981e-01 -1.257666978448959416e-01
9.649999737739562988e-01 8.703631862063249125e-01 -1.235629711643796147e-01
9.700000286102294922e-01 8.679429508223304168e-01 -1.196652795995733348e-01
9.750000238418579102e-01 8.662029308586542964e-01 -1.095394120445110642e-01
9.800000190734863281e-01 8.650897599674239880e-01 -9.409564535556244613e-02
9.850000143051147461e-01 8.636149951892585497e-01 -7.893912818599010950e-02
9.900000095367431641e-01 8.617390650224860948e-01 -6.847863003776522017e-02
9.950000047683715820e-01 8.602098866142469102e-01 -6.065908481274143865e-02
1.000000000000000000e+00 8.590608603839944291e-01 -5.176874984234461352e-02
