2.258196044921875000e+03 0.000000000000000000e+00
2.253022949218750000e+03 -1.888637489173561335e-04
2.245488769531250000e+03 -4.654653021134436131e-04
2.240990478515625000e+03 -6.314667989499866962e-04
2.236492431640625000e+03 -7.981081143952906132e-04
2.231994140625000000e+03 -9.653664892539381981e-04
2.227496093750000000e+03 -1.132963690906763077e-03
2.222997070312500000e+03 -1.264600665308535099e-03
2.218499511718750000e+03 -1.257966854609549046e-03
2.214001220703125000e+03 -1.246079918928444386e-03
2.209502929687500000e+03 -1.234476454555988312e-03
2.205004638671875000e+03 -1.223340630531311035e-03
2.200506347656250000e+03 -1.212266623042523861e-03
2.196007812500000000e+03 -1.201531849801540375e-03
2.191509521484375000e+03 -1.191264484077692032e-03
2.187011230468750000e+03 -1.181556377559900284e-03
2.182512939453125000e+03 -1.172486227005720139e-03
2.178014648437500000e+03 -1.164120621979236603e-03
2.173516357421875000e+03 -1.156513113528490067e-03
2.169017822265625000e+03 -1.149702351540327072e-03
2.164519531250000000e+03 -1.143710687756538391e-03
2.160021240234375000e+03 -1.138545456342399120e-03
2.155522949218750000e+03 -1.134199672378599644e-03
2.151024658203125000e+03 -1.130654360167682171e-03
2.146526367187500000e+03 -1.127881230786442757e-03
2.142027832031250000e+03 -1.125845592468976974e-03
2.137529541015625000e+03 -1.124507747590541840e-03
2.133031250000000000e+03 -1.123826135881245136e-03
2.128532958984375000e+03 -1.123634283430874348e-03
2.124034667968750000e+03 -1.124155125580728054e-03
2.119536376953125000e+03 -1.125194481573998928e-03
2.115037841796875000e+03 -1.126731280237436295e-03
2.110539550781250000e+03 -1.128718839026987553e-03
2.106041259765625000e+03 -1.131126773543655872e-03
2.101542968750000000e+03 -1.133922021836042404e-03
2.097044677734375000e+03 -1.137075480073690414e-03
2.092546386718750000e+03 -1.140560139901936054e-03
2.088048095703125000e+03 -1.144351088441908360e-03
2.083549804687500000e+03 -1.148425973951816559e-03
2.079051269531250000e+03 -1.152764074504375458e-03
2.074552978515625000e+03 -1.157346763648092747e-03
2.070054687500000000e+03 -1.162156928330659866e-03
2.065556396484375000e+03 -1.167179318144917488e-03
2.061058105468750000e+03 -1.172399846836924553e-03
2.056559814453125000e+03 -1.177805941551923752e-03
2.052061523437500000e+03 -1.183386077173054218e-03
2.047563110351562500e+03 -1.189130125567317009e-03
2.043064819335937500e+03 -1.195028773508965969e-03
2.038566528320312500e+03 -1.201073639094829559e-03
2.034068237304687500e+03 -1.207257038913667202e-03
2.029569824218750000e+03 -1.213572453707456589e-03
2.025071533203125000e+03 -1.220013597048819065e-03
2.020573242187500000e+03 -1.226575113832950592e-03
2.016074951171875000e+03 -1.233252231031656265e-03
2.011576538085937500e+03 -1.240040524862706661e-03
2.007078247070312500e+03 -1.246936153620481491e-03
2.002579956054687500e+03 -1.253935741260647774e-03
1.998081665039062500e+03 -1.261036144569516182e-03
1.993583251953125000e+03 -1.268234685994684696e-03
1.989084960937500000e+03 -1.275529153645038605e-03
1.984586669921875000e+03 -1.282917219214141369e-03
1.980088378906250000e+03 -1.290397369302809238e-03
1.975590087890625000e+03 -1.297967741265892982e-03
1.971091674804687500e+03 -1.305627170950174332e-03
1.966593383789062500e+03 -1.313374494202435017e-03
1.962095092773437500e+03 -1.321208546869456768e-03
1.957596801757812500e+03 -1.329128746874630451e-03
1.953098510742187500e+03 -1.337134046480059624e-03
1.948600097656250000e+03 -1.345224212855100632e-03
1.944101806640625000e+03 -1.353398663923144341e-03
1.939603515625000000e+03 -1.361656934022903442e-03
1.935105224609375000e+03 -1.369998906739056110e-03
1.930606811523437500e+03 -1.378424232825636864e-03
1.926108520507812500e+03 -1.386932912282645702e-03
1.921610229492187500e+03 -1.395524828694760799e-03
1.917111938476562500e+03 -1.404199982061982155e-03
1.912613647460937500e+03 -1.412958488799631596e-03
1.908115234375000000e+03 -1.421800232492387295e-03
1.906990722656250000e+03 -1.424050424247980118e-03
1.902773559570312500e+03 -1.432429999113082886e-03
1.897712890625000000e+03 -1.442581997253000736e-03
1.893495727539062500e+03 -1.451138756237924099e-03
1.889278564453125000e+03 -1.459706923924386501e-03
1.884218017578125000e+03 -1.470195245929062366e-03
1.879157348632812500e+03 -1.480733510106801987e-03
1.875361938476562500e+03 -1.488698530010879040e-03
1.870301269531250000e+03 -1.499392790719866753e-03
1.866505859375000000e+03 -1.507463864982128143e-03
1.861445312500000000e+03 -1.518308999948203564e-03
1.857649780273437500e+03 -1.526528620161116123e-03
1.851956542968750000e+03 -1.538934768177568913e-03
1.848161132812500000e+03 -1.547281048260629177e-03
1.842467895507812500e+03 -1.559929340146481991e-03
1.839146850585937500e+03 -1.567379455082118511e-03
1.834876953125000000e+03 -1.577060902491211891e-03
1.830607177734375000e+03 -1.586837344802916050e-03
1.826337280273437500e+03 -1.596701098605990410e-03
1.820644165039062500e+03 -1.609848695807158947e-03
1.817085815429687500e+03 -1.618379144929349422e-03
1.812815917968750000e+03 -1.628530095331370831e-03
1.806411132812500000e+03 -1.643908093683421612e-03
1.802141235351562500e+03 -1.654275692999362946e-03
1.798938720703125000e+03 -1.662139431573450565e-03
1.794735595703125000e+03 -1.672505517490208149e-03
1.789901611328125000e+03 -1.684452872723340988e-03
1.785626831054687500e+03 -1.695053302682936192e-03
1.781352172851562500e+03 -1.705716014839708805e-03
1.776222534179687500e+03 -1.718543353490531445e-03
1.771947753906250000e+03 -1.729432260617613792e-03
1.767673095703125000e+03 -1.740597072057425976e-03
1.762543457031250000e+03 -1.754075638018548489e-03
1.758268676757812500e+03 -1.765504013746976852e-03
1.753994018554687500e+03 -1.776985242031514645e-03
1.749719360351562500e+03 -1.788216060958802700e-03
1.744589721679687500e+03 -1.802161219529807568e-03
1.740314819335937500e+03 -1.814248505979776382e-03
1.736307495117187500e+03 -1.824590144678950310e-03
1.731738891601562500e+03 -1.837064279243350029e-03
1.727170288085937500e+03 -1.850612345151603222e-03
1.722767089843750000e+03 -1.862166216596961021e-03
1.718303710937500000e+03 -1.875897287391126156e-03
1.713732421875000000e+03 -1.888332888484001160e-03
1.709276367187500000e+03 -1.902247196994721889e-03
1.704798950195312500e+03 -1.915802480652928352e-03
1.700380249023437500e+03 -1.928983256220817566e-03
1.695840698242187500e+03 -1.942801289260387421e-03
1.691384887695312500e+03 -1.957352738827466965e-03
1.686860595703125000e+03 -1.972994068637490273e-03
1.682404907226562500e+03 -1.988071016967296600e-03
1.677880615234375000e+03 -2.005339134484529495e-03
1.673362792968750000e+03 -2.022684551775455475e-03
1.668909179687500000e+03 -2.041587373241782188e-03
1.664394165039062500e+03 -2.061313018202781677e-03
1.659907470703125000e+03 -2.082984894514083862e-03
1.655419311523437500e+03 -2.107900334522128105e-03
1.650920776367187500e+03 -2.135044895112514496e-03
1.646411987304687500e+03 -2.166966674849390984e-03
1.641903198242187500e+03 -2.198511501774191856e-03
1.637407958984375000e+03 -2.238354878500103951e-03
1.632926147460937500e+03 -2.273909514769911766e-03
1.628431396484375000e+03 -2.318640006706118584e-03
1.623917114257812500e+03 -2.355949953198432922e-03
1.619422241210937500e+03 -2.392736962065100670e-03
1.614927490234375000e+03 -2.418019110336899757e-03
1.610432739257812500e+03 -2.442981116473674774e-03
1.605937866210937500e+03 -2.457758411765098572e-03
1.601443115234375000e+03 -2.478102920576930046e-03
1.596928710937500000e+03 -2.488512545824050903e-03
1.592421386718750000e+03 -2.512110630050301552e-03
1.587932250976562500e+03 -2.528756391257047653e-03
1.583443115234375000e+03 -2.543901093304157257e-03
1.578930664062500000e+03 -2.552539808675646782e-03
1.574415161132812500e+03 -2.580834552645683289e-03
1.569907470703125000e+03 -2.586986403912305832e-03
1.565364501953125000e+03 -2.612923271954059601e-03
1.560879516601562500e+03 -2.635002136230468750e-03
1.556458129882812500e+03 -2.655870281159877777e-03
1.551906005859375000e+03 -2.676728181540966034e-03
1.547435913085937500e+03 -2.683684229850769043e-03
1.542890258789062500e+03 -2.703489502891898155e-03
1.538419311523437500e+03 -2.724963705986738205e-03
1.533960449218750000e+03 -2.745630918070673943e-03
1.529422485351562500e+03 -2.766472287476062775e-03
1.524892944335937500e+03 -2.787272678688168526e-03
1.520379882812500000e+03 -2.808042336255311966e-03
1.516619873046875000e+03 -2.825391944497823715e-03
