0.000000000000000000e+00 1.000000000000000000e+00 0.000000000000000000e+00
5.750000011175870895e-03 9.998107875802834110e-01 7.442454508178307281e-09
1.412499975413084030e-02 9.995341671511457360e-01 2.460592216898095247e-08
1.912499964237213135e-02 9.993686148098536171e-01 4.098516906264095544e-08
2.412500046193599701e-02 9.992027073658158454e-01 6.608170313959060985e-08
2.912499941885471344e-02 9.990364005412961657e-01 1.085138469108660238e-07
3.412500023841857910e-02 9.988696469461976202e-01 1.938634282815283781e-07
3.912499919533729553e-02 9.987023633101891340e-01 5.091702593651054380e-07
4.412499815225601196e-02 9.985299641275640070e-01 5.608206050553052026e-06
4.912500083446502686e-02 9.983375306199924193e-01 1.259742125758690172e-05
5.412499979138374329e-02 9.981360482464870509e-01 1.693718373922291684e-05
5.912499874830245972e-02 9.979259014129638894e-01 2.032802830188732554e-05
6.006250157952308655e-02 9.978858160855146320e-01 2.093985447375645078e-05
6.612206995487213135e-02 9.976163530584626349e-01 2.292612696002269555e-05
7.057153433561325073e-02 9.973973720531745801e-01 2.435212404343294843e-05
7.957605272531509399e-02 9.969463207451580988e-01 2.733459053882237092e-05
8.457604795694351196e-02 9.966973626554892496e-01 2.922309709373366196e-05
8.957605063915252686e-02 9.964528978751797661e-01 3.148085699219421984e-05
9.020105004310607910e-02 9.964225912329011114e-01 3.175260590875677197e-05
9.543542563915252686e-02 9.961651423881793255e-01 3.417800616454608415e-05
1.002474352717399597e-01 9.959164379852746274e-01 3.677704073305200597e-05
1.060317382216453552e-01 9.956235594350129059e-01 3.966796005447509874e-05
1.100362539291381836e-01 9.954113086456148896e-01 4.107653727672369879e-05
1.163767427206039429e-01 9.950729661387175407e-01 4.316625538571127623e-05
1.208818182349205017e-01 9.948310936613035116e-01 4.461758627826944534e-05
1.258818209171295166e-01 9.945615232871670708e-01 4.619733416681806219e-05
1.308818161487579346e-01 9.942909240722656028e-01 4.774656862460921074e-05
1.358818262815475464e-01 9.940193481633228245e-01 4.927173091713430873e-05
1.408818215131759644e-01 9.937468467674819284e-01 5.077692253395841470e-05
1.458818167448043823e-01 9.934734889439174044e-01 5.226507048888746784e-05
1.508818268775939941e-01 9.931993150945954696e-01 5.373822552670398726e-05
1.558818221092224121e-01 9.929243510579828236e-01 5.519853473590512801e-05
1.608818173408508301e-01 9.926486160954818283e-01 5.664784699825230527e-05
1.658818274736404419e-01 9.923721130258342793e-01 5.808770840097530542e-05
1.708818227052688599e-01 9.920948742645714358e-01 5.951952280962995618e-05
1.758818179368972778e-01 9.918168692753231985e-01 6.094460692164932876e-05
1.808818280696868896e-01 9.915380994674608539e-01 6.236415356397628784e-05
1.858818233013153076e-01 9.912585723576287089e-01 6.377915370053258062e-05
1.908818185329437256e-01 9.909782597584090302e-01 6.519069463895459701e-05
1.958818137645721436e-01 9.906971626093822314e-01 6.659950125099989868e-05
2.008818238973617554e-01 9.904152602397748861e-01 6.800647274467158741e-05
2.058818191289901733e-01 9.901325441933618299e-01 6.941235234291095665e-05
2.108818143606185913e-01 9.898490069534977565e-01 7.081768599343417293e-05
2.158818244934082031e-01 9.895646090577976395e-01 7.222330408730530654e-05
2.208818197250366211e-01 9.892793552041642124e-01 7.362953235803566115e-05
2.258818149566650391e-01 9.889932181447598225e-01 7.503735718175108830e-05
2.308818250894546509e-01 9.887062110337130338e-01 7.644694830690111046e-05
2.358818203210830688e-01 9.884182681003814697e-01 7.785871404732389890e-05
2.408818155527114868e-01 9.881294081363771742e-01 7.927310400702095711e-05
2.458818256855010986e-01 9.878396245646359208e-01 8.069063201913692434e-05
2.508818209171295166e-01 9.875488600707406084e-01 8.211164675616278597e-05
2.558818161487579346e-01 9.872571550566574539e-01 8.353659782210007257e-05
2.608818113803863525e-01 9.869644343559377253e-01 8.496581553825603770e-05
2.658818066120147705e-01 9.866707374309671152e-01 8.639955682120299425e-05
2.708818316459655762e-01 9.863760276381018377e-01 8.783827127494248631e-05
2.758818268775939941e-01 9.860802908836326930e-01 8.928212406012812712e-05
2.808818221092224121e-01 9.857835036780446814e-01 9.073151890280211100e-05
2.858818173408508301e-01 9.854856735379824428e-01 9.218641910059698790e-05
2.908818125724792480e-01 9.851867750947699287e-01 9.364756787645405129e-05
2.958818078041076660e-01 9.848868177442128280e-01 9.511504781070014166e-05
3.008818328380584717e-01 9.845857732988930744e-01 9.658931768292863514e-05
3.058818280696868896e-01 9.842836220276179882e-01 9.807079039477362582e-05
3.108818233013153076e-01 9.839803705074517959e-01 9.955955770215377265e-05
3.158818185329437256e-01 9.836760102821688889e-01 1.010565463398477683e-04
3.208818137645721436e-01 9.833705357142857872e-01 1.025619031173255079e-04
3.258818089962005615e-01 9.830639148580617714e-01 1.040766648764680747e-04
3.308818340301513672e-01 9.827561458343355705e-01 1.056011435873990042e-04
3.358818292617797852e-01 9.824472417972357485e-01 1.071362568093050892e-04
3.408818244934082031e-01 9.821371576468932441e-01 1.086830964376186493e-04
3.458818197250366211e-01 9.818259478789832517e-01 1.102430021087524306e-04
3.508818149566650391e-01 9.815135316895734485e-01 1.118177447119369914e-04
3.558818101882934570e-01 9.811999917617573175e-01 1.134088565710142957e-04
3.615068197250366211e-01 9.808459559097665315e-01 1.151574307621406202e-04
3.652568161487579346e-01 9.806091815967278302e-01 1.164787985714785620e-04
3.708818256855010986e-01 9.802530241717258841e-01 1.186349984313466897e-04
3.765068352222442627e-01 9.798959797826306550e-01 1.211224004552869423e-04
3.802568316459655762e-01 9.796577096572651744e-01 1.229778886428607384e-04
3.858818113803863525e-01 9.793008794925481819e-01 1.253804256176126283e-04
3.915068209171295166e-01 9.789464415000577180e-01 1.224022395358297002e-04
3.952568173408508301e-01 9.787119823136352093e-01 1.084046814535638938e-04
4.008818268775939941e-01 9.783580629696400077e-01 4.765240411306249544e-05
4.065068066120147705e-01 9.779903750114252725e-01 -4.521077452915642355e-05
4.102568328380584717e-01 9.777373440747190170e-01 -9.592208699346175822e-05
4.158818125724792480e-01 9.773531777518135177e-01 -1.389837819220397243e-04
4.215068221092224121e-01 9.769693703487002390e-01 -1.527925522016186969e-04
4.252568185329437256e-01 9.767147214541880285e-01 -1.535296641987532755e-04
4.308818280696868896e-01 9.763341800332657749e-01 -1.496426816203911398e-04
4.365068078041076660e-01 9.759545274555977423e-01 -1.440313025354751913e-04
4.402568340301513672e-01 9.757014213524428659e-01 -1.404073750003805195e-04
4.458818137645721436e-01 9.753213666342748223e-01 -1.355735814483295047e-04
4.515068233013153076e-01 9.749405057559459298e-01 -1.317891544602774623e-04
4.571318328380584717e-01 9.745585079850821453e-01 -1.287410228416837373e-04
4.627568125724792480e-01 9.741751929222068895e-01 -1.263112618858590992e-04
4.655693173408508301e-01 9.739830186214353258e-01 -1.252775213548115360e-04
4.740068316459655762e-01 9.734043459586908531e-01 -1.228315838305233721e-04
4.782255589962005615e-01 9.731137712600783640e-01 -1.218003574116476609e-04
4.832255840301513672e-01 9.727682517667121109e-01 -1.207468067777567962e-04
4.882255792617797852e-01 9.724214920269445006e-01 -1.197896090340731746e-04
4.932255744934082031e-01 9.720735465364503947e-01 -1.189225156025346233e-04
4.982255697250366211e-01 9.717243363704588521e-01 -1.181294967241475116e-04
5.032255649566650391e-01 9.713738502540024689e-01 -1.173722167760867733e-04
5.082255601882934570e-01 9.710221859034646741e-01 -1.166447942039649529e-04
5.132255554199218750e-01 9.706692399649783365e-01 -1.159592582087211473e-04
5.182255506515502930e-01 9.703150406259620775e-01 -1.152695289679936039e-04
5.232255458831787109e-01 9.699595653364811998e-01 -1.145614944214891318e-04
5.282255411148071289e-01 9.696028234923413924e-01 -1.138240245762716952e-04
5.313505530357360840e-01 9.693791939119987822e-01 -1.133520046037993380e-04
5.383818149566650391e-01 9.688742426228641458e-01 -1.119883373159493144e-04
5.433818101882934570e-01 9.685136146733326346e-01 -1.109891245371015148e-04
5.465068221092224121e-01 9.682875872832801267e-01 -1.103686343126109113e-04
5.535380840301513672e-01 9.677771544808825288e-01 -1.085801462968581936e-04
5.566630959510803223e-01 9.675494677914773245e-01 -1.077508838305919688e-04
5.622880458831787109e-01 9.671383975174625558e-01 -1.059153433797394695e-04
5.651005506515502930e-01 9.669321821240955961e-01 -1.048005364945369462e-04
5.735380649566650391e-01 9.663112358506676935e-01 -1.013393839591829700e-04
5.777568221092224121e-01 9.659993213973022685e-01 -9.930705458953462377e-05
5.819755792617797852e-01 9.656864560883621218e-01 -9.655183539014732116e-05
5.861943364143371582e-01 9.653726962986837190e-01 -9.373729598933253169e-05
5.922587513923645020e-01 9.649197432795182383e-01 -8.761079917693960115e-05
5.958183407783508301e-01 9.646531504363261567e-01 -8.386604744812538445e-05
6.009352207183837891e-01 9.642681666782924044e-01 -7.532157113986649971e-05
6.054403185844421387e-01 9.639284256056612765e-01 -6.628198906999503844e-05
6.107900738716125488e-01 9.635230754983835633e-01 -5.068778624675543708e-05
6.155415177345275879e-01 9.631614872974715302e-01 -3.030981290443190306e-05
6.212432980537414551e-01 9.627256684702605316e-01 4.530755293743657048e-06
6.255195736885070801e-01 9.623976195387065058e-01 4.157072089135353251e-05
6.312213540077209473e-01 9.619595419597155583e-01 1.091400317370598002e-04
6.354976296424865723e-01 9.616318651020820951e-01 1.653945945166601812e-04
6.403976082801818848e-01 9.612601106389989658e-01 2.315727434134835620e-04
6.452084183692932129e-01 9.609025964596001890e-01 2.870946351824135560e-04
6.500192880630493164e-01 9.605555341748768239e-01 3.290363573675672321e-04
6.556318998336791992e-01 9.601553216943600200e-01 3.205062500361738646e-04
6.608436703681945801e-01 9.597677484521724978e-01 2.559062478871180850e-04
6.658048629760742188e-01 9.593825279198255895e-01 1.928273753579614171e-04
6.709263920783996582e-01 9.589762570235530470e-01 1.433237818221153178e-04
6.757827997207641602e-01 9.585872932020667037e-01 1.118562730221912751e-04
6.804561018943786621e-01 9.582107205696294150e-01 9.487486751795989339e-05
6.851849555969238281e-01 9.578290441353333184e-01 8.848569186156606166e-05
6.905008554458618164e-01 9.573989454748594863e-01 9.000327970300401573e-05
6.953828334808349609e-01 9.570021756176878558e-01 9.950039348578805347e-05
7.002648711204528809e-01 9.566038873982547486e-01 1.178466958071798005e-04
7.051468491554260254e-01 9.562041108831396130e-01 1.438973205430166984e-04
7.100288271903991699e-01 9.558026130563519462e-01 1.782759326725757640e-04
7.153379917144775391e-01 9.553635395219173265e-01 2.326739795983131381e-04
7.210668325424194336e-01 9.548864843810133118e-01 3.150096667811201102e-04
7.254015803337097168e-01 9.545228854776016680e-01 4.149560490852506373e-04
7.302837967872619629e-01 9.541101277168161365e-01 5.814032675010230447e-04
7.351509928703308105e-01 9.536968550658577737e-01 8.504472929855872321e-04
7.402297854423522949e-01 9.532705072111683497e-01 1.205434866726692172e-03
7.453085780143737793e-01 9.528661154761103314e-01 1.444542936503593472e-03
7.500699758529663086e-01 9.525177077119574287e-01 1.583872610712286355e-03
7.553074955940246582e-01 9.521339566836802826e-01 1.750382590176436780e-03
7.600688934326171875e-01 9.517473493303570953e-01 1.920089933085324108e-03
7.653064131736755371e-01 9.512924908417199621e-01 2.141378342811697203e-03
7.700678110122680664e-01 9.508649365655307273e-01 2.412746692525929298e-03
7.753053307533264160e-01 9.503862916542391570e-01 2.915652808297443648e-03
7.800667285919189453e-01 9.499484997077528581e-01 3.782468476318960604e-03
7.853042483329772949e-01 9.494878646775418707e-01 5.062947719555182732e-03
7.900656461715698242e-01 9.491333496394416258e-01 5.630251222056121066e-03
7.950650453567504883e-01 9.487726220943658584e-01 6.741552517331880073e-03
8.001835346221923828e-01 9.483058497236280804e-01 8.680654276767974312e-03
8.051829934120178223e-01 9.478004342816733763e-01 1.097216629629651878e-02
8.101824522018432617e-01 9.472735174771014233e-01 1.494317336622717415e-02
8.151819109916687012e-01 9.468256983263738658e-01 1.903386773734257187e-02
8.201813697814941406e-01 9.463838436333416038e-01 2.493624146935975033e-02
8.251808285713195801e-01 9.456075809272052046e-01 3.603927959949512067e-02
8.300909996032714844e-01 9.446069313387566169e-01 5.015085718314635926e-02
8.351797461509704590e-01 9.436895699336611543e-01 6.187900768712236571e-02
8.400006294250488281e-01 9.426726280174818617e-01 7.358514851537244217e-02
8.450224399566650391e-01 9.412708752261007561e-01 8.665325371502655138e-02
8.500943779945373535e-01 9.399421391228737210e-01 9.765467150457973755e-02
8.550659418106079102e-01 9.389529787260910698e-01 1.054410605595029610e-01
8.600375056266784668e-01 9.376700490566310942e-01 1.140619475266029109e-01
8.650090694427490234e-01 9.362279281240379891e-01 1.229869485488666037e-01
8.701312541961669922e-01 9.350435303937038034e-01 1.300107833787138290e-01
8.751028180122375488e-01 9.339919141947928827e-01 1.356909897527084075e-01
8.800743818283081055e-01 9.326152482056265791e-01 1.424155869507437167e-01
8.850459456443786621e-01 9.312341774625730872e-01 1.491039069415313334e-01
8.900175094604492188e-01 9.301361685315964190e-01 1.542942723617177769e-01
8.951020240783691406e-01 9.290534935561307606e-01 1.585981246873075790e-01
9.000735878944396973e-01 9.277278204856834742e-01 1.638022173801666481e-01
9.050451517105102539e-01 9.263707954895320507e-01 1.692839373508697731e-01
9.100167155265808105e-01 9.251446578302994217e-01 1.742454679141491047e-01
9.151012301445007324e-01 9.240254369275323620e-01 1.786565921576739602e-01
9.200727939605712891e-01 9.229948372676455293e-01 1.819420236672086577e-01
9.250443577766418457e-01 9.217570187423029804e-01 1.860631745437096030e-01
9.300159215927124023e-01 9.205116008890085189e-01 1.904790342734952180e-01
9.351004958152770996e-01 9.192448658308960407e-01 1.951584839468518962e-01
9.400155544281005859e-01 9.180305894372497999e-01 1.997309153890374778e-01
9.450028538703918457e-01 9.168152156134544706e-01 2.043457970830607207e-01
9.500020742416381836e-01 9.156118383548529360e-01 2.089347651439347198e-01
9.551267027854919434e-01 9.143893913682458185e-01 2.136108135354929938e-01
9.600690007209777832e-01 9.132163437716480647e-01 2.181075711555668928e-01
9.650856852531433105e-01 9.120293527988376781e-01 2.226719785793661588e-01
9.701031446456909180e-01 9.108460825652324733e-01 2.272547829914562945e-01
9.750949740409851074e-01 9.096752974787369883e-01 2.318551387692907306e-01
9.801042079925537109e-01 9.085144869799683942e-01 2.365448862461033697e-01
9.850991368293762207e-01 9.073843669421567393e-01 2.412859160324622720e-01
9.900014996528625488e-01 9.062987604751961968e-01 2.459524370766625612e-01
9.950888752937316895e-01 9.051635817353949065e-01 2.507378902341344529e-01
1.000000000000000000e+00 9.040327476163214637e-01 2.552415819590901913e-01
