1.001372314453125000e+03 0.000000000000000000e+00
9.990784912109375000e+02 -2.381345257163047791e-04
9.957374877929687500e+02 -5.874078487977385521e-04
9.937428588867187500e+02 -7.973118335939943790e-04
9.917482299804687500e+02 -1.008250867016613483e-03
9.897536010742187500e+02 -1.220220350660383701e-03
9.877589721679687500e+02 -1.433171215467154980e-03
9.857643432617187500e+02 -1.646462013013660908e-03
9.837696533203125000e+02 -1.760136918164789677e-03
9.817748413085937500e+02 -1.742198830470442772e-03
9.797801513671875000e+02 -1.721378299407660961e-03
9.777854003906250000e+02 -1.700276741757988930e-03
9.757906494140625000e+02 -1.679459004662930965e-03
9.737959594726562500e+02 -1.658623456023633480e-03
9.718012084960937500e+02 -1.637866138480603695e-03
9.698064575195312500e+02 -1.617207890376448631e-03
9.678117065429687500e+02 -1.596644986420869827e-03
9.658169555664062500e+02 -1.575778704136610031e-03
9.643208618164062500e+02 -1.556991948746144772e-03
9.631988525390625000e+02 -1.541167497634887695e-03
9.609547729492187500e+02 -1.512978808023035526e-03
9.587106933593750000e+02 -1.488391309976577759e-03
9.570275878906250000e+02 -1.472284900955855846e-03
9.550328369140625000e+02 -1.455434481613337994e-03
9.530381469726562500e+02 -1.440605032257735729e-03
9.510433959960937500e+02 -1.427411451004445553e-03
9.490486450195312500e+02 -1.415482605807483196e-03
9.470538940429687500e+02 -1.404497423209249973e-03
9.450591430664062500e+02 -1.394122024066746235e-03
9.430644531250000000e+02 -1.384167582727968693e-03
9.410697021484375000e+02 -1.374094863422214985e-03
9.390749511718750000e+02 -1.363438088446855545e-03
9.370802001953125000e+02 -1.351139857433736324e-03
9.350854492187500000e+02 -1.333984197117388248e-03
9.330906982421875000e+02 -1.315113389864563942e-03
9.314699707031250000e+02 -1.306536374613642693e-03
9.288051757812500000e+02 -1.295708236284554005e-03
9.269116821289062500e+02 -1.288890256546437740e-03
9.249169921875000000e+02 -1.282352721318602562e-03
9.229222412109375000e+02 -1.276382710784673691e-03
9.214262084960937500e+02 -1.272316440008580685e-03
9.194626464843750000e+02 -1.267440617084503174e-03
9.169380493164062500e+02 -1.261887722648680210e-03
9.152549438476562500e+02 -1.258601085282862186e-03
9.135718994140625000e+02 -1.255624112673103809e-03
9.110473022460937500e+02 -1.251700101420283318e-03
9.093642578125000000e+02 -1.249421038664877415e-03
9.068396606445312500e+02 -1.246467465534806252e-03
9.051566162109375000e+02 -1.244786311872303486e-03
9.034735717773437500e+02 -1.243319828063249588e-03
9.009489746093750000e+02 -1.241494202986359596e-03
8.992659301757812500e+02 -1.240512123331427574e-03
8.975828857421875000e+02 -1.239711535163223743e-03
8.950582885742187500e+02 -1.238841796293854713e-03
8.933752441406250000e+02 -1.238478114828467369e-03
8.908506469726562500e+02 -1.238250872120261192e-03
8.891676025390625000e+02 -1.238304772414267063e-03
8.874845581054687500e+02 -1.238514902070164680e-03
8.849599609375000000e+02 -1.239107223227620125e-03
8.832769165039062500e+02 -1.239676144905388355e-03
8.815938110351562500e+02 -1.240378012880682945e-03
8.790692138671875000e+02 -1.241669058799743652e-03
8.773861694335937500e+02 -1.242682919837534428e-03
8.757031250000000000e+02 -1.243817154318094254e-03
8.731785278320312500e+02 -1.245685038156807423e-03
8.710747070312500000e+02 -1.247549313120543957e-03
8.685501098632812500e+02 -1.249939203262329102e-03
8.676033935546875000e+02 -1.250886474736034870e-03
8.657099609375000000e+02 -1.252892077900469303e-03
8.628698120117187500e+02 -1.256124931387603283e-03
8.609763793945312500e+02 -1.258420757949352264e-03
8.590829467773437500e+02 -1.260824850760400295e-03
8.567161865234375000e+02 -1.263976562768220901e-03
8.547214355468750000e+02 -1.266753650270402431e-03
8.527266845703125000e+02 -1.269638421945273876e-03
8.507319335937500000e+02 -1.272630295716226101e-03
8.487372436523437500e+02 -1.275693881325423717e-03
8.467424926757812500e+02 -1.278888550586998463e-03
8.447478027343750000e+02 -1.282179844565689564e-03
8.427530517578125000e+02 -1.285565667785704136e-03
8.407583007812500000e+02 -1.289043808355927467e-03
8.387635498046875000e+02 -1.292612170800566673e-03
8.367688598632812500e+02 -1.296268659643828869e-03
8.347741088867187500e+02 -1.300011528655886650e-03
8.327793579101562500e+02 -1.303858705796301365e-03
8.312833251953125000e+02 -1.306764897890388966e-03
8.297872924804687500e+02 -1.309756073169410229e-03
8.275432128906250000e+02 -1.314296736381947994e-03
8.250186157226562500e+02 -1.319502829574048519e-03
8.233355712890625000e+02 -1.323043950833380222e-03
8.216524658203125000e+02 -1.326631288975477219e-03
8.195486450195312500e+02 -1.331231906078755856e-03
8.174185791015625000e+02 -1.335861044935882092e-03
8.147558593750000000e+02 -1.341876108199357986e-03
8.131582031250000000e+02 -1.345492200925946236e-03
8.110614624023437500e+02 -1.350258942693471909e-03
8.097135009765625000e+02 -1.353348256088793278e-03
8.077548217773437500e+02 -1.357801142148673534e-03
8.051957397460937500e+02 -1.363888382911682129e-03
8.034896850585937500e+02 -1.367953838780522346e-03
8.017836914062500000e+02 -1.372076803818345070e-03
7.995445556640625000e+02 -1.377583248540759087e-03
7.973554077148437500e+02 -1.383010065183043480e-03
7.949263305664062500e+02 -1.389311393722891808e-03
7.937117919921875000e+02 -1.392473233863711357e-03
7.912827148437500000e+02 -1.398886670358479023e-03
7.888536376953125000e+02 -1.405344461090862751e-03
7.876390991210937500e+02 -1.408653799444437027e-03
7.858172607421875000e+02 -1.413724152371287346e-03
7.821737060546875000e+02 -1.423900248482823372e-03
7.803518676757812500e+02 -1.428987015970051289e-03
7.785300903320312500e+02 -1.434218138456344604e-03
7.765353393554687500e+02 -1.439995830878615379e-03
7.745406494140625000e+02 -1.445842324756085873e-03
7.725458984375000000e+02 -1.451754709705710411e-03
7.705511474609375000e+02 -1.457728212699294090e-03
7.685564575195312500e+02 -1.463762018829584122e-03
7.665617065429687500e+02 -1.469855895265936852e-03
7.645669555664062500e+02 -1.476009958423674107e-03
7.625722656250000000e+02 -1.482224091887474060e-03
7.605775146484375000e+02 -1.488497597165405750e-03
7.585827636718750000e+02 -1.494903001002967358e-03
7.565880126953125000e+02 -1.501309801824390888e-03
7.545933227539062500e+02 -1.507764798589050770e-03
7.525986328125000000e+02 -1.514289760962128639e-03
7.506038208007812500e+02 -1.520894933491945267e-03
7.491077880859375000e+02 -1.525864587165415287e-03
7.476117553710937500e+02 -1.530898502096533775e-03
7.449936523437500000e+02 -1.539754914119839668e-03
7.438716430664062500e+02 -1.543589401990175247e-03
7.405054321289062500e+02 -1.555240130983293056e-03
7.392431640625000000e+02 -1.559631433337926865e-03
7.375864868164062500e+02 -1.565411919727921486e-03
7.356339111328125000e+02 -1.572233391925692558e-03
7.335037231445312500e+02 -1.579744508489966393e-03
7.319061889648437500e+02 -1.585372840054333210e-03
7.295097656250000000e+02 -1.593850087374448776e-03
7.279122314453125000e+02 -1.599537092261016369e-03
7.255158081054687500e+02 -1.608134247362613678e-03
7.239182739257812500e+02 -1.613924745470285416e-03
7.215218505859375000e+02 -1.622698968276381493e-03
7.200241699218750000e+02 -1.628186553716659546e-03
7.175529174804687500e+02 -1.637416193261742592e-03
7.155309448242187500e+02 -1.645016716793179512e-03
7.138460083007812500e+02 -1.651425496675074100e-03
7.118240356445312500e+02 -1.659172819927334785e-03
7.098020629882812500e+02 -1.666981028392910957e-03
7.072746582031250000e+02 -1.676851767115294933e-03
7.052799072265625000e+02 -1.684744609519839287e-03
7.032851562500000000e+02 -1.692680758424103260e-03
7.012904663085937500e+02 -1.700680004432797432e-03
6.997944335937500000e+02 -1.706703915260732174e-03
6.963036499023437500e+02 -1.720934989862143993e-03
6.943088989257812500e+02 -1.729150419123470783e-03
6.923142089843750000e+02 -1.737427548505365849e-03
6.903194580078125000e+02 -1.745763001963496208e-03
6.883247070312500000e+02 -1.754188677296042442e-03
6.868286743164062500e+02 -1.760501996614038944e-03
6.853326416015625000e+02 -1.766872126609086990e-03
6.840859375000000000e+02 -1.772214309312403202e-03
6.818418579101562500e+02 -1.781857456080615520e-03
6.796679077148437500e+02 -1.791290123946964741e-03
6.773010864257812500e+02 -1.801673788577318192e-03
6.758809814453125000e+02 -1.807953463867306709e-03
6.730408325195312500e+02 -1.820661360397934914e-03
6.716207275390625000e+02 -1.827102620154619217e-03
6.702006835937500000e+02 -1.833609305322170258e-03
6.673605346679687500e+02 -1.846814295276999474e-03
6.659404296875000000e+02 -1.853502471931278706e-03
6.641654052734375000e+02 -1.861737342551350594e-03
6.620353393554687500e+02 -1.871397136710584164e-03
6.602158203125000000e+02 -1.879472634755074978e-03
6.582687988281250000e+02 -1.888220547698438168e-03
6.560221557617187500e+02 -1.898552523925900459e-03
6.542249145507812500e+02 -1.906963880173861980e-03
6.517536010742187500e+02 -1.918768626637756824e-03
6.493947143554687500e+02 -1.930147758685052395e-03
6.473727416992187500e+02 -1.939988927915692329e-03
6.453508300781250000e+02 -1.949883881025016308e-03
6.438343505859375000e+02 -1.957382773980498314e-03
6.421283569335937500e+02 -1.965769799426198006e-03
6.399958496093750000e+02 -1.976407831534743309e-03
6.377166748046875000e+02 -1.987889874726533890e-03
6.360972900390625000e+02 -1.996037317439913750e-03
6.337285766601562500e+02 -2.008188748732209206e-03
6.314844970703125000e+02 -2.019697101786732674e-03
6.292404174804687500e+02 -2.031290903687477112e-03
6.281184082031250000e+02 -2.037051366642117500e-03
6.258392944335937500e+02 -2.049017930403351784e-03
6.239458618164062500e+02 -2.058968646451830864e-03
6.217861328125000000e+02 -2.070376183837652206e-03
6.203632812500000000e+02 -2.077939687296748161e-03
6.181498413085937500e+02 -2.089774701744318008e-03
6.162455444335937500e+02 -2.100009704008698463e-03
6.142213134765625000e+02 -2.110953908413648605e-03
6.121970825195312500e+02 -2.121970523148775101e-03
6.103753051757812500e+02 -2.131885150447487831e-03
6.082716064453125000e+02 -2.143498277291655540e-03
6.062540893554687500e+02 -2.154654590412974358e-03
6.042365722656250000e+02 -2.165851183235645294e-03
6.024266357421875000e+02 -2.175928791984915733e-03
