0.000000000000000000e+00 1.000000000000000000e+00 0.000000000000000000e+00
5.750000011175870895e-03 9.998442322309382124e-01 -1.085390431062971305e-09
1.412499975413084030e-02 9.996165723929850699e-01 7.393824403309203217e-10
1.912499964237213135e-02 9.994803890806114310e-01 7.211225560858840740e-09
2.412500046193599701e-02 9.993439518172164693e-01 3.177469605657391356e-08
2.912499941885471344e-02 9.992142255083094060e-01 7.718524366864943844e-07
3.412500023841857910e-02 9.991087709741639511e-01 1.936771888561143145e-06
3.912499919533729553e-02 9.989976737299576248e-01 2.642105370209428339e-06
4.412499815225601196e-02 9.988797425049279477e-01 3.189568779445047056e-06
4.537500068545341492e-02 9.988491935683001532e-01 3.313680702425869759e-06
5.015039071440696716e-02 9.986523531927851138e-01 7.501381261301745723e-06
5.536615103483200073e-02 9.983210306449477045e-01 9.506279625585807176e-06
6.287461519241333008e-02 9.979854945478768835e-01 1.098028168522665594e-05
6.787461787462234497e-02 9.977697247942092229e-01 1.189785463542773800e-05
7.099961489439010620e-02 9.976375182861177970e-01 1.248446972169018810e-05
7.530625909566879272e-02 9.974245534154582149e-01 9.907890120383554505e-06
8.012650907039642334e-02 9.971755187499699025e-01 1.893309518474663365e-05
8.613328635692596436e-02 9.968613131292934915e-01 2.020799320906841034e-05
9.013780206441879272e-02 9.966488171093569326e-01 2.095044310677227686e-05
9.614457935094833374e-02 9.963252567892590950e-01 2.201091213693172482e-05
1.036530435085296631e-01 9.959118974619898257e-01 2.330595058540405328e-05
1.086530461907386780e-01 9.956304132057528511e-01 2.413054955710331316e-05
1.136530488729476929e-01 9.953431852932634882e-01 2.493443921795619679e-05
1.186530441045761108e-01 9.950492717949627197e-01 2.572645566293171377e-05
1.236530467867851257e-01 9.947464980515352551e-01 2.654079173512646821e-05
1.286530494689941406e-01 9.944319654568076761e-01 2.737133190256034267e-05
1.317780464887619019e-01 9.942228171625748789e-01 2.796356359799507250e-05
1.352936774492263794e-01 9.938363498067621649e-01 3.243663251913826831e-05
1.400397717952728271e-01 9.935724004736087300e-01 3.308748477712053590e-05
1.471589058637619019e-01 9.931758843032010287e-01 3.355669243068530805e-05
1.519050002098083496e-01 9.929102982206297057e-01 3.361807484638514807e-05
1.566510945558547974e-01 9.926436311505698606e-01 3.344519522609969305e-05
1.613971889019012451e-01 9.923758520868611877e-01 3.297778369464310209e-05
1.661432832479476929e-01 9.921069262650211718e-01 3.214479135028247222e-05
1.708893775939941406e-01 9.918368081153907667e-01 3.086928314910146096e-05
1.756354719400405884e-01 9.915655060941949150e-01 2.907763414195018307e-05
1.803815662860870361e-01 9.912930427513686471e-01 2.671252899422434131e-05
1.851276606321334839e-01 9.910194669451032334e-01 2.378587762416877271e-05
1.934333145618438721e-01 9.905383687888459354e-01 1.744776413652109845e-05
1.969928890466690063e-01 9.903313622686076290e-01 1.431233134909803587e-05
2.005524635314941406e-01 9.901239442120631784e-01 1.093467325889711957e-05
2.064899653196334839e-01 9.897770068915606734e-01 4.932062994009755261e-06
2.107087075710296631e-01 9.895300700746734179e-01 3.602150271375998589e-07
2.180915176868438721e-01 9.890962375208662838e-01 -7.518104924430400876e-06
2.212555855512619019e-01 9.889097495619300071e-01 -1.083849699883331862e-05
2.260016798973083496e-01 9.886294595126446927e-01 -1.569553347203531978e-05
2.307477742433547974e-01 9.883480429062114769e-01 -2.023242551631528033e-05
2.378669083118438721e-01 9.879237273643756145e-01 -2.603999022486174573e-05
2.414264827966690063e-01 9.877105496787084160e-01 -2.841607167435984425e-05
2.464264780282974243e-01 9.874099045551469889e-01 -3.113367324098577534e-05
2.514264881610870361e-01 9.871077842900317645e-01 -3.318439737843175460e-05
2.564264833927154541e-01 9.868041513001390985e-01 -3.461465423036678491e-05
2.614264786243438721e-01 9.864990271958223866e-01 -3.546038688403632547e-05
2.664264738559722900e-01 9.861923781521800825e-01 -3.586155293610295876e-05
2.714264690876007080e-01 9.858842210816632923e-01 -3.581873044885437854e-05
2.764264941215515137e-01 9.855745437697237543e-01 -3.543777593177527296e-05
2.814264893531799316e-01 9.852633762829409170e-01 -3.473465262081822975e-05
2.864264845848083496e-01 9.849502384956247969e-01 -3.350137508121030271e-05
2.914264798164367676e-01 9.846366234013599339e-01 -3.257853534127690869e-05
2.964264750480651855e-01 9.843205860682896491e-01 -3.107580966476736374e-05
3.014264702796936035e-01 9.840035443235499724e-01 -2.948264935480549836e-05
3.064264953136444092e-01 9.836850997849637679e-01 -2.777221580517703019e-05
3.114264905452728271e-01 9.833651857423078013e-01 -2.595260188790964826e-05
3.164264857769012451e-01 9.830438566912571563e-01 -2.403578175039127119e-05
3.214264810085296631e-01 9.827211069943281307e-01 -2.202762547751952745e-05
3.264264762401580811e-01 9.823969460473271909e-01 -1.993185147789898801e-05
3.314264714717864990e-01 9.820713926418662698e-01 -1.774436743755646023e-05
3.364264965057373047e-01 9.817444542945900077e-01 -1.545901194655249382e-05
3.414264917373657227e-01 9.814161479179495107e-01 -1.306234046890230620e-05
3.464264869689941406e-01 9.810864772702672099e-01 -1.053910546481902913e-05
3.514264822006225586e-01 9.807558576461717914e-01 -7.334642979348528003e-06
3.564264774322509766e-01 9.804230826241630004e-01 -4.423010046020370361e-06
3.614264726638793945e-01 9.800898829117196120e-01 -6.293032371113306686e-07
3.664264976978302002e-01 9.797549506126366214e-01 3.305972918519392556e-06
3.714264929294586182e-01 9.794186859882524354e-01 7.641813121369025886e-06
3.764264881610870361e-01 9.790811059510179382e-01 1.252224448646230630e-05
3.814264833927154541e-01 9.787422556008025243e-01 1.793567967495601287e-05
3.864264786243438721e-01 9.784020766836082350e-01 2.394454195875252354e-05
3.914264738559722900e-01 9.780605917493698787e-01 3.060309693510896540e-05
3.964264690876007080e-01 9.777178026772486152e-01 3.810331060234549037e-05
4.014264941215515137e-01 9.773736343007957128e-01 4.643803746829479529e-05
4.064264893531799316e-01 9.770281035324621666e-01 5.563607283413703756e-05
4.114264845848083496e-01 9.766811859431525633e-01 6.579613689278147144e-05
4.164264798164367676e-01 9.763327950914504338e-01 7.690096118033226528e-05
4.214264750480651855e-01 9.759828952732931828e-01 8.882525298983005781e-05
4.264264702796936035e-01 9.756314169597155583e-01 1.014283504979363845e-04
4.314264953136444092e-01 9.752782549176897131e-01 1.145682843594715485e-04
4.364264905452728271e-01 9.749233546515403415e-01 1.276993821260377063e-04
4.414264857769012451e-01 9.745666353573353424e-01 1.404496194253414059e-04
4.464264810085296631e-01 9.742080068353361488e-01 1.520567247873456690e-04
4.514264762401580811e-01 9.738474465356083964e-01 1.617941840235235683e-04
4.564264714717864990e-01 9.734850315037618662e-01 1.688354781695774662e-04
4.614264965057373047e-01 9.731207993230208686e-01 1.723295986065136512e-04
4.664264917373657227e-01 9.727550168342778969e-01 1.717529126576014889e-04
4.714264869689941406e-01 9.723880542322920206e-01 1.672866382622366528e-04
4.764264822006225586e-01 9.720202704368553492e-01 1.598692916590591919e-04
4.814264774322509766e-01 9.716521202049819284e-01 1.506028247290644255e-04
4.864264726638793945e-01 9.712837745403420930e-01 1.408764496078632124e-04
4.914264976978302002e-01 9.709153743800271741e-01 1.309406048999044072e-04
4.964264929294586182e-01 9.705467787869457297e-01 1.211676544743805746e-04
5.014264583587646484e-01 9.701779764861309108e-01 1.114631723153767297e-04
5.051764845848083496e-01 9.699006216866630226e-01 1.039417745004146617e-04
5.126764774322509766e-01 9.693453520976851312e-01 8.902245481025995819e-05
5.154889822006225586e-01 9.691367501695754560e-01 8.353520313213611752e-05
5.239264965057373047e-01 9.685095406518193784e-01 6.814441400502115975e-05
5.260358452796936035e-01 9.683516854723098755e-01 6.400357950203524281e-05
5.313093066215515137e-01 9.679580275061094863e-01 5.484133812007058303e-05
5.376374125480651855e-01 9.674832536669200067e-01 4.423195909103149197e-05
5.408014655113220215e-01 9.672451376327739769e-01 3.941877391831628114e-05
5.455476045608520508e-01 9.668869920552071173e-01 3.163065999893132138e-05
5.523700714111328125e-01 9.663702941293200732e-01 2.280044887820488193e-05
5.550397634506225586e-01 9.661671342520877781e-01 1.847531458390463629e-05
5.604625344276428223e-01 9.657541209253771575e-01 1.097774578102410137e-05
5.672201514244079590e-01 9.652368780427378336e-01 1.966295789083089693e-06
5.700358152389526367e-01 9.650207406781576847e-01 -1.268873818154478837e-06
5.757111907005310059e-01 9.645836816045451068e-01 -8.971661471491083979e-06
5.812402963638305664e-01 9.641559544455240438e-01 -1.641059766885976011e-05
5.853629112243652344e-01 9.638360159737724420e-01 -2.186155185250225949e-05
5.909869074821472168e-01 9.633988930086785363e-01 -2.907111717782584289e-05
5.958634018898010254e-01 9.630180697135737322e-01 -3.579405040062706836e-05
6.007398962974548340e-01 9.626359948971001668e-01 -4.246218928268977671e-05
6.056163311004638672e-01 9.622526798342250220e-01 -4.892450358186449614e-05
6.104928255081176758e-01 9.618681470748825513e-01 -5.577283044313562468e-05
6.153693199157714844e-01 9.614823665524937502e-01 -6.287950068124996471e-05
6.203081607818603516e-01 9.610900878906250000e-01 -6.982512093089484489e-05
6.254525780677795410e-01 9.606807013450584520e-01 -7.686810338585247434e-05
6.303802132606506348e-01 9.602870433788581739e-01 -8.389161982266186480e-05
6.351415514945983887e-01 9.599053894944965526e-01 -9.025089222515745603e-05
6.403843164443969727e-01 9.594837132345865882e-01 -9.620086900119124442e-05
6.454094648361206055e-01 9.590780361532577070e-01 -1.019169691160981935e-04
6.506243944168090820e-01 9.586555067541564501e-01 -1.052495349070121521e-04
6.553231477737426758e-01 9.582732365049164702e-01 -1.080371806480614469e-04
6.606127023696899414e-01 9.578410557338170594e-01 -1.088093067037648103e-04
6.650206446647644043e-01 9.574791142505965080e-01 -1.098604992105455772e-04
6.703101396560668945e-01 9.570423069845865882e-01 -1.116331960326932317e-04
6.755996942520141602e-01 9.566024629940541590e-01 -1.183102283571741233e-04
6.800076365470886230e-01 9.562333017734470086e-01 -1.318373630199526315e-04
6.852971911430358887e-01 9.557869746767242436e-01 -1.617503797479450864e-04
6.905866861343383789e-01 9.553368065744785032e-01 -2.123817911582627212e-04
6.958762407302856445e-01 9.548829703495419485e-01 -2.927542136514128010e-04
7.002841830253601074e-01 9.545022034292737212e-01 -3.929128273954532393e-04
7.055737376213073730e-01 9.540426056960533696e-01 -5.757088951876597558e-04
7.108632326126098633e-01 9.535804410286138344e-01 -8.716942935154355955e-04
7.151610255241394043e-01 9.532031167316906695e-01 -1.259167646539622243e-03
7.201199531555175781e-01 9.527656329676436053e-01 -2.063967030623863573e-03
7.253268361091613770e-01 9.523002662094942616e-01 -3.948728439255888047e-03
7.301152944564819336e-01 9.518406759929186611e-01 -8.925498999985568768e-03
7.352539300918579102e-01 9.509524190367149021e-01 -2.924037097122868939e-02
7.402792572975158691e-01 9.489350981313020572e-01 -6.108646674696447537e-02
7.451487779617309570e-01 9.474993362802589525e-01 -7.485672993025756228e-02
7.504388093948364258e-01 9.461563110351562944e-01 -8.515967759005542426e-02
7.550172805786132812e-01 9.450350944631793482e-01 -9.282005948973406917e-02
7.600708603858947754e-01 9.438269554100600089e-01 -1.003938496406442393e-01
7.654382586479187012e-01 9.425696123996978315e-01 -1.077034485163946981e-01
7.703821659088134766e-01 9.414298259565982985e-01 -1.139283579558574566e-01
7.750008106231689453e-01 9.403785480067060609e-01 -1.193920285830944034e-01
7.800284028053283691e-01 9.392462932417545707e-01 -1.250214412294585187e-01
7.853033542633056641e-01 9.380687882747557049e-01 -1.306346367145406751e-01
7.901461124420166016e-01 9.369944755666950176e-01 -1.355597679250933330e-01
7.950114607810974121e-01 9.359180845063308496e-01 -1.403142994847790814e-01
8.002510666847229004e-01 9.347743518246804939e-01 -1.451496349766923932e-01
8.050228357315063477e-01 9.337862212082435054e-01 -1.491186395654537367e-01
8.100752830505371094e-01 9.327583951903093418e-01 -1.532410494799684442e-01
8.151277899742126465e-01 9.316558913057073621e-01 -1.577966436376712633e-01
8.200399279594421387e-01 9.305563264292449066e-01 -1.622734821488704682e-01
8.250923752784729004e-01 9.294333622373383008e-01 -1.667187507516644795e-01
8.301448822021484375e-01 9.283224547437847196e-01 -1.710057188137411588e-01
8.351973295211791992e-01 9.272200861587899245e-01 -1.751733789303032696e-01
8.400393128395080566e-01 9.261683496935614324e-01 -1.790828798792045151e-01
8.450917601585388184e-01 9.250734451369112543e-01 -1.830928032034136455e-01
8.500949144363403320e-01 9.239907100282866992e-01 -1.870047658535060053e-01
8.551803231239318848e-01 9.228901153714785810e-01 -1.909301457146705683e-01
8.601263165473937988e-01 9.218197225937114769e-01 -1.947033511006773521e-01
8.650864958763122559e-01 9.207454061273283585e-01 -1.984483878600773465e-01
8.701053261756896973e-01 9.196572665510507338e-01 -2.022010728056207740e-01
8.750762939453125000e-01 9.185780642655094752e-01 -2.058848489094250445e-01
8.800790309906005859e-01 9.174901802551570507e-01 -2.095618600328567616e-01
8.851857781410217285e-01 9.163770478347252890e-01 -2.132892890516760176e-01
8.901231884956359863e-01 9.152985821803802935e-01 -2.168699555796355372e-01
8.950419425964355469e-01 9.142209884568387457e-01 -2.204165904979987767e-01
9.000315070152282715e-01 9.131240318561422153e-01 -2.240006583077567004e-01
9.051765203475952148e-01 9.119886276169950623e-01 -2.276842277038273465e-01
9.100743532180786133e-01 9.109026829010160586e-01 -2.311834889679706684e-01
9.150511026382446289e-01 9.097932336365648354e-01 -2.347361559938327402e-01
9.201238751411437988e-01 9.086560479525861433e-01 -2.383584459426955071e-01
9.250401258468627930e-01 9.075470722367610099e-01 -2.418714438753175044e-01
9.300317764282226562e-01 9.064141860736414369e-01 -2.454410233521109042e-01
9.350385069847106934e-01 9.052719642376076958e-01 -2.490237569574064724e-01
9.400484561920166016e-01 9.041247889326123888e-01 -2.526059456059497887e-01
9.450300931930541992e-01 9.029827174294758896e-01 -2.561585186737511677e-01
9.500622153282165527e-01 9.018295363252386565e-01 -2.597335289264547376e-01
9.550589919090270996e-01 9.006854954611490660e-01 -2.632685130452874778e-01
9.600254893302917480e-01 8.995482270940771130e-01 -2.667706118428648243e-01
9.650285243988037109e-01 8.984011044055957296e-01 -2.702900740900650578e-01
9.700751304626464844e-01 8.972417145527055160e-01 -2.738348298472136899e-01
9.750155806541442871e-01 8.961038523706896797e-01 -2.773007735830222420e-01
9.800289273262023926e-01 8.949458004805842526e-01 -2.808154815523495329e-01
9.850548505783081055e-01 8.937811489762930162e-01 -2.843374994588015459e-01
9.901022315025329590e-01 8.926074474315924823e-01 -2.878740620730545485e-01
9.950032830238342285e-01 8.914638876327739547e-01 -2.913083983172337077e-01
1.000000000000000000e+00 8.902936738112877668e-01 -2.948099145748345196e-01
