0.000000000000000000e+00 1.000000000000000000e+00 0.000000000000000000e+00
5.750000011175870895e-03 9.999236613512039185e-01 7.791570031931310536e-09
1.250000018626451492e-02 9.998193817178743226e-01 -1.543014752482917230e-06
1.587500050663948059e-02 9.997571548694322852e-01 -2.185803908510368360e-06
2.262499928474426270e-02 9.996111015512161302e-01 -3.102324910837562139e-06
2.515625022351741791e-02 9.995402298053773782e-01 -3.449213025825364225e-06
3.021875023841857910e-02 9.994055241496623276e-01 -4.098320598987972214e-06
3.543945401906967163e-02 9.992591034063771360e-01 -1.033246517181396450e-05
4.042285308241844177e-02 9.991143185751779621e-01 -3.816874134315162556e-06
4.843188449740409851e-02 9.988912079113871911e-01 -3.828865108119339262e-06
5.343188345432281494e-02 9.987660178016213308e-01 -4.343166086478393398e-06
5.843188613653182983e-02 9.986451956805060259e-01 -5.468338759256010104e-06
6.343188136816024780e-02 9.985005021295627614e-01 -5.848864249947692052e-06
6.843188405036926270e-02 9.983559079530859304e-01 -6.096141350244273535e-06
7.343188673257827759e-02 9.982129883966525119e-01 -6.310633156730347147e-06
7.843188196420669556e-02 9.980719313100607781e-01 -6.508336504216955077e-06
8.343188464641571045e-02 9.979327344493705843e-01 -6.691641135125600850e-06
8.843188732862472534e-02 9.977953122243160555e-01 -6.861444719198371068e-06
9.343188256025314331e-02 9.976595431415974380e-01 -7.016624190977641781e-06
9.843188524246215820e-02 9.975252670800985877e-01 -7.159190111550963822e-06
1.034318879246711731e-01 9.973923058069052994e-01 -7.288954651155391517e-06
1.084318831562995911e-01 9.972604732353145263e-01 -7.405770676476614671e-06
1.134318858385086060e-01 9.971295634037306010e-01 -7.509422183287244275e-06
1.184318810701370239e-01 9.969993748384362586e-01 -7.597269380793852383e-06
1.234318837523460388e-01 9.968697020586798629e-01 -7.671256307042946835e-06
1.284318864345550537e-01 9.967403399042723544e-01 -7.729694842040037137e-06
1.334318816661834717e-01 9.966110912290941926e-01 -7.771049477473025995e-06
1.384318917989730835e-01 9.964817733123523258e-01 -7.793476351168977443e-06
1.434318870306015015e-01 9.963522082416951253e-01 -7.794610373362774176e-06
1.484318822622299194e-01 9.962222331712226042e-01 -7.771386005798308001e-06
1.534318774938583374e-01 9.960916961541697034e-01 -7.719946477343053761e-06
1.584318876266479492e-01 9.959604606307855823e-01 -7.635654740724243816e-06
1.634318828582763672e-01 9.958284015815799251e-01 -7.512525287495941604e-06
1.684318780899047852e-01 9.956954016805695806e-01 -7.343463630986815055e-06
1.734318882226943970e-01 9.955613679645441971e-01 -7.119669164178752061e-06
1.784318834543228149e-01 9.954262135609859286e-01 -6.831440479815506721e-06
1.834318786859512329e-01 9.952898564058191289e-01 -6.466918476238972107e-06
1.884318888187408447e-01 9.951522298219824814e-01 -6.012415059474335821e-06
1.934318840503692627e-01 9.950132719408564252e-01 -5.454074262696154386e-06
1.984318792819976807e-01 9.948729311518308416e-01 -4.776782833603249700e-06
2.034318894147872925e-01 9.947311590499235967e-01 -3.966367451333197805e-06
2.084318846464157104e-01 9.945879165264738253e-01 -3.010464417395972452e-06
2.134318798780441284e-01 9.944431676784482033e-01 -1.901592237546163494e-06
2.184318900108337402e-01 9.942968685887441094e-01 -6.388472256195895912e-07
2.234318852424621582e-01 9.941490019469702011e-01 7.684247180850816105e-07
2.284318804740905762e-01 9.939995344145959866e-01 2.301559673950952722e-06
2.334318906068801880e-01 9.938484345764673211e-01 3.931072282315302484e-06
2.384318858385086060e-01 9.936956908923237908e-01 5.616306350762102937e-06
2.434318810701370239e-01 9.935412725881368479e-01 7.319511423090926877e-06
2.484318912029266357e-01 9.933851341439895455e-01 8.813368485254399678e-06
2.534318864345550537e-01 9.932273659585904024e-01 1.055511544231607105e-05
2.584318816661834717e-01 9.930678148029231656e-01 1.202396140629503890e-05
2.634318768978118896e-01 9.929065871038357249e-01 1.344234533921009325e-05
2.684318721294403076e-01 9.927436495227974778e-01 1.480471687156613120e-05
2.734318971633911133e-01 9.925789956485523424e-01 1.608755189080198319e-05
2.784318923950195312e-01 9.924126132997143079e-01 1.726034058242285047e-05
2.834318876266479492e-01 9.922445621009634564e-01 1.801395428781749745e-05
2.884318828582763672e-01 9.920747279319442891e-01 1.909061640250582501e-05
2.934318780899047852e-01 9.919032223485096944e-01 1.964987952168248181e-05
2.984318733215332031e-01 9.917299555930771948e-01 2.061324115811275688e-05
3.034318983554840088e-01 9.915550231933594194e-01 2.102765465984825376e-05
3.084318935871124268e-01 9.913783135935038127e-01 2.193660514444864136e-05
3.134318888187408447e-01 9.911999268091025161e-01 2.240645190497406557e-05
3.184318840503692627e-01 9.910197692358193589e-01 2.320123945965486402e-05
3.234318792819976807e-01 9.908379126797204339e-01 2.365542747894254996e-05
3.284318745136260986e-01 9.906542808468602468e-01 2.449882381102617930e-05
3.334318995475769043e-01 9.904689404143004472e-01 2.506517750375411130e-05
3.384318947792053223e-01 9.902818099590910972e-01 2.603768018864783905e-05
3.434318900108337402e-01 9.900929535937910142e-01 2.699905082959086882e-05
3.484318852424621582e-01 9.899023142582228374e-01 2.802110457119821573e-05
3.534318804740905762e-01 9.897099175974100049e-01 2.919832447997662052e-05
3.584318757057189941e-01 9.895157456598362433e-01 3.059211836642577938e-05
3.634318709373474121e-01 9.893197798528591269e-01 3.228854043644015373e-05
3.684318959712982178e-01 9.891220323578651108e-01 3.440616761936860982e-05
3.734318912029266357e-01 9.889224768887047157e-01 3.706664473068814269e-05
3.784318864345550537e-01 9.887211121631269695e-01 4.049406206908346355e-05
3.834318816661834717e-01 9.885179420278854545e-01 4.510585249972944206e-05
3.884318768978118896e-01 9.883128613383830308e-01 5.251126629965645868e-05
3.934318721294403076e-01 9.881060265292640477e-01 6.215964921382294501e-05
3.984318971633911133e-01 9.878973670767134951e-01 7.697793365526600662e-05
4.034318923950195312e-01 9.876868637469635726e-01 1.033090743697991879e-04
4.084318876266479492e-01 9.874744832014836771e-01 1.582504570985040647e-04
4.134318828582763672e-01 9.872602036420037308e-01 3.051250672140041142e-04
4.184318780899047852e-01 9.870432762338333665e-01 1.276215184636476712e-03
4.209318757057189941e-01 9.869329423663997236e-01 2.103036792338395383e-03
4.256193935871124268e-01 9.866724402163209451e-01 1.004777956409614627e-02
4.305412471294403076e-01 9.859092084099264630e-01 3.272554093048352097e-02
4.352873563766479492e-01 9.850005039247143879e-01 4.850061881442029738e-02
4.416154921054840088e-01 9.842110398236443292e-01 5.758570823348870688e-02
4.463615715503692627e-01 9.837058623498228238e-01 6.234357176708574255e-02
4.508110284805297852e-01 9.832402500184643790e-01 6.643522887670692822e-02
4.550380110740661621e-01 9.827987606785878461e-01 7.013497232389048763e-02
4.611386656761169434e-01 9.821615998083803589e-01 7.522958707408744505e-02
4.656525254249572754e-01 9.816893005371094549e-01 7.885429959337250660e-02
4.721672236919403076e-01 9.810062581551175498e-01 8.390762585551798936e-02
4.769874513149261475e-01 9.804993714404707239e-01 8.753668520630908390e-02
4.810545444488525391e-01 9.800706892253971958e-01 9.053669777237066674e-02
4.850279688835144043e-01 9.796509327607996198e-01 9.341968568433232922e-02
4.900060594081878662e-01 9.791235710592831598e-01 9.697363717215401469e-02
4.955563843250274658e-01 9.785335931858094582e-01 1.008699946042870277e-01
5.006011128425598145e-01 9.779954028730631910e-01 1.043598142992548522e-01
5.050635337829589844e-01 9.775177309693408034e-01 1.074113861853335100e-01
5.107113122940063477e-01 9.769108748235622031e-01 1.112322510791425995e-01
5.156324505805969238e-01 9.763799535927653039e-01 1.145294189453125028e-01
5.213909745216369629e-01 9.757560281192555474e-01 1.183549127658876099e-01
5.254864096641540527e-01 9.753104945591518637e-01 1.210570519711790943e-01
5.304467678070068359e-01 9.747688024184283373e-01 1.243119183708639719e-01
5.353889465332031250e-01 9.742267948439140568e-01 1.275384598419445903e-01
5.403667688369750977e-01 9.736784914160976356e-01 1.307736949760373024e-01
5.457591414451599121e-01 9.730817265871192223e-01 1.342644827706473143e-01
5.505143404006958008e-01 9.725530723764114205e-01 1.373329226710215401e-01
5.559787750244140625e-01 9.719426951688878713e-01 1.408489195238642466e-01
5.603774785995483398e-01 9.714491592535452469e-01 1.436725392061121431e-01
5.659282207489013672e-01 9.708235053054424801e-01 1.472288628586200243e-01
5.702259540557861328e-01 9.703369063689928353e-01 1.499776760069262138e-01
5.754948258399963379e-01 9.697378873424369328e-01 1.533427006056328756e-01
5.802019834518432617e-01 9.692003471310398632e-01 1.563458739208574144e-01
5.852032899856567383e-01 9.686269013220523139e-01 1.595336657612263787e-01
5.911607146263122559e-01 9.679404917484571991e-01 1.633303217527245221e-01
5.959266424179077148e-01 9.673887518874737523e-01 1.663685389927455349e-01
6.006926298141479492e-01 9.668346860228466122e-01 1.694087950121454800e-01
6.054585576057434082e-01 9.662779248662355380e-01 1.724544236639968531e-01
6.104647517204284668e-01 9.656905948414522545e-01 1.756587180770745882e-01
6.154746413230895996e-01 9.650996360458246048e-01 1.788739757377560413e-01
6.206075549125671387e-01 9.644908129267332209e-01 1.821776830849527185e-01
6.254094839096069336e-01 9.639184878052784455e-01 1.852756788750656580e-01
6.307073831558227539e-01 9.632833426339285632e-01 1.887045724051339413e-01
6.350802183151245117e-01 9.627562809791886389e-01 1.915429507984834634e-01
6.401003003120422363e-01 9.621483990324645186e-01 1.948098062467174263e-01
6.453804373741149902e-01 9.615055321444984093e-01 1.982569718561252581e-01
6.500529050827026367e-01 9.609334506507680729e-01 2.013172566389837270e-01
6.551719307899475098e-01 9.603035293707327114e-01 2.046798193154214796e-01
6.606011390686035156e-01 9.596317169445903739e-01 2.082584926060267738e-01
6.651103496551513672e-01 9.590706858915440947e-01 2.112405728893119727e-01
6.703911423683166504e-01 9.584105624671742651e-01 2.147446832737001099e-01
6.752462983131408691e-01 9.578002057756697107e-01 2.179775462431066124e-01
6.804983615875244141e-01 9.571364689674698445e-01 2.214864522469143782e-01
6.852371692657470703e-01 9.565344905051864632e-01 2.246634347098214191e-01
6.904530525207519531e-01 9.558684584673713402e-01 2.281723150686055801e-01
6.950511336326599121e-01 9.552785306016937650e-01 2.312762348591780592e-01
7.000221014022827148e-01 9.546374716878938127e-01 2.346439137178308876e-01
7.050948143005371094e-01 9.539798512178307988e-01 2.380935797170430634e-01
7.102138996124267578e-01 9.533126959279805135e-01 2.415884066028755328e-01
7.154650092124938965e-01 9.526245373637737268e-01 2.451879934102547398e-01
7.203811407089233398e-01 9.519769235819326436e-01 2.485715208935136422e-01
7.253655791282653809e-01 9.513168463186054691e-01 2.520153398273372036e-01
7.304319143295288086e-01 9.506423668100053570e-01 2.555303493467699361e-01
7.350207567214965820e-01 9.500284249441964812e-01 2.587265142873555468e-01
7.402262687683105469e-01 9.493283517020089102e-01 2.623663894268645214e-01
7.453557252883911133e-01 9.486348281988575826e-01 2.659681304162289650e-01
7.500700354576110840e-01 9.479941642184217532e-01 2.692921357996323484e-01
7.554514408111572266e-01 9.472590188419116597e-01 2.731020887358849847e-01
7.601300477981567383e-01 9.466165956128544945e-01 2.764284278164390596e-01
7.654086947441101074e-01 9.458880461364232994e-01 2.801970153295693100e-01
7.701436877250671387e-01 9.452311232110031103e-01 2.835916214630383458e-01
7.750508785247802734e-01 9.445469960445116442e-01 2.871238387933298108e-01
7.805816531181335449e-01 9.437718033990940558e-01 2.911228724888392794e-01
7.853764891624450684e-01 9.430961390904017971e-01 2.946050050879727156e-01
7.914058566093444824e-01 9.422417751280199871e-01 2.990044345374868739e-01
7.950546741485595703e-01 9.417222582392332786e-01 3.016779282513786797e-01
8.001518845558166504e-01 9.409931856043198817e-01 3.054269229664521856e-01
8.061903119087219238e-01 9.401245117187500000e-01 3.098898238494616764e-01
8.103597164154052734e-01 9.395216741481748901e-01 3.129850756220456942e-01
8.150882124900817871e-01 9.388348080931591122e-01 3.165092404149159599e-01
8.206219673156738281e-01 9.380266923663997947e-01 3.206524504332983194e-01
8.252335190773010254e-01 9.373498996766675972e-01 3.241205552045036686e-01
8.301013112068176270e-01 9.366319672400210683e-01 3.277968975676208152e-01
8.350214958190917969e-01 9.359025714778098637e-01 3.315292743073792181e-01
8.400713205337524414e-01 9.351502900965072973e-01 3.353765920430672454e-01
8.461710214614868164e-01 9.342363527442227866e-01 3.400479869682248024e-01
8.516669869422912598e-01 9.334079928358061107e-01 3.442780053916097427e-01
8.550275564193725586e-01 9.328993750820639974e-01 3.468748204848345340e-01
8.603170514106750488e-01 9.320950086577599603e-01 3.509784858767726057e-01
8.653591871261596680e-01 9.313242679884453645e-01 3.549088421989889941e-01
8.702715039253234863e-01 9.305696529099920511e-01 3.587551084887080077e-01
8.765466809272766113e-01 9.295999478893118839e-01 3.636938527852547343e-01
8.811935782432556152e-01 9.288779994419643637e-01 3.673685795118828978e-01
8.852970600128173828e-01 9.282377970719537519e-01 3.706269592798056567e-01
8.907142877578735352e-01 9.273881158908876543e-01 3.749476841517856984e-01
8.953664898872375488e-01 9.266546733439469108e-01 3.786754191422662674e-01
9.000664949417114258e-01 9.259103316619616830e-01 3.824575728728991653e-01
9.052171111106872559e-01 9.250901422580751765e-01 3.866220939059217265e-01
9.100935459136962891e-01 9.243092871914390107e-01 3.905841731223739233e-01
9.152920842170715332e-01 9.234726182953650886e-01 3.948264498670561728e-01
9.200783371925354004e-01 9.226987540621717221e-01 3.987470097902442445e-01
9.252275228500366211e-01 9.218637572216387133e-01 4.029753612870929369e-01
9.300767779350280762e-01 9.210743315881039228e-01 4.069664450252757359e-01
9.351765513420104980e-01 9.202362368287158034e-01 4.111823586856617752e-01
9.400491118431091309e-01 9.194223612296481551e-01 4.152471205767463425e-01
9.451768994331359863e-01 9.185644736410190081e-01 4.195334811170561840e-01
9.500008225440979004e-01 9.177565015263917658e-01 4.235638017413996814e-01
9.550684690475463867e-01 9.168869146779805579e-01 4.278673188025209906e-01
9.601115584373474121e-01 9.160321403952206287e-01 4.321402413504464302e-01
9.651461839675903320e-01 9.151721550436580088e-01 4.364227551372111269e-01
9.700415730476379395e-01 9.143250691389838147e-01 4.406340783383665971e-01
9.751355051994323730e-01 9.134557900308560852e-01 4.449989639410451558e-01
9.800607562065124512e-01 9.126129919741334806e-01 4.492272641478466388e-01
9.851202964782714844e-01 9.117328752790179180e-01 4.536120502888655315e-01
9.900107979774475098e-01 9.108786703157825126e-01 4.578792796415441235e-01
9.951155185699462891e-01 9.099927373293066335e-01 4.623333586364233305e-01
1.000000000000000000e+00 9.091424201516543624e-01 4.666091534269957708e-01
