0.000000000000000000e+00 1.000000000000000000e+00 0.000000000000000000e+00
5.750000011175870895e-03 9.999153221694250249e-01 -6.169776021297799461e-09
1.412499975413084030e-02 9.997932154602475752e-01 -2.512541009814918175e-09
1.912499964237213135e-02 9.997210902448683267e-01 2.245279964491990909e-08
2.412500046193599701e-02 9.996495306302630723e-01 1.981106747518337777e-07
2.912499941885471344e-02 9.995750439356243522e-01 -3.965450302949027480e-06
3.412500023841857910e-02 9.994953846553015220e-01 -7.201477678285704342e-06
3.912499919533729553e-02 9.994135375628395712e-01 -9.335170219105388335e-06
4.412499815225601196e-02 9.993291849560208551e-01 -1.103689761034079922e-05
4.912500083446502686e-02 9.992422350626142258e-01 -1.248434215547546562e-05
5.412499979138374329e-02 9.991523676826841172e-01 -1.375624939562782361e-05
5.912499874830245972e-02 9.990594041158281646e-01 -1.489565012946961476e-05
6.412500143051147461e-02 9.989631770905994523e-01 -1.592933540306394071e-05
6.912499666213989258e-02 9.988635529412164260e-01 -1.687549557241182580e-05
7.412499934434890747e-02 9.987604563576834016e-01 -1.774702723773698991e-05
7.912500202655792236e-02 9.986538871886236901e-01 -1.855349493405175705e-05
8.412499725818634033e-02 9.985439355032784681e-01 -1.930218663007493915e-05
8.912499994039535522e-02 9.984307787153456903e-01 -1.999863704282139808e-05
9.412500262260437012e-02 9.983146814316038453e-01 -2.064702381926869490e-05
9.912499785423278809e-02 9.981959695664663901e-01 -2.125026806006355821e-05
1.041250005364418030e-01 9.980750198969765563e-01 -2.181001214517487322e-05
1.053749993443489075e-01 9.980444458552769627e-01 -2.195105725337588573e-05
1.100625023245811462e-01 9.979289616478814740e-01 -2.238977670906081911e-05
1.155312508344650269e-01 9.977928010244218049e-01 -2.286509418534854159e-05
1.202187463641166687e-01 9.976749937874929142e-01 -2.268932109314297909e-05
1.258437484502792358e-01 9.975328027634393635e-01 -2.135378973824637335e-05
1.305312514305114746e-01 9.974137666490342502e-01 -1.762877735826704230e-05
1.352187544107437134e-01 9.972946227542938136e-01 -8.492200591024897589e-06
1.408437490463256836e-01 9.971530741737002490e-01 1.211300462720886123e-05
1.455312520265579224e-01 9.970374903603206329e-01 2.619177694358522989e-05
1.502187550067901611e-01 9.969223113287062343e-01 2.981741868314288966e-05
1.558437496423721313e-01 9.967830291626945671e-01 2.852672090133031096e-05
1.605312526226043701e-01 9.966665940057664042e-01 2.716029328959328933e-05
1.652187556028366089e-01 9.965503071981762773e-01 2.628105677782543027e-05
1.713124960660934448e-01 9.963996929592555674e-01 2.576066920208552449e-05
1.762343794107437134e-01 9.962786250644259933e-01 2.564420657498495910e-05
1.817714869976043701e-01 9.961430973476833595e-01 2.563947604762183393e-05
1.853310614824295044e-01 9.960563574896917904e-01 2.567194224823088821e-05
1.903310567140579224e-01 9.959350146944560001e-01 2.575535031538160889e-05
1.953310519456863403e-01 9.958142389569963893e-01 2.589679899669828901e-05
2.003310620784759521e-01 9.956939987909226852e-01 2.608475763173330337e-05
2.069716751575469971e-01 9.955350352090501787e-01 2.674742468765803639e-05
2.101357430219650269e-01 9.954595692952473707e-01 2.695246348305354060e-05
2.198818325996398926e-01 9.952282515026273924e-01 2.756033033605605933e-05
2.248818427324295044e-01 9.951099980066693274e-01 2.780067069189889100e-05
2.298818379640579224e-01 9.949921386960953740e-01 2.807510928029105887e-05
2.348818331956863403e-01 9.948745291573659610e-01 2.832266960352186193e-05
2.398818433284759521e-01 9.947571279132176869e-01 2.856294491461345157e-05
2.448818385601043701e-01 9.946398774404373588e-01 2.879142938625244783e-05
2.498818337917327881e-01 9.945227395920526181e-01 2.901075733086419398e-05
2.548818290233612061e-01 9.944056695605081320e-01 2.922151710778947705e-05
2.598818242549896240e-01 9.942886140611436607e-01 2.942492387124470273e-05
2.648818492889404297e-01 9.941715379745241776e-01 2.962190303064527930e-05
2.698818445205688477e-01 9.940543983096168379e-01 2.981333269013298784e-05
2.748818397521972656e-01 9.939371538919115068e-01 2.999984260116304554e-05
2.798818349838256836e-01 9.938197659689282926e-01 3.018212460336230969e-05
2.848818302154541016e-01 9.937022006322466794e-01 3.036076409949196544e-05
2.898818254470825195e-01 9.935844136798192006e-01 3.053619275017390193e-05
2.948818504810333252e-01 9.934663808913457572e-01 3.070887473840562255e-05
2.998818457126617432e-01 9.933480604868085706e-01 3.087918554979657678e-05
3.048818409442901611e-01 9.932294355119978269e-01 3.104733805807810218e-05
3.098818361759185791e-01 9.931104660034180132e-01 3.121374027123526923e-05
3.148818314075469971e-01 9.929911301627992737e-01 3.137857254062380129e-05
3.198818266391754150e-01 9.928713958982436916e-01 3.154210391498747223e-05
3.248818218708038330e-01 9.927512541271390489e-01 3.170449700620439393e-05
3.298818469047546387e-01 9.926306618584526120e-01 3.186597355774470970e-05
3.348818421363830566e-01 9.925096118260944289e-01 3.202662818015568070e-05
3.398818373680114746e-01 9.923880804152716006e-01 3.218664713795222731e-05
3.448818325996398926e-01 9.922660464332218044e-01 3.234616347721644907e-05
3.498818278312683105e-01 9.921434898981973394e-01 3.250534867956525004e-05
3.548818230628967285e-01 9.920204108101980944e-01 3.266430326870509518e-05
3.598818480968475342e-01 9.918967649671767139e-01 3.282310411570564095e-05
3.648818433284759521e-01 9.917725687178353677e-01 3.298202913904946698e-05
3.698818385601043701e-01 9.916477778601267001e-01 3.314098372818931890e-05
3.748818337917327881e-01 9.915224069262308371e-01 3.330026058450577910e-05
3.798818290233612061e-01 9.913964298793247476e-01 3.345993657906850405e-05
3.848818242549896240e-01 9.912698412698413009e-01 3.362011814874316253e-05
3.898818492889404297e-01 9.911426235380627059e-01 3.378096790540785965e-05
3.948818445205688477e-01 9.910147748674665857e-01 3.394270167937354167e-05
3.998818397521972656e-01 9.908862795148577485e-01 3.410555304042876633e-05
4.048818349838256836e-01 9.907571338471912181e-01 3.426941555170785807e-05
4.098818302154541016e-01 9.906273275708394888e-01 3.443439565007648566e-05
4.148818254470825195e-01 9.904968491811600995e-01 3.460078308033564994e-05
4.198818504810333252e-01 9.903657017056903822e-01 3.476881436885349022e-05
4.248818457126617432e-01 9.902338730342805651e-01 3.493867282356534531e-05
4.298818409442901611e-01 9.901013546898251860e-01 3.511062453663538039e-05
4.348818361759185791e-01 9.899681381952195602e-01 3.528460446331236022e-05
4.398818314075469971e-01 9.898342265780009086e-01 3.546077817205398503e-05
4.448818266391754150e-01 9.896996028839595283e-01 3.563970445640503629e-05
4.498818218708038330e-01 9.895642780122303472e-01 3.582214315732319834e-05
4.548818469047546387e-01 9.894282301645430655e-01 3.600862645913684222e-05
4.598818421363830566e-01 9.892914678180029231e-01 3.619926966845042892e-05
4.648818373680114746e-01 9.891539824955046800e-01 3.639452218536346921e-05
4.698818325996398926e-01 9.890157657199436514e-01 3.659470332047296269e-05
4.748818278312683105e-01 9.888768150692893721e-01 3.680045169497292890e-05
4.798818230628967285e-01 9.887371305435422864e-01 3.701253306298028984e-05
4.848818480968475342e-01 9.885967024545820880e-01 3.723166882991790500e-05
4.898818433284759521e-01 9.884555332244389092e-01 3.745899432235294204e-05
4.948818385601043701e-01 9.883136167980375308e-01 3.769607948405402241e-05
4.998818337917327881e-01 9.881709507533482650e-01 3.794415425213556136e-05
5.048818588256835938e-01 9.880275241912357398e-01 3.820435099658511785e-05
5.098818540573120117e-01 9.878833431667752851e-01 3.847863879941758488e-05
5.148818492889404297e-01 9.877384088909815230e-01 3.876989441258566914e-05
5.198818445205688477e-01 9.875927080426898375e-01 3.908170416714652919e-05
5.211318135261535645e-01 9.875561511327349828e-01 4.032856474320093836e-05
5.255068540573120117e-01 9.874278247167194156e-01 4.118697215167302697e-05
5.304287075996398926e-01 9.872827535962300782e-01 4.338202258897206015e-05
5.357021689414978027e-01 9.871264236692398608e-01 4.712033957716018327e-05
5.409755706787109375e-01 9.869690813337053115e-01 5.238543427179730220e-05
5.451943278312683105e-01 9.868425787062872212e-01 6.049023497672308201e-05
5.504677891731262207e-01 9.866833374992249883e-01 7.578953509292904759e-05
5.557411909103393555e-01 9.865226781935918510e-01 1.012402157934885196e-04
5.610146522521972656e-01 9.863601781451512007e-01 1.404697696367899541e-04
5.652334094047546387e-01 9.862285250709170725e-01 1.793528714823344305e-04
5.705068111419677734e-01 9.860621061779204499e-01 2.181315469363378969e-04
5.757802724838256836e-01 9.858949340335906308e-01 2.187764360791161027e-04
5.810537338256835938e-01 9.857281324598524685e-01 1.909211277961730957e-04
5.857998132705688477e-01 9.855781627836680547e-01 1.567131588383326526e-04
5.917324423789978027e-01 9.853903246682786943e-01 1.110558945035177515e-04
5.952919721603393555e-01 9.852776336669922808e-01 8.155918783611722125e-05
6.024111509323120117e-01 9.850524405827597585e-01 2.437605271263727948e-05
6.059706807136535645e-01 9.849398537287635813e-01 1.940603685816602150e-07
6.130898594856262207e-01 9.847142283121744777e-01 -3.474688541794579877e-05
6.166493892669677734e-01 9.846008203900049605e-01 -3.973986243917828715e-05
6.202089786529541016e-01 9.844869886125836578e-01 -4.567673341149375526e-05
6.273280978202819824e-01 9.842574746268135666e-01 -4.458407620115885947e-05
6.308876872062683105e-01 9.841418299599299369e-01 -3.962621743243838348e-05
6.380068063735961914e-01 9.839087253146701073e-01 -2.001708757782739396e-05
6.415663957595825195e-01 9.837913779606894948e-01 -1.199585976936514475e-05
6.451259851455688477e-01 9.836733548603360244e-01 6.296484184170526362e-06
6.522451043128967285e-01 9.834349011617993241e-01 6.478989408129738007e-05
6.569170355796813965e-01 9.832763223799447783e-01 1.433964523058088895e-04
6.609215736389160156e-01 9.831375218951512451e-01 2.466321701095217848e-04
6.664277911186218262e-01 9.829384177071707196e-01 4.416613824783809832e-04
6.709328889846801758e-01 9.827727290562220386e-01 4.873256834726484728e-04
6.754379272460937500e-01 9.826100352453807085e-01 3.982052443519470963e-04
6.814447045326232910e-01 9.824009462386842362e-01 2.412422781898861850e-04
6.859498023986816406e-01 9.822493465363033582e-01 1.524814655856480711e-04
6.904549002647399902e-01 9.820975215851314166e-01 1.353590734421260679e-04
6.964616775512695312e-01 9.818885924324156633e-01 2.317597468694051089e-04
7.009667158126831055e-01 9.817227572486514342e-01 4.663865717630537896e-04
7.052841186523437500e-01 9.815580604189918512e-01 7.947430724189395420e-04
7.100355625152587891e-01 9.813811795673673677e-01 6.652239296171400451e-04
7.151037454605102539e-01 9.812088230678013279e-01 3.560722347289796636e-04
7.201719880104064941e-01 9.810451107933408910e-01 2.827782952596271000e-04
7.252402305603027344e-01 9.808696371411519399e-01 5.800828101143003972e-04
7.300875782966613770e-01 9.806859709724546903e-01 1.204599463750445588e-03
7.350487112998962402e-01 9.805063713921441382e-01 7.856141480188520753e-04
7.400099039077758789e-01 9.803533657013423497e-01 6.243987215889824352e-04
7.450838685035705566e-01 9.801726568312872923e-01 1.442687000547136561e-03
7.501577734947204590e-01 9.799866098070901810e-01 1.183082565428718617e-03
7.551048994064331055e-01 9.798424481588696722e-01 1.183673597517467682e-03
7.601352334022521973e-01 9.796562655009919407e-01 1.979603275420173565e-03
7.651120424270629883e-01 9.795196460542225925e-01 1.565321759572104810e-03
7.701290249824523926e-01 9.793451896546379043e-01 2.352633930387950951e-03
7.750054597854614258e-01 9.792259942917596049e-01 2.592867329007103247e-03
7.800809144973754883e-01 9.790869673471602752e-01 2.428378756084139441e-03
7.851098179817199707e-01 9.789528377472407339e-01 3.323231424604143353e-03
7.900529503822326660e-01 9.788618614560082865e-01 4.330395516895112554e-03
7.950032353401184082e-01 9.788029843284971054e-01 5.095308167593819680e-03
8.000178337097167969e-01 9.787702845013331876e-01 5.637983670310368900e-03
8.050324320793151855e-01 9.787900143577938916e-01 5.840275779603019968e-03
8.100469708442687988e-01 9.788847060430617697e-01 7.220608090597485998e-03
8.150615692138671875e-01 9.790105958968874367e-01 8.265014678712875179e-03
8.200460076332092285e-01 9.792748781234499322e-01 1.020348942469036756e-02
8.250365257263183594e-01 9.796834285675533049e-01 1.155970285809229323e-02
8.300083279609680176e-01 9.802771807473803500e-01 1.244200297764369405e-02
8.350428938865661621e-01 9.811896478562127655e-01 1.357305012052021330e-02
8.400302529335021973e-01 9.824291374569847912e-01 1.367110600547185098e-02
8.450299501419067383e-01 9.841920677063956679e-01 1.377433141072591065e-02
8.500152230262756348e-01 9.865621076311384963e-01 1.161369066389780248e-02
8.550075888633728027e-01 9.898379964677113119e-01 7.850685573759532548e-03
8.600043058395385742e-01 9.942469212365528941e-01 9.048565985664488998e-04
8.650147318840026855e-01 1.000037469251288336e+00 -8.134054759192087605e-03
8.700097203254699707e-01 1.007445327516585998e+00 -2.156216303507486887e-02
8.750047087669372559e-01 1.017014223129030226e+00 -4.157026684473431183e-02
8.800007104873657227e-01 1.030417771112351222e+00 -7.294077797541542729e-02
8.850002884864807129e-01 1.049976390051463371e+00 -8.193303062802269332e-02
8.854836821556091309e-01 1.051194889129154264e+00 -4.100771404448009388e-02
