3.074958740234375000e+03 0.000000000000000000e+00
3.067914794921875000e+03 -1.868701365310698748e-04
3.057655273437500000e+03 -4.603319684974849224e-04
3.051530273437500000e+03 -6.243287352845072746e-04
3.045405273437500000e+03 -7.888691616244614124e-04
3.039280273437500000e+03 -9.539425955154001713e-04
3.033155029296875000e+03 -1.119516207836568356e-03
3.027030029296875000e+03 -1.285184873268008232e-03
3.020903320312500000e+03 -1.406543888151645660e-03
3.014779541015625000e+03 -1.389187760651111603e-03
3.008654052734375000e+03 -1.368306344375014305e-03
3.002528808593750000e+03 -1.348185935057699680e-03
2.996403564453125000e+03 -1.329170656390488148e-03
2.990278076171875000e+03 -1.310851308517158031e-03
2.984152832031250000e+03 -1.293578767217695713e-03
2.978027587890625000e+03 -1.277528121136128902e-03
2.971902099609375000e+03 -1.262807869352400303e-03
2.965776855468750000e+03 -1.249485998414456844e-03
2.959651367187500000e+03 -1.237593241967260838e-03
2.953526123046875000e+03 -1.227126806043088436e-03
2.947400878906250000e+03 -1.218056422658264637e-03
2.941275390625000000e+03 -1.210330054163932800e-03
2.935150146484375000e+03 -1.203881110996007919e-03
2.929024902343750000e+03 -1.198634156025946140e-03
2.922899414062500000e+03 -1.194289419800043106e-03
2.916774169921875000e+03 -1.191237941384315491e-03
2.910648925781250000e+03 -1.189136528410017490e-03
2.904523437500000000e+03 -1.187929883599281311e-03
2.898398193359375000e+03 -1.187536865472793579e-03
2.892272949218750000e+03 -1.187897869385778904e-03
2.886147460937500000e+03 -1.188952708616852760e-03
2.880022216796875000e+03 -1.190647599287331104e-03
2.873896972656250000e+03 -1.192933530546724796e-03
2.867771728515625000e+03 -1.195766148157417774e-03
2.861646240234375000e+03 -1.199105172418057919e-03
2.855520996093750000e+03 -1.202914281748235226e-03
2.849395751953125000e+03 -1.207160647027194500e-03
2.843270507812500000e+03 -1.211814931593835354e-03
2.837145019531250000e+03 -1.216850127093493938e-03
2.831019775390625000e+03 -1.222242251969873905e-03
2.824894531250000000e+03 -1.227969536557793617e-03
2.818769042968750000e+03 -1.234012306667864323e-03
2.812643798828125000e+03 -1.240352517925202847e-03
2.806518554687500000e+03 -1.246974221430718899e-03
2.800393310546875000e+03 -1.253862748853862286e-03
2.794267822265625000e+03 -1.261004828847944736e-03
2.788142578125000000e+03 -1.268388470634818077e-03
2.782017333984375000e+03 -1.276002847589552402e-03
2.775892089843750000e+03 -1.283837831579148769e-03
2.769766601562500000e+03 -1.291884458623826504e-03
2.763641357421875000e+03 -1.300134696066379547e-03
2.757516113281250000e+03 -1.308580860495567322e-03
2.751390869140625000e+03 -1.317216432653367519e-03
2.745265380859375000e+03 -1.326035009697079659e-03
2.739140136718750000e+03 -1.335031120106577873e-03
2.733014892578125000e+03 -1.344199525192379951e-03
2.726889648437500000e+03 -1.353535684756934643e-03
2.720764160156250000e+03 -1.363035291433334351e-03
2.714638916015625000e+03 -1.372694387100636959e-03
2.708513671875000000e+03 -1.382509595714509487e-03
2.702388427734375000e+03 -1.392477657645940781e-03
2.696262939453125000e+03 -1.402595546096563339e-03
2.690137695312500000e+03 -1.412860699929296970e-03
2.684012451171875000e+03 -1.423270674422383308e-03
2.677887207031250000e+03 -1.433823374100029469e-03
2.671761962890625000e+03 -1.444516587071120739e-03
2.665636474609375000e+03 -1.455348567105829716e-03
2.659511230468750000e+03 -1.466317684389650822e-03
2.653385986328125000e+03 -1.477422309108078480e-03
2.647260742187500000e+03 -1.488661277107894421e-03
2.641135253906250000e+03 -1.500033191405236721e-03
2.635010009765625000e+03 -1.511537004262208939e-03
2.628884765625000000e+03 -1.523171667940914631e-03
2.622759521484375000e+03 -1.534936251118779182e-03
2.616634033203125000e+03 -1.546829822473227978e-03
2.610508789062500000e+03 -1.558851799927651882e-03
2.604383544921875000e+03 -1.571001252159476280e-03
2.598258300781250000e+03 -1.583277829922735691e-03
2.592133056640625000e+03 -1.595680834725499153e-03
2.586007568359375000e+03 -1.608209684491157532e-03
2.579882324218750000e+03 -1.620864029973745346e-03
2.573757080078125000e+03 -1.633643405511975288e-03
2.567631835937500000e+03 -1.646547461859881878e-03
2.561506347656250000e+03 -1.659575733356177807e-03
2.559975097656250000e+03 -1.662879250943660736e-03
2.553849853515625000e+03 -1.676062471233308315e-03
2.547724609375000000e+03 -1.689369324594736099e-03
2.541599365234375000e+03 -1.702799228951334953e-03
2.535473876953125000e+03 -1.716350670903921127e-03
2.529348632812500000e+03 -1.730017131194472313e-03
2.523223388671875000e+03 -1.743766129948198795e-03
2.517097900390625000e+03 -1.757468795403838158e-03
2.511355468750000000e+03 -1.770044211298227310e-03
2.504464599609375000e+03 -1.785105443559587002e-03
2.498722167968750000e+03 -1.797974109649658203e-03
2.492979736328125000e+03 -1.811182242818176746e-03
2.486088623046875000e+03 -1.827419153414666653e-03
2.479197753906250000e+03 -1.843934995122253895e-03
2.474029541015625000e+03 -1.856470131315290928e-03
2.466277099609375000e+03 -1.875432208180427551e-03
2.461109130859375000e+03 -1.888180267997086048e-03
2.455940917968750000e+03 -1.901009934954345226e-03
2.449480468750000000e+03 -1.917166868224740028e-03
2.441728271484375000e+03 -1.936723012477159500e-03
2.437852050781250000e+03 -1.946553238667547703e-03
2.425912597656250000e+03 -1.977176172658801079e-03
2.419787109375000000e+03 -1.993076177313923836e-03
2.413661865234375000e+03 -2.009095856919884682e-03
2.407536621093750000e+03 -2.025234280154109001e-03
2.401411376953125000e+03 -2.041521016508340836e-03
2.395286132812500000e+03 -2.057905076071619987e-03
2.389160644531250000e+03 -2.074413700029253960e-03
2.383035400390625000e+03 -2.091049682348966599e-03
2.376910156250000000e+03 -2.107815351337194443e-03
2.372316162109375000e+03 -2.120473189279437065e-03
2.367722167968750000e+03 -2.133207162842154503e-03
2.363128173828125000e+03 -2.146017272025346756e-03
2.355088867187500000e+03 -2.168620703741908073e-03
2.351643310546875000e+03 -2.178380731493234634e-03
2.344752197265625000e+03 -2.198034897446632385e-03
2.338722656250000000e+03 -2.215369837358593941e-03
2.333554443359375000e+03 -2.230417681857943535e-03
2.327255859375000000e+03 -2.247991971671581268e-03
2.321441650390625000e+03 -2.263431204482913017e-03
2.314173828125000000e+03 -2.283993642777204514e-03
2.308359619140625000e+03 -2.301705768331885338e-03
2.302545410156250000e+03 -2.320173196494579315e-03
2.296730957031250000e+03 -2.338533755391836166e-03
2.290916748046875000e+03 -2.356721786782145500e-03
2.284375732421875000e+03 -2.374761039391160011e-03
2.278652343750000000e+03 -2.391682472079992294e-03
2.272384033203125000e+03 -2.412432339042425156e-03
2.266251708984375000e+03 -2.432076027616858482e-03
2.260119628906250000e+03 -2.449810504913330078e-03
2.253987304687500000e+03 -2.471548970788717270e-03
2.247855224609375000e+03 -2.489396603778004646e-03
2.241722900390625000e+03 -2.512457082048058510e-03
2.235590820312500000e+03 -2.532366896048188210e-03
2.229611816406250000e+03 -2.550354693084955215e-03
2.223479736328125000e+03 -2.571634948253631592e-03
2.217347412109375000e+03 -2.593932207673788071e-03
2.211215332031250000e+03 -2.617868827655911446e-03
2.205083007812500000e+03 -2.644989639520645142e-03
2.198950927734375000e+03 -2.668427769094705582e-03
2.192856933593750000e+03 -2.694549970328807831e-03
2.186734375000000000e+03 -2.723414218053221703e-03
2.180611816406250000e+03 -2.756346482783555984e-03
2.174489257812500000e+03 -2.790773054584860802e-03
2.168366455078125000e+03 -2.827487653121352196e-03
2.162287109375000000e+03 -2.858113497495651245e-03
2.156164550781250000e+03 -2.896656747907400131e-03
2.149993408203125000e+03 -2.938849618658423424e-03
2.143881591796875000e+03 -2.975907409563660622e-03
2.137769775390625000e+03 -3.008588682860136032e-03
2.131657958984375000e+03 -3.029594663530588150e-03
2.125497558593750000e+03 -3.061494091525673866e-03
2.119385742187500000e+03 -3.074087668210268021e-03
2.113273925781250000e+03 -3.095438471063971519e-03
2.107162109375000000e+03 -3.134881611913442612e-03
2.101025878906250000e+03 -3.136549377813935280e-03
2.094841308593750000e+03 -3.164906054735183716e-03
2.088693115234375000e+03 -3.184490604326128960e-03
2.082581298828125000e+03 -3.197300247848033905e-03
2.076469482421875000e+03 -3.216967452317476273e-03
2.070284912109375000e+03 -3.245556028559803963e-03
2.064224365234375000e+03 -3.270452376455068588e-03
2.058066894531250000e+03 -3.281462239101529121e-03
2.051982910156250000e+03 -3.310318570584058762e-03
2.045844848632812500e+03 -3.337539732456207275e-03
2.039635620117187500e+03 -3.364754607900977135e-03
2.033544067382812500e+03 -3.391578095033764839e-03
2.027511108398437500e+03 -3.418511943891644478e-03
2.021393554687500000e+03 -3.446951508522033691e-03
2.015211425781250000e+03 -3.456650534644722939e-03
2.009140258789062500e+03 -3.473254619166254997e-03
2.003028198242187500e+03 -3.500860882923007011e-03
1.996864501953125000e+03 -3.527360269799828529e-03
1.990646972656250000e+03 -3.553833346813917160e-03
1.984611694335937500e+03 -3.579271025955677032e-03
1.978472412109375000e+03 -3.604694735258817673e-03
1.972342651367187500e+03 -3.629293292760848999e-03
1.966238403320312500e+03 -3.652486251667141914e-03
1.960039306640625000e+03 -3.673985833302140236e-03
1.953962646484375000e+03 -3.692415775731205940e-03
1.947895874023437500e+03 -3.708275267854332924e-03
1.941686279296875000e+03 -3.723675385117530823e-03
1.935617797851562500e+03 -3.710188670083880424e-03
1.929525878906250000e+03 -3.712548874318599701e-03
1.923415893554687500e+03 -3.724600654095411301e-03
