3.074958740234375000e+03 0.000000000000000000e+00
3.067914794921875000e+03 -2.354572934564203024e-04
3.057655517578125000e+03 -5.801100633107125759e-04
3.051530517578125000e+03 -7.868546526879072189e-04
3.045405517578125000e+03 -9.943293407559394836e-04
3.039280517578125000e+03 -1.202530344016849995e-03
3.033155517578125000e+03 -1.411451143212616444e-03
3.027030517578125000e+03 -1.621079398319125175e-03
3.020905517578125000e+03 -1.831384026445448399e-03
3.014780517578125000e+03 -2.042176434770226479e-03
3.008655517578125000e+03 -2.251800615340471268e-03
3.002530273437500000e+03 -2.377646975219249725e-03
2.996405029296875000e+03 -2.363779814913868904e-03
2.990279785156250000e+03 -2.341540530323982239e-03
2.984154296875000000e+03 -2.319514518603682518e-03
2.978029052734375000e+03 -2.298915758728981018e-03
2.971903564453125000e+03 -2.278795931488275528e-03
2.965778320312500000e+03 -2.259661443531513214e-03
2.959653076171875000e+03 -2.241752576082944870e-03
2.953527587890625000e+03 -2.225191798061132431e-03
2.947402343750000000e+03 -2.210056642070412636e-03
2.941276855468750000e+03 -2.196392510086297989e-03
2.935151611328125000e+03 -2.184217562898993492e-03
2.929026367187500000e+03 -2.173529006540775299e-03
2.922900878906250000e+03 -2.164304954931139946e-03
2.916775634765625000e+03 -2.156508620828390121e-03
2.910650390625000000e+03 -2.149637090042233467e-03
2.904524902343750000e+03 -2.144599333405494690e-03
2.898399658203125000e+03 -2.140800002962350845e-03
2.892274414062500000e+03 -2.138211159035563469e-03
2.886148925781250000e+03 -2.136741997674107552e-03
2.880023681640625000e+03 -2.136340830475091934e-03
2.873898437500000000e+03 -2.136940835043787956e-03
2.867772949218750000e+03 -2.138483338057994843e-03
2.861647705078125000e+03 -2.140909666195511818e-03
2.855522460937500000e+03 -2.144166035577654839e-03
2.849397216796875000e+03 -2.148200757801532745e-03
2.843271728515625000e+03 -2.152966335415840149e-03
2.837146484375000000e+03 -2.158418064936995506e-03
2.831021240234375000e+03 -2.164514968171715736e-03
2.824895996093750000e+03 -2.171218395233154297e-03
2.818770507812500000e+03 -2.178493188694119453e-03
2.812645263671875000e+03 -2.186306752264499664e-03
2.806520019531250000e+03 -2.194629050791263580e-03
2.800394775390625000e+03 -2.203432610258460045e-03
2.794269287109375000e+03 -2.212691586464643478e-03
2.788144042968750000e+03 -2.222382929176092148e-03
2.782018798828125000e+03 -2.232484985142946243e-03
2.775893554687500000e+03 -2.242977963760495186e-03
2.769768066406250000e+03 -2.253843704238533974e-03
2.763642822265625000e+03 -2.265065209940075874e-03
2.757517578125000000e+03 -2.276627579703927040e-03
2.751392333984375000e+03 -2.288516610860824585e-03
2.745266845703125000e+03 -2.300718799233436584e-03
2.739141601562500000e+03 -2.313222968950867653e-03
2.733016357421875000e+03 -2.326017478480935097e-03
2.726891113281250000e+03 -2.339092548936605453e-03
2.720765869140625000e+03 -2.352438867092132568e-03
2.714640380859375000e+03 -2.366048051044344902e-03
2.708515136718750000e+03 -2.379911951720714569e-03
2.702389892578125000e+03 -2.394023817032575607e-03
2.696264648437500000e+03 -2.408376662060618401e-03
2.690139404296875000e+03 -2.422964433208107948e-03
2.684013916015625000e+03 -2.437782008200883865e-03
2.677888671875000000e+03 -2.452823799103498459e-03
2.671763427734375000e+03 -2.468085149303078651e-03
2.665638183593750000e+03 -2.483562100678682327e-03
2.659512695312500000e+03 -2.499250462278723717e-03
2.653387451171875000e+03 -2.515146741643548012e-03
2.647262207031250000e+03 -2.531247446313500404e-03
2.641136962890625000e+03 -2.547549782320857048e-03
2.635011718750000000e+03 -2.564050955697894096e-03
2.628886474609375000e+03 -2.580748405307531357e-03
2.622760986328125000e+03 -2.597639802843332291e-03
2.616635742187500000e+03 -2.614723285660147667e-03
2.610510498046875000e+03 -2.631996525451540947e-03
2.604385253906250000e+03 -2.649458358064293861e-03
2.598260009765625000e+03 -2.667106688022613525e-03
2.592134521484375000e+03 -2.684940584003925323e-03
2.586009277343750000e+03 -2.702958416193723679e-03
2.579884033203125000e+03 -2.721159253269433975e-03
2.573758789062500000e+03 -2.739541931077837944e-03
2.567633544921875000e+03 -2.758105751127004623e-03
2.561508056640625000e+03 -2.776849549263715744e-03
2.560359619140625000e+03 -2.780430018901824951e-03
2.553755859375000000e+03 -2.800874877721071243e-03
2.547726318359375000e+03 -2.819723449647426605e-03
2.541696777343750000e+03 -2.838743152096867561e-03
2.535666992187500000e+03 -2.857927698642015457e-03
2.529637451171875000e+03 -2.877243096008896828e-03
2.523607910156250000e+03 -2.896548248827457428e-03
2.516824707031250000e+03 -2.918302314355969429e-03
2.511010498046875000e+03 -2.937177894636988640e-03
2.504401123046875000e+03 -2.959043253213167191e-03
2.498882324218750000e+03 -2.977535827085375786e-03
2.491983642578125000e+03 -3.000947413966059685e-03
2.485774658203125000e+03 -3.022371092811226845e-03
2.480342041015625000e+03 -3.041255753487348557e-03
2.474133056640625000e+03 -3.063090145587921143e-03
2.468409423828125000e+03 -3.083303337916731834e-03
2.462297363281250000e+03 -3.104174509644508362e-03
2.456185546875000000e+03 -3.126118564978241920e-03
2.450073730468750000e+03 -3.148828633129596710e-03
2.443852783203125000e+03 -3.171257907524704933e-03
2.437631591796875000e+03 -3.194969380274415016e-03
2.431635986328125000e+03 -3.216871991753578186e-03
2.425558349609375000e+03 -3.240403952077031136e-03
2.419480468750000000e+03 -3.263988299295306206e-03
2.413402832031250000e+03 -3.288739826530218124e-03
2.407294921875000000e+03 -3.315700218081474304e-03
2.401125000000000000e+03 -3.341859905049204826e-03
2.395028320312500000e+03 -3.371722996234893799e-03
2.388885742187500000e+03 -3.401592373847961426e-03
2.382777587890625000e+03 -3.434858983382582664e-03
2.376654785156250000e+03 -3.473434597253799438e-03
2.370527587890625000e+03 -3.508087946102023125e-03
2.364388183593750000e+03 -3.550176275894045830e-03
2.358289306640625000e+03 -3.579573240131139755e-03
2.352151123046875000e+03 -3.600825322791934013e-03
2.346048339843750000e+03 -3.629133338108658791e-03
2.339909912109375000e+03 -3.641579998657107353e-03
2.333780761718750000e+03 -3.687086049467325211e-03
2.327673583984375000e+03 -3.714851103723049164e-03
2.321518554687500000e+03 -3.725808812305331230e-03
2.315404296875000000e+03 -3.761277068406343460e-03
2.309260986328125000e+03 -3.787241643294692039e-03
2.303113281250000000e+03 -3.818807657808065414e-03
2.296942871093750000e+03 -3.852859372273087502e-03
2.290806396484375000e+03 -3.895262954756617546e-03
2.284750488281250000e+03 -3.910693805664777756e-03
2.278560546875000000e+03 -3.944869153201580048e-03
2.271990966796875000e+03 -3.980838228017091751e-03
2.264009033203125000e+03 -4.024588037282228470e-03
2.259269775390625000e+03 -4.050630144774913788e-03
2.253376953125000000e+03 -4.083183594048023224e-03
2.247023681640625000e+03 -4.118421114981174469e-03
2.241754638671875000e+03 -4.147757776081562042e-03
2.234874755859375000e+03 -4.186259582638740540e-03
2.229120361328125000e+03 -4.218646325170993805e-03
2.222950195312500000e+03 -4.253542982041835785e-03
2.216860839843750000e+03 -4.288143943995237350e-03
2.210862304687500000e+03 -4.322567954659461975e-03
2.204944091796875000e+03 -4.356892313808202744e-03
2.198801269531250000e+03 -4.393322858959436417e-03
2.192814941406250000e+03 -4.431025590747594833e-03
2.186710693359375000e+03 -4.469147417694330215e-03
2.180594482421875000e+03 -4.489698912948369980e-03
2.174323242187500000e+03 -4.525067284703254700e-03
2.168217773437500000e+03 -4.560441710054874420e-03
2.162000488281250000e+03 -4.596641752868890762e-03
2.156142089843750000e+03 -4.630895331501960754e-03
2.149923583984375000e+03 -4.667391069233417511e-03
2.143468017578125000e+03 -4.705414175987243652e-03
2.137543212890625000e+03 -4.740484524518251419e-03
2.131576660156250000e+03 -4.775919020175933838e-03
2.125531250000000000e+03 -4.811960738152265549e-03
2.119413574218750000e+03 -4.848577082157135010e-03
2.113192382812500000e+03 -4.885965492576360703e-03
2.107090820312500000e+03 -4.922779276967048645e-03
2.100827392578125000e+03 -4.960726015269756317e-03
2.094572265625000000e+03 -4.998773336410522461e-03
2.088724365234375000e+03 -5.034494213759899139e-03
2.082646484375000000e+03 -5.071763414889574051e-03
2.076411865234375000e+03 -5.110151134431362152e-03
2.070303710937500000e+03 -5.147919990122318268e-03
2.064189453125000000e+03 -5.185888148844242096e-03
2.057380371093750000e+03 -5.228301975876092911e-03
2.051967773437500000e+03 -5.262256134301424026e-03
2.045781860351562500e+03 -5.301184020936489105e-03
2.039728027343750000e+03 -5.339455790817737579e-03
2.033465209960937500e+03 -5.379237234592437744e-03
2.027454711914062500e+03 -5.417631939053535461e-03
2.021224731445312500e+03 -5.457680672407150269e-03
2.015245727539062500e+03 -5.496440920978784561e-03
2.009117431640625000e+03 -5.536663345992565155e-03
2.002936035156250000e+03 -5.578426644206047058e-03
1.996880737304687500e+03 -5.621675867587327957e-03
1.990748413085937500e+03 -5.660401657223701477e-03
1.984615966796875000e+03 -5.691511090844869614e-03
1.978487182617187500e+03 -5.729799158871173859e-03
1.972349975585937500e+03 -5.769916344434022903e-03
1.966174438476562500e+03 -5.810657050460577011e-03
1.960148803710937500e+03 -5.850592162460088730e-03
1.954002075195312500e+03 -5.891488865017890930e-03
1.947886962890625000e+03 -5.932329222559928894e-03
1.941712036132812500e+03 -5.973720457404851913e-03
1.935501586914062500e+03 -6.015495397150516510e-03
1.929487182617187500e+03 -6.056078709661960602e-03
1.923298950195312500e+03 -6.097955163568258286e-03
1.917204956054687500e+03 -6.139274220913648605e-03
1.911072998046875000e+03 -6.180919241160154343e-03
1.905007446289062500e+03 -6.222062278538942337e-03
1.898886352539062500e+03 -6.263385526835918427e-03
1.892764892578125000e+03 -6.304182112216949463e-03
1.886634521484375000e+03 -6.343725137412548065e-03
1.880521484375000000e+03 -6.380289793014526367e-03
1.874385864257812500e+03 -6.411483976989984512e-03
1.868268188476562500e+03 -6.434866692870855331e-03
1.862103759765625000e+03 -6.433216389268636703e-03
1.859109741210937500e+03 -6.426791194826364517e-03
