0.000000000000000000e+00 1.000000000000000000e+00 0.000000000000000000e+00
4.999999888241291046e-03 9.998175764083863104e-01 -2.650499520329328137e-09
9.999999776482582092e-03 9.996339370423005244e-01 -5.011767114854041937e-09
1.499999966472387314e-02 9.994495695178248207e-01 -6.334109358027765468e-09
1.999999955296516418e-02 9.992643869223714059e-01 -3.852284037236108398e-09
2.500000037252902985e-02 9.990787191150568569e-01 8.531574511063136620e-08
2.999999932944774628e-02 9.989137407511222699e-01 8.686232388395221457e-07
3.500000014901161194e-02 9.987397209936832443e-01 1.330476277703497531e-06
3.999999910593032837e-02 9.985518479547581538e-01 1.687190824133508361e-06
4.500000178813934326e-02 9.983051623817251752e-01 2.766535284795931438e-07
5.000000074505805969e-02 9.980802122484735417e-01 6.044249269453918793e-08
5.499999970197677612e-02 9.978423802992877345e-01 1.750473214798614680e-06
5.999999865889549255e-02 9.976033879127822468e-01 1.258681579140805360e-06
6.499999761581420898e-02 9.973808997017996614e-01 1.686043106019496918e-06
7.000000029802322388e-02 9.972059820479705072e-01 2.799195847904481787e-06
7.500000298023223877e-02 9.969762209082851934e-01 3.322027232341405755e-06
7.999999821186065674e-02 9.967332541842420790e-01 3.539638578140435025e-06
8.500000089406967163e-02 9.964875479305492778e-01 3.721056302555468883e-06
9.000000357627868652e-02 9.962397993712865940e-01 3.899098569605531007e-06
9.499999880790710449e-02 9.959907474036977515e-01 4.075353714723546979e-06
1.000000014901161194e-01 9.957402554680319096e-01 4.249698474627583142e-06
1.049999967217445374e-01 9.954884126807460598e-01 4.423235566550944015e-06
1.099999994039535522e-01 9.952352543037479293e-01 4.595981425597887926e-06
1.150000020861625671e-01 9.949808085465632335e-01 4.768248710061322033e-06
1.199999973177909851e-01 9.947250491230427150e-01 4.940305468665451830e-06
1.250000000000000000e-01 9.944679683396795422e-01 5.112375923189795914e-06
1.299999952316284180e-01 9.942095421542640477e-01 5.284665903749586115e-06
1.350000053644180298e-01 9.939497138271813359e-01 5.457357761739682563e-06
1.400000005960464478e-01 9.936884698947938688e-01 5.630546977289584653e-06
1.449999958276748657e-01 9.934257430389147325e-01 5.804437032642485013e-06
1.500000059604644775e-01 9.931614960742598530e-01 5.979069015559028197e-06
1.550000011920928955e-01 9.928956809164095620e-01 6.154579885241363836e-06
1.599999964237213135e-01 9.926282494809447465e-01 6.331045556218684117e-06
1.650000065565109253e-01 9.923591581713251397e-01 6.508535290716075228e-06
1.700000017881393433e-01 9.920883537741268521e-01 6.687137916558930573e-06
1.749999970197677612e-01 9.918157907694327147e-01 6.866818215666698527e-06
1.800000071525573730e-01 9.915414441533449974e-01 7.047695929513258172e-06
1.850000023841857910e-01 9.912652408375459689e-01 7.229704535057564822e-06
1.899999976158142090e-01 9.909871788986590602e-01 7.413020905326394753e-06
1.949999928474426270e-01 9.907071890951204551e-01 7.597542516574138583e-06
2.000000029802322388e-01 9.904252425762786194e-01 7.783394588642760943e-06
2.049999982118606567e-01 9.901413169027376560e-01 7.970591208764485192e-06
2.099999934434890747e-01 9.898553793770925591e-01 8.159065071274251881e-06
2.150000035762786865e-01 9.895673947374360457e-01 8.348814610924039955e-06
2.199999988079071045e-01 9.892773366976184146e-01 8.539825740481624361e-06
2.249999940395355225e-01 9.889851776892397694e-01 8.732114112427254594e-06
2.300000041723251343e-01 9.886908997607832816e-01 8.925677378888891451e-06
2.349999994039535522e-01 9.883944689325925292e-01 9.120523366106658833e-06
2.399999946355819702e-01 9.880958928981747880e-01 9.316508071262296272e-06
2.450000047683715820e-01 9.877951357544970667e-01 9.513620537619630986e-06
2.500000000000000000e-01 9.874921808322938421e-01 9.711770763417251664e-06
2.549999952316284180e-01 9.871870127445510068e-01 9.910948574542998590e-06
2.599999904632568359e-01 9.868796058462446785e-01 1.011129406069507197e-05
2.649999856948852539e-01 9.865699845001477675e-01 1.031271330699199348e-05
2.700000107288360596e-01 9.862581076742220620e-01 1.051495117800576390e-05
2.750000059604644775e-01 9.859439561346998726e-01 1.071799671700020876e-05
2.800000011920928955e-01 9.856275478330980278e-01 1.092168400768472373e-05
2.849999964237213135e-01 9.853088648178998099e-01 1.112612261742102987e-05
2.899999916553497314e-01 9.849878981133468603e-01 1.133108010687747983e-05
2.949999868869781494e-01 9.846646374614298480e-01 1.153677639340152204e-05
3.000000119209289551e-01 9.843391008136652687e-01 1.174313634508798161e-05
3.050000071525573730e-01 9.840112625250295730e-01 1.195016857080099043e-05
3.100000023841857910e-01 9.836810918214942134e-01 1.215762184823260618e-05
3.149999976158142090e-01 9.833486528156184514e-01 1.236533104371623757e-05
3.199999928474426270e-01 9.830138813948430254e-01 1.257319363350627778e-05
3.249999880790710449e-01 9.826767967929359582e-01 1.278109613712094379e-05
3.300000131130218506e-01 9.823374131146598298e-01 1.298874663580365609e-05
3.350000083446502686e-01 9.819956906102284000e-01 1.319612399870608050e-05
3.400000035762786865e-01 9.816516613359210774e-01 1.340288387126281450e-05
3.449999988079071045e-01 9.813053419610031636e-01 1.360869989926073748e-05
3.499999940395355225e-01 9.809566491391479293e-01 1.381332164301591681e-05
3.549999892711639404e-01 9.806056380071559442e-01 1.401635309477814171e-05
3.600000143051147461e-01 9.802523303632977303e-01 1.421736381134065181e-05
3.650000095367431641e-01 9.798966710707720518e-01 1.441575586795806817e-05
3.700000047683715820e-01 9.795386909036075673e-01 1.461045706973356371e-05
3.750000000000000000e-01 9.791784039665671902e-01 1.480082253448101606e-05
3.799999952316284180e-01 9.788157410180868823e-01 1.498576754531940433e-05
3.849999904632568359e-01 9.784508020737592293e-01 1.516334023796209761e-05
3.899999856948852539e-01 9.780834909647453390e-01 1.528382363940487411e-05
3.950000107288360596e-01 9.777138589810924207e-01 1.543175209971035252e-05
4.000000059604644775e-01 9.773419009937960311e-01 1.556338632808012201e-05
4.050000011920928955e-01 9.769676452123817745e-01 1.563089860587560723e-05
4.099999964237213135e-01 9.765909993147650070e-01 1.559804718033606290e-05
4.149999916553497314e-01 9.762120710100447019e-01 1.537191266773127874e-05
4.199999868869781494e-01 9.758308269596900342e-01 1.473931611335578006e-05
4.250000119209289551e-01 9.754472953732273854e-01 1.361106185852980421e-05
4.300000071525573730e-01 9.750614967666754174e-01 1.179936631512241230e-05
4.350000023841857910e-01 9.746735106396073878e-01 7.434962552134730403e-06
4.399999976158142090e-01 9.742834216206013309e-01 -2.334801824528630213e-06
4.449999928474426270e-01 9.738914553858653012e-01 -2.109550190072099655e-05
4.499999880790710449e-01 9.734977016929817761e-01 -6.046215651415977143e-05
4.550000131130218506e-01 9.731022374770221806e-01 -1.231328529470107093e-04
4.600000083446502686e-01 9.727045472730108111e-01 -1.993166298425498063e-04
4.650000035762786865e-01 9.723039309718026768e-01 -2.597899997935575840e-04
4.699999988079071045e-01 9.719001680261948328e-01 -2.877344854739533487e-04
4.749999940395355225e-01 9.714933635807838641e-01 -2.954696156397587084e-04
4.799999892711639404e-01 9.710836868927257282e-01 -2.976694527794333301e-04
4.850000143051147461e-01 9.706714610893184547e-01 -3.068539525280479714e-04
4.900000095367431641e-01 9.702565682034531847e-01 -3.801897042939643098e-04
4.950000047683715820e-01 9.698382286264115582e-01 -1.214530087318740903e-03
5.000000000000000000e-01 9.686133633140755483e-01 -2.869090553091353801e-02
5.049999952316284180e-01 9.668639495593158717e-01 -4.703225207929851576e-02
5.099999904632568359e-01 9.658082644678964712e-01 -5.369039583606879940e-02
5.149999856948852539e-01 9.648036899085805640e-01 -5.918547045282956942e-02
5.199999809265136719e-01 9.638042058864562112e-01 -6.420222050001640757e-02
5.249999761581420898e-01 9.628078633797269026e-01 -6.886140839392397572e-02
5.299999713897705078e-01 9.618134314272583918e-01 -7.323987944787289928e-02
5.350000262260437012e-01 9.608197277934611424e-01 -7.739309743672859176e-02
5.400000214576721191e-01 9.598259061925551450e-01 -8.136122887875853193e-02
5.450000166893005371e-01 9.588311998383337587e-01 -8.517320777187828429e-02
5.500000119209289551e-01 9.578354189576220312e-01 -8.885060158096441674e-02
5.550000071525573730e-01 9.568382096490939404e-01 -9.240837417730764225e-02
5.600000023841857910e-01 9.558400437811844785e-01 -9.585747598599986263e-02
5.649999976158142090e-01 9.548406366941307732e-01 -9.921237721162683154e-02
5.699999928474426270e-01 9.538419117647058965e-01 -1.024833422748982342e-01
5.749999880790710449e-01 9.528545168067227289e-01 -1.056468354553735528e-01
5.799999833106994629e-01 9.518821241875656813e-01 -1.087031260258009419e-01
5.849999785423278809e-01 9.509159017610950837e-01 -1.116917201450892821e-01
5.899999737739562988e-01 9.499470994452469119e-01 -1.146458088850774715e-01
5.950000286102294922e-01 9.489717986804097061e-01 -1.175776762120863961e-01
6.000000238418579102e-01 9.479893891150210639e-01 -1.204880145417542014e-01
6.050000190734863281e-01 9.470009221950498324e-01 -1.233733874409138620e-01
6.100000143051147461e-01 9.460073057543330055e-01 -1.262324998358718420e-01
6.150000095367431641e-01 9.450093655626312650e-01 -1.290650311638327219e-01
6.200000047683715820e-01 9.440075734883797143e-01 -1.318726739963563543e-01
6.250000000000000000e-01 9.430020936597294234e-01 -1.346565695369944804e-01
6.299999952316284180e-01 9.419930183987658134e-01 -1.374199875262605008e-01
6.349999904632568359e-01 9.409803015444457852e-01 -1.401640691677061568e-01
6.399999856948852539e-01 9.399638764197085772e-01 -1.428903916302849131e-01
6.449999809265136719e-01 9.389437789275867363e-01 -1.456008782907694254e-01
6.499999761581420898e-01 9.379197167148110026e-01 -1.482972730107668113e-01
6.549999713897705078e-01 9.368917051683954833e-01 -1.509807169938287841e-01
6.600000262260437012e-01 9.358594519350708074e-01 -1.536515564477744233e-01
6.650000214576721191e-01 9.348225159204306411e-01 -1.563108556410845451e-01
6.700000166893005371e-01 9.337800303226758691e-01 -1.589589351365546244e-01
6.750000119209289551e-01 9.327303897633271168e-01 -1.615965386398700021e-01
6.800000071525573730e-01 9.316717375426734060e-01 -1.642247175969997475e-01
6.850000023841857910e-01 9.306031504398634135e-01 -1.668457159475118246e-01
6.899999976158142090e-01 9.295290342699580322e-01 -1.694615981158088258e-01
6.949999928474426270e-01 9.284551950663078035e-01 -1.720700432272518343e-01
6.999999880790710449e-01 9.273840280741202369e-01 -1.746697177406118795e-01
7.049999833106994629e-01 9.263147588136817490e-01 -1.772650710674894825e-01
7.099999785423278809e-01 9.252426480846244194e-01 -1.798666048450630328e-01
7.149999737739562988e-01 9.241659058642988089e-01 -1.824743447183560796e-01
7.200000286102294922e-01 9.230845424107142483e-01 -1.850838412757681295e-01
7.250000238418579102e-01 9.219990244633009535e-01 -1.876913503438484843e-01
7.300000190734863281e-01 9.209095417952337659e-01 -1.902958076541163279e-01
7.350000143051147461e-01 9.198159713103992718e-01 -1.928977517520680252e-01
7.400000095367431641e-01 9.187187643612132470e-01 -1.954971441701680579e-01
7.450000047683715820e-01 9.176174490792410321e-01 -1.980953953847163773e-01
7.500000000000000000e-01 9.165116254021139497e-01 -2.006936081317292619e-01
7.549999952316284180e-01 9.154011753627232517e-01 -2.032928595021993301e-01
7.599999904632568359e-01 9.142856886406907080e-01 -2.058932648987329417e-01
7.649999856948852539e-01 9.131650883009454489e-01 -2.084959655248818378e-01
7.699999809265136719e-01 9.120394769235818933e-01 -2.111008459780396584e-01
7.749999761581420898e-01 9.109080902868960106e-01 -2.137081498859309259e-01
7.799999713897705078e-01 9.097726312204569288e-01 -2.163159025817358305e-01
7.850000262260437012e-01 9.086308942522322019e-01 -2.189266942128413884e-01
7.900000214576721191e-01 9.074839154411764586e-01 -2.215383321297269004e-01
7.950000166893005371e-01 9.063303612460609227e-01 -2.241509958475577657e-01
8.000000119209289551e-01 9.051703342469800129e-01 -2.267628902146796299e-01
8.050000071525573730e-01 9.040037934118959617e-01 -2.293757078026523177e-01
8.100000023841857910e-01 9.028312824153099658e-01 -2.319918335986738411e-01
8.149999976158142090e-01 9.016530679654675140e-01 -2.346131140444459029e-01
8.199999928474426270e-01 9.004698886390493096e-01 -2.372415238067883403e-01
8.249999880790710449e-01 8.992810468914127497e-01 -2.398767038553702713e-01
8.299999833106994629e-01 8.980871787191440081e-01 -2.425177309693408723e-01
8.349999785423278809e-01 8.968880994780725757e-01 -2.451649898240546299e-01
8.399999737739562988e-01 8.956836552980567134e-01 -2.478174546185661631e-01
8.450000286102294922e-01 8.944737743730304391e-01 -2.504754330931591166e-01
8.500000238418579102e-01 8.932583130908613445e-01 -2.531384636374081065e-01
8.550000190734863281e-01 8.920373227415966388e-01 -2.558071873769038884e-01
8.600000143051147461e-01 8.908108033252363223e-01 -2.584814247964811185e-01
8.650000095367431641e-01 8.895784881335346839e-01 -2.611606117056197718e-01
8.700000047683715820e-01 8.883404489725578168e-01 -2.638463893858324361e-01
8.750000000000000000e-01 8.870967371323528194e-01 -2.665373730058429591e-01
8.799999952316284180e-01 8.858473731289390196e-01 -2.692339215959821397e-01
8.849999904632568359e-01 8.845920799960609315e-01 -2.719365480567226823e-01
8.899999856948852539e-01 8.833308987657563227e-01 -2.746450472278755273e-01
8.949999809265136719e-01 8.820639422761292758e-01 -2.773591883042279549e-01
8.999999761581420898e-01 8.807908720128676539e-01 -2.800796893464417292e-01
9.049999713897705078e-01 8.795118521041228599e-01 -2.828064990644695298e-01
9.100000262260437012e-01 8.782269235819327724e-01 -2.855394122981223526e-01
9.150000214576721191e-01 8.769359633501838669e-01 -2.882787111426601823e-01
9.200000166893005371e-01 8.756389303768383758e-01 -2.910241647928702990e-01
9.250000119209289551e-01 8.743357938878675295e-01 -2.937761322790835017e-01
9.300000071525573730e-01 8.730265025932247847e-01 -2.965346136012999012e-01
9.350000023841857910e-01 8.717106666885504618e-01 -2.992984034434086338e-01
9.399999976158142090e-01 8.703883169478728865e-01 -3.020685276063550528e-01
9.449999928474426270e-01 8.690593918231355186e-01 -3.048443962545955843e-01
9.499999880790710449e-01 8.677237989922531591e-01 -3.076274711544774165e-01
9.549999833106994629e-01 8.663816000032825704e-01 -3.104153160287552726e-01
9.599999785423278809e-01 8.650323435038078657e-01 -3.132092900636817001e-01
9.649999737739562988e-01 8.636751780790440369e-01 -3.160071621422006483e-01
9.700000286102294922e-01 8.623102063090861691e-01 -3.188099837102809642e-01
9.750000238418579102e-01 8.609378282563024953e-01 -3.216160365513393016e-01
9.800000190734863281e-01 8.595563513491333296e-01 -3.244212431066176294e-01
9.850000143051147461e-01 8.581668629365808432e-01 -3.272275780429359515e-01
9.900000095367431641e-01 8.567698861771271268e-01 -3.300287839745272844e-01
9.950000047683715820e-01 8.553655646829044779e-01 -3.328304515165441124e-01
1.000000000000000000e+00 8.539549960609242873e-01 -3.356338372751444532e-01
