0.000000000000000000e+00 1.000000000000000000e+00 0.000000000000000000e+00
5.750000011175870895e-03 9.997972051263672721e-01 -8.028846414350191618e-09
1.412499975413084030e-02 9.995000962996225535e-01 -1.833125498865518388e-08
1.912499964237213135e-02 9.993219801541289860e-01 -2.191103682429123926e-08
2.412500046193599701e-02 9.991432393566285208e-01 -1.899584708575717679e-08
2.912499941885471344e-02 9.989638587286610028e-01 2.170780885245844465e-08
3.412500023841857910e-02 9.987997520215131653e-01 1.015225297659197679e-06
3.912499919533729553e-02 9.986677365018150621e-01 2.188537813482275297e-06
4.412499815225601196e-02 9.985283785305341109e-01 2.949192789798268479e-06
4.912500083446502686e-02 9.983799899827021651e-01 3.541579851324247569e-06
5.037499964237213135e-02 9.983415293530082391e-01 3.669673876141824538e-06
5.552392452955245972e-02 9.981645359932267425e-01 3.844540179447142289e-06
6.130822747945785522e-02 9.977627846683274626e-01 3.192611640715108855e-06
6.631387025117874146e-02 9.975284393340435596e-01 3.652244643923934857e-06
7.023821771144866943e-02 9.973561629725949951e-01 3.608225285642060457e-06
7.534603029489517212e-02 9.970865735344508485e-01 5.190683041683724058e-06
8.176049590110778809e-02 9.967316768545361194e-01 5.172260459530715526e-06
8.657134324312210083e-02 9.964623001950494441e-01 5.107970468619661427e-06
9.138218313455581665e-02 9.961903907409727088e-01 5.181578702195734601e-06
9.999032318592071533e-02 9.956988970749993673e-01 5.523499053967688119e-06
1.049903184175491333e-01 9.954107342457561014e-01 5.775597402561423517e-06
1.099903210997581482e-01 9.951212372065290079e-01 6.068165411298819437e-06
1.149903237819671631e-01 9.948311233146883703e-01 6.397240626444195211e-06
1.199903190135955811e-01 9.945414842984818815e-01 6.758899817445719183e-06
1.249903216958045959e-01 9.942545443393807636e-01 7.166075232884792649e-06
1.299903243780136108e-01 9.939728493088022532e-01 7.625375523156213329e-06
1.349903196096420288e-01 9.937033209581216386e-01 8.115925288865895440e-06
1.399903148412704468e-01 9.934661648532669975e-01 8.850700489220725983e-06
1.412403136491775513e-01 9.934162950655854862e-01 9.125549196613174212e-06
1.450586766004562378e-01 9.933224819082472345e-01 -8.721181887487473047e-06
1.501075774431228638e-01 9.924347783162474901e-01 8.006445173243467316e-06
1.557858586311340332e-01 9.913856356898204103e-01 5.630855188576411240e-07
1.605373173952102661e-01 9.910627538847291973e-01 -1.198585387127771363e-08
1.680208593606948853e-01 9.905497036297804536e-01 -7.682102280837665305e-07
1.712280809879302979e-01 9.903283503099939988e-01 -1.247159395107851734e-06
1.776425540447235107e-01 9.898829012729745136e-01 -2.407569649841829997e-06
1.808497756719589233e-01 9.896587891163017847e-01 -3.097123483763268712e-06
1.872642338275909424e-01 9.892076893954973027e-01 -4.698636865901899932e-06
1.904714703559875488e-01 9.889807264905250417e-01 -5.593256574273692973e-06
1.968859285116195679e-01 9.885238849217697910e-01 -7.423055043533429795e-06
2.000931650400161743e-01 9.882940107414700526e-01 -8.227083791890177141e-06
2.065076231956481934e-01 9.878312943147514735e-01 -9.007698123824000672e-06
2.129220813512802124e-01 9.873645360276001037e-01 -7.270537973559451384e-06
2.161293178796768188e-01 9.871296134448075410e-01 -4.840909843638641582e-06
2.225437760353088379e-01 9.866565506325178925e-01 4.180265548588830610e-06
2.257510125637054443e-01 9.864183909745921630e-01 1.076694731176424943e-05
2.317645698785781860e-01 9.859689531316953026e-01 2.547350404720231731e-05
2.367645651102066040e-01 9.855928292120355039e-01 3.605692060874094769e-05
2.405145615339279175e-01 9.853090291859236682e-01 4.383995691195758222e-05
2.480145692825317383e-01 9.847379125880915129e-01 5.276888667311187270e-05
2.517645657062530518e-01 9.844507544327903981e-01 5.431016806757531918e-05
2.555145621299743652e-01 9.841625531203131994e-01 5.431356497772993726e-05
2.630145549774169922e-01 9.835831659898002233e-01 5.144523374597659418e-05
2.667645514011383057e-01 9.832919547653572456e-01 4.927918723584622602e-05
2.705145776271820068e-01 9.829997242956507453e-01 4.699084831148123029e-05
2.780145704746246338e-01 9.824121039948197076e-01 4.257184401315059809e-05
2.817645668983459473e-01 9.821167022077389452e-01 4.062320340158423172e-05
2.855145633220672607e-01 9.818202184066249227e-01 3.886426070177823901e-05
2.930145561695098877e-01 9.812240675310663907e-01 3.595879332442475173e-05
2.967645525932312012e-01 9.809244288520178046e-01 3.479818843604301569e-05
3.005145788192749023e-01 9.806236932139904550e-01 3.378397906445382997e-05
3.055145740509033203e-01 9.802211645651283112e-01 3.267746203443095706e-05
3.105145692825317383e-01 9.798167334247406268e-01 3.175054705107947713e-05
3.155145645141601562e-01 9.794105522312683831e-01 3.098110859004103934e-05
3.205145597457885742e-01 9.790025776443705974e-01 3.037278984657814295e-05
3.255145549774169922e-01 9.785929083006855711e-01 2.985642666506136816e-05
3.305145502090454102e-01 9.781812856526613809e-01 2.946044946861080426e-05
3.355145752429962158e-01 9.777682820916993034e-01 2.909906347164561353e-05
3.405145704746246338e-01 9.773536555096871137e-01 2.878261812169918368e-05
3.455145657062530518e-01 9.769374029176358665e-01 2.850738447980479155e-05
3.505145609378814697e-01 9.765196423806126180e-01 2.826991090578383605e-05
3.555145561695098877e-01 9.761002976793967667e-01 2.806644291999174160e-05
3.605145514011383057e-01 9.756794809010773672e-01 2.789110981519028447e-05
3.655145764350891113e-01 9.752571711227313589e-01 2.774209820325180791e-05
3.705145716667175293e-01 9.748336717267461760e-01 2.775818700596587911e-05
3.755145668983459473e-01 9.744083146740709633e-01 2.761511360162852702e-05
3.805145621299743652e-01 9.739820400017599189e-01 2.775698294543846304e-05
3.855145573616027832e-01 9.735542230111027262e-01 2.787113518077409408e-05
3.905145525932312012e-01 9.731251058102120544e-01 2.805493137161598616e-05
3.955145776271820068e-01 9.726946764431317893e-01 2.832763831073693719e-05
4.005145728588104248e-01 9.722630365354891779e-01 2.872024413771073542e-05
4.055145680904388428e-01 9.718301442414375435e-01 2.929090132734334359e-05
4.105145633220672607e-01 9.713960862416595177e-01 3.005929444492388519e-05
4.155145585536956787e-01 9.709608296572753705e-01 3.110954536163375149e-05
4.205145537853240967e-01 9.705245149707699692e-01 3.247880299341200102e-05
4.255145788192749023e-01 9.700870584904505156e-01 3.430759579848122502e-05
4.305145740509033203e-01 9.696485439080099189e-01 3.673950252173346242e-05
4.355145692825317383e-01 9.692090638821084791e-01 3.992372450585697090e-05
4.405145645141601562e-01 9.687685825448777432e-01 4.401055769401946495e-05
4.455145597457885742e-01 9.683272074999234036e-01 4.923395469536627440e-05
4.505145549774169922e-01 9.678849447252234617e-01 5.567956434874763143e-05
4.555145502090454102e-01 9.674418270996572033e-01 6.333714484234397697e-05
4.605145752429962158e-01 9.669978606012028521e-01 7.184237300123687948e-05
4.655145704746246338e-01 9.665530512078385206e-01 8.043065944451192341e-05
4.705145657062530518e-01 9.661073451177614180e-01 8.773339600334205152e-05
4.755145609378814697e-01 9.656607632538948272e-01 9.209449593630873276e-05
4.805145561695098877e-01 9.652133594180414278e-01 9.207922261095187249e-05
4.880145788192749023e-01 9.645394798824298288e-01 8.516281434534579058e-05
4.917645752429962158e-01 9.642017390655606146e-01 8.157095584533123676e-05
4.955145716667175293e-01 9.638633287151460172e-01 8.078670379113730244e-05
5.030145645141601562e-01 9.631836505407918025e-01 9.327662796745337965e-05
5.067645907402038574e-01 9.628420419721015477e-01 1.064416652328237212e-04
5.105145573616027832e-01 9.624993932352243764e-01 1.221200146591044455e-04
5.180145502090454102e-01 9.618106554350820403e-01 1.551486135813445050e-04
5.217645764350891113e-01 9.614648712486992821e-01 1.699131394460082049e-04
5.255145430564880371e-01 9.611182919912308886e-01 1.826404678716482164e-04
5.330145359039306641e-01 9.604229754262059160e-01 2.011911292267592902e-04
5.367645621299743652e-01 9.600743636561887007e-01 2.068817090100803151e-04
5.405145883560180664e-01 9.597251451213960616e-01 2.111052322574507179e-04
5.480145812034606934e-01 9.590248698235491753e-01 2.149857077145553102e-04
5.517645478248596191e-01 9.586737831706046986e-01 2.145681249289741442e-04
5.555145740509033203e-01 9.583221764335669857e-01 2.137329885471579293e-04
5.630145668983459473e-01 9.576170410395368204e-01 2.089712575413688077e-04
5.667645931243896484e-01 9.572635960742378325e-01 2.059561148446407194e-04
5.727020502090454102e-01 9.567022489870913304e-01 1.994719205243580481e-04
5.769208073616027832e-01 9.563029469519006565e-01 1.943571735666034007e-04
5.819208025932312012e-01 9.558283582607047801e-01 1.871065253959229829e-04
5.850458145141601562e-01 9.555311152563739086e-01 1.827961346545018664e-04
5.906708240509033203e-01 9.549948637212292146e-01 1.729101409641232371e-04
5.962958335876464844e-01 9.544570429668370881e-01 1.620530323230321107e-04
6.000458002090454102e-01 9.540976499133432265e-01 1.542657088346042408e-04
6.066083312034606934e-01 9.534668387208465878e-01 1.393533973105390343e-04
6.107282042503356934e-01 9.530700414584736269e-01 1.295383337312300482e-04
6.161301136016845703e-01 9.525476588324865990e-01 1.142228005798743309e-04
6.204757094383239746e-01 9.521271588870057201e-01 1.018302301702023074e-04
6.251738071441650391e-01 9.516710272031480011e-01 8.625556859867346856e-05
6.306114196777343750e-01 9.511415696400969955e-01 6.608250500756542381e-05
6.362159848213195801e-01 9.505942827574068721e-01 4.269958388910470825e-05
6.407203078269958496e-01 9.501531886774225999e-01 2.075606422548079150e-05
6.452571153640747070e-01 9.497079040348005430e-01 -3.359796357113981223e-06
6.500251293182373047e-01 9.492386566670237835e-01 -3.321638128316133619e-05
6.552211642265319824e-01 9.487259314646333541e-01 -6.890434125961915834e-05
6.602555513381958008e-01 9.482275294977350333e-01 -1.100658071496460951e-04
6.650115251541137695e-01 9.477561599477380971e-01 -1.567937397232952465e-04
6.706964969635009766e-01 9.471909301638252732e-01 -2.190147277540604792e-04
6.750625371932983398e-01 9.467557811830467074e-01 -2.756285153686942107e-04
6.801539659500122070e-01 9.462473840367898736e-01 -3.518909945660777085e-04
6.859636306762695312e-01 9.456659240423757051e-01 -4.658876798762397317e-04
6.901612877845764160e-01 9.452449548256151024e-01 -5.506848027960677561e-04
6.953948140144348145e-01 9.447189525338975935e-01 -6.841684415221330629e-04
7.004256844520568848e-01 9.442118824987757453e-01 -8.426633801212740898e-04
7.053910493850708008e-01 9.437091584537219413e-01 -1.060968047841639094e-03
7.101569771766662598e-01 9.432242667172960893e-01 -1.354560445735083270e-03
7.157172560691833496e-01 9.426544996480166194e-01 -1.922921382481857996e-03
7.204832434654235840e-01 9.421610354910168184e-01 -2.846065160693431271e-03
7.251498699188232422e-01 9.416676370917758110e-01 -4.762985330370567670e-03
7.302882075309753418e-01 9.410613385984175627e-01 -1.102391933250614076e-02
7.355373501777648926e-01 9.397950175226494895e-01 -3.359856451410037775e-02
7.402152419090270996e-01 9.379607705948519447e-01 -5.525749273795222544e-02
7.454411983489990234e-01 9.363931893134793683e-01 -6.732638785934821901e-02
7.500459551811218262e-01 9.351132922494796995e-01 -7.549699863654275866e-02
7.550009489059448242e-01 9.337754028200752066e-01 -8.311395150090290784e-02
7.600945234298706055e-01 9.324284149080253048e-01 -9.008934028468566779e-02
7.654135227203369141e-01 9.310419484287004721e-01 -9.669365355130157824e-02
7.700871825218200684e-01 9.298293454640058631e-01 -1.020319282016137613e-01
7.751623392105102539e-01 9.284815744368266621e-01 -1.073500122309431620e-01
7.800248265266418457e-01 9.270453173780301981e-01 -1.117343510283078795e-01
7.850973606109619141e-01 9.251192367508875858e-01 -1.149271965960914493e-01
7.901108264923095703e-01 9.231721674426879298e-01 -1.170261693164253852e-01
7.950282096862792969e-01 9.216407947745774987e-01 -1.194171139589135927e-01
8.002529144287109375e-01 9.200713244521303569e-01 -1.231028886546584183e-01
8.051030635833740234e-01 9.186566000703966228e-01 -1.269633174526352826e-01
8.100301027297973633e-01 9.172685195369888467e-01 -1.309484319285244280e-01
8.152163624763488770e-01 9.158352395112787647e-01 -1.350559006708726140e-01
8.201433420181274414e-01 9.144803128443316220e-01 -1.388173640416488219e-01
8.250703811645507812e-01 9.131223493645169720e-01 -1.424349075900235573e-01
8.300351500511169434e-01 9.117485263088423997e-01 -1.459507208963332636e-01
8.351466059684753418e-01 9.103290315005969635e-01 -1.494572832815560803e-01
8.402234315872192383e-01 9.089155027144804055e-01 -1.528470359749938834e-01
8.450039625167846680e-01 9.075824494693469635e-01 -1.559655080229248314e-01
8.500845432281494141e-01 9.061656985530422981e-01 -1.592100556286728807e-01
8.550511002540588379e-01 9.047815754411269173e-01 -1.623168706193376665e-01
8.601434230804443359e-01 9.033634436118849198e-01 -1.654402446092984869e-01
8.650162816047668457e-01 9.020052589468811055e-01 -1.683719646218474475e-01
8.701497912406921387e-01 9.005726903005631945e-01 -1.714086429846275184e-01
8.750616312026977539e-01 8.991980542398689824e-01 -1.742666246374953987e-01
8.800154924392700195e-01 8.978057950997795356e-01 -1.771107074913151891e-01
8.850069046020507812e-01 8.963969769603942206e-01 -1.799368265209889128e-01
8.901272416114807129e-01 8.949443880654689432e-01 -1.828020415273399202e-01
8.950309157371520996e-01 8.935457085769160646e-01 -1.855159090735186145e-01
9.000536799430847168e-01 8.921064505731207683e-01 -1.882631486823579947e-01
9.050557613372802734e-01 8.906641677124141898e-01 -1.909718303325477484e-01
9.100881814956665039e-01 8.892041780806195783e-01 -1.936722623729799087e-01
9.150184392929077148e-01 8.877662113200905925e-01 -1.962910800676037626e-01
9.200784564018249512e-01 8.862792012273505993e-01 -1.989587976229646171e-01
9.250150322914123535e-01 8.848200246005755165e-01 -2.015437351267905242e-01
9.300197958946228027e-01 8.833296429281954909e-01 -2.041406285867868597e-01
9.350203275680541992e-01 8.818278911414972887e-01 -2.067253120265441224e-01
9.400214552879333496e-01 8.803155105097637545e-01 -2.092889230935510436e-01
9.450170993804931641e-01 8.787926564604248147e-01 -2.118373949310571880e-01
9.500004649162292480e-01 8.772646613499326396e-01 -2.143917700219224454e-01
9.521144032478332520e-01 8.766144964533850725e-01 -2.154741128441402531e-01
