1.566976806640625000e+03 0.000000000000000000e+00
1.563387329101562500e+03 -2.582688466645777225e-04
1.558159301757812500e+03 -6.368856993503868580e-04
1.555038085937500000e+03 -8.643213659524917603e-04
1.551916748046875000e+03 -1.092801452614367008e-03
1.548795532226562500e+03 -1.322325086221098900e-03
1.545674316406250000e+03 -1.552886795252561569e-03
1.542553100585937500e+03 -1.784468651749193668e-03
1.539431884765625000e+03 -2.016964834183454514e-03
1.536310668945312500e+03 -2.249795012176036835e-03
1.533189331054687500e+03 -2.460257383063435555e-03
1.530067993164062500e+03 -2.494679298251867294e-03
1.526946533203125000e+03 -2.492816885933279991e-03
1.523825073242187500e+03 -2.488978672772645950e-03
1.520703735351562500e+03 -2.484627533704042435e-03
1.517582275390625000e+03 -2.479771384969353676e-03
1.514460815429687500e+03 -2.475176006555557251e-03
1.511339477539062500e+03 -2.470673294737935066e-03
1.510559082031250000e+03 -2.469604136422276497e-03
1.507471069335937500e+03 -2.331189345568418503e-03
1.504461791992187500e+03 -2.282368950545787811e-03
1.499774414062500000e+03 -2.228535478934645653e-03
1.496652954101562500e+03 -2.202605130150914192e-03
1.493531494140625000e+03 -2.182261087000370026e-03
1.490410034179687500e+03 -2.166214399039745331e-03
1.487288696289062500e+03 -2.153581706807017326e-03
1.484167236328125000e+03 -2.143705962225794792e-03
1.481045776367187500e+03 -2.136084483936429024e-03
1.477924438476562500e+03 -2.130324719473719597e-03
1.474802978515625000e+03 -2.126115607097744942e-03
1.471681518554687500e+03 -2.123203128576278687e-03
1.468560180664062500e+03 -2.121376106515526772e-03
1.465438720703125000e+03 -2.120435237884521484e-03
1.462317260742187500e+03 -2.120252698659896851e-03
1.459195922851562500e+03 -2.120661083608865738e-03
1.456074462890625000e+03 -2.121376572176814079e-03
1.452953002929687500e+03 -2.122662961483001709e-03
1.449831665039062500e+03 -2.123837359249591827e-03
1.446710205078125000e+03 -2.125132130458950996e-03
1.443588745117187500e+03 -2.125999191775918007e-03
1.440467407226562500e+03 -2.126093255355954170e-03
1.437345947265625000e+03 -2.125187776982784271e-03
1.434224487304687500e+03 -2.120946999639272690e-03
1.431103149414062500e+03 -2.109581138938665390e-03
1.429542358398437500e+03 -2.085182582959532738e-03
1.426467651367187500e+03 -1.895856112241744995e-03
1.423376831054687500e+03 -1.892323722131550312e-03
1.420212890625000000e+03 -1.889463746920228004e-03
1.417048828125000000e+03 -1.886946731247007847e-03
1.413884887695312500e+03 -1.883285352960228920e-03
1.410720825195312500e+03 -1.878709765151143074e-03
1.407556884765625000e+03 -1.876043970696628094e-03
1.404392822265625000e+03 -1.874745939858257771e-03
1.401228881835937500e+03 -1.874238019809126854e-03
1.398064819335937500e+03 -1.874279580079019070e-03
1.395296264648437500e+03 -1.874672598205506802e-03
1.392132324218750000e+03 -1.875473535619676113e-03
1.388869384765625000e+03 -1.876652124337852001e-03
1.385309936523437500e+03 -1.878316397778689861e-03
1.382640258789062500e+03 -1.879810472019016743e-03
1.379080810546875000e+03 -1.882113283500075340e-03
1.376411132812500000e+03 -1.884045195765793324e-03
1.372851684570312500e+03 -1.886944286525249481e-03
1.370182006835937500e+03 -1.889331615529954433e-03
1.366622558593750000e+03 -1.892768195830285549e-03
1.363507934570312500e+03 -1.896009896881878376e-03
1.358502441406250000e+03 -1.901660230942070484e-03
1.355380981445312500e+03 -1.905469456687569618e-03
1.352259643554687500e+03 -1.909491489641368389e-03
1.349138183593750000e+03 -1.913713756948709488e-03
1.348260253906250000e+03 -1.914979307912290096e-03
1.344693847656250000e+03 -1.920087262988090515e-03
1.339350219726562500e+03 -1.928176265209913254e-03
1.336228881835937500e+03 -1.933152205310761929e-03
1.333107421875000000e+03 -1.938306842930614948e-03
1.329985961914062500e+03 -1.943631563335657120e-03
1.329205688476562500e+03 -1.945023541338741779e-03
1.325986694335937500e+03 -1.950719859451055527e-03
1.322694580078125000e+03 -1.956705469638109207e-03
1.319731689453125000e+03 -1.962228678166866302e-03
1.316610229492187500e+03 -1.968216150999069214e-03
1.314074096679687500e+03 -1.973267178982496262e-03
1.310562500000000000e+03 -1.980312867090106010e-03
1.307636230468750000e+03 -1.986358081921935081e-03
1.304709838867187500e+03 -1.992488978430628777e-03
1.301198242187500000e+03 -1.999986357986927032e-03
1.298271972656250000e+03 -2.006336348131299019e-03
1.295345581054687500e+03 -2.012765500694513321e-03
1.291833984375000000e+03 -2.020590472966432571e-03
1.288907714843750000e+03 -2.027184935286641121e-03
1.285396118164062500e+03 -2.035534707829356194e-03
1.282762451171875000e+03 -2.041882369667291641e-03
1.279250854492187500e+03 -2.050519455224275589e-03
1.276617187500000000e+03 -2.057110890746116638e-03
1.272666625976562500e+03 -2.067150548100471497e-03
1.268716064453125000e+03 -2.077394630759954453e-03
1.266740722656250000e+03 -2.082601422443985939e-03
1.263777832031250000e+03 -2.090534195303916931e-03
1.260814941406250000e+03 -2.098480006679892540e-03
1.257852050781250000e+03 -2.106590894982218742e-03
1.254730712890625000e+03 -2.115243813022971153e-03
1.251609252929687500e+03 -2.124012447893619537e-03
1.248487915039062500e+03 -2.132894471287727356e-03
1.245366455078125000e+03 -2.141936449334025383e-03
1.241269653320312500e+03 -2.153901383280754089e-03
1.238635864257812500e+03 -2.161683514714241028e-03
1.236002197265625000e+03 -2.169538289308547974e-03
1.232051635742187500e+03 -2.181462710723280907e-03
1.229417968750000000e+03 -2.189390826970338821e-03
1.226455078125000000e+03 -2.198352944105863571e-03
1.223121826171875000e+03 -2.208140911534428596e-03
1.220066284179687500e+03 -2.217392902821302414e-03
1.216733032226562500e+03 -2.227572258561849594e-03
1.214233154296875000e+03 -2.235403517261147499e-03
1.210899902343750000e+03 -2.246065298095345497e-03
1.207566650390625000e+03 -2.256929408758878708e-03
1.203816650390625000e+03 -2.269358607009053230e-03
1.201316772460937500e+03 -2.277747495099902153e-03
1.198191772460937500e+03 -2.288327086716890335e-03
1.195379394531250000e+03 -2.297946484759449959e-03
1.192257934570312500e+03 -2.308737486600875854e-03
1.189136474609375000e+03 -2.319649327546358109e-03
1.186015136718750000e+03 -2.330670831725001335e-03
1.182893676757812500e+03 -2.341797342523932457e-03
1.179772338867187500e+03 -2.353027462959289551e-03
1.176650878906250000e+03 -2.364395186305046082e-03
1.173529541015625000e+03 -2.375824376940727234e-03
1.169432617187500000e+03 -2.390958601608872414e-03
1.165921020507812500e+03 -2.404051134362816811e-03
1.164165283203125000e+03 -2.410638378933072090e-03
1.160653686523437500e+03 -2.423901809379458427e-03
1.158020019531250000e+03 -2.433855785056948662e-03
1.154727905273437500e+03 -2.446418860927224159e-03
1.151435791015625000e+03 -2.459097886458039284e-03
1.148308227539062500e+03 -2.471405547112226486e-03
1.145345336914062500e+03 -2.483147196471691132e-03
1.142382446289062500e+03 -2.494984772056341171e-03
1.138678833007812500e+03 -2.509901300072669983e-03
1.136086303710937500e+03 -2.520447829738259315e-03
1.132753051757812500e+03 -2.534115687012672424e-03
1.128864257812500000e+03 -2.550233388319611549e-03
1.125531005859375000e+03 -2.564169233664870262e-03
1.121364379882812500e+03 -2.581611741334199905e-03
1.120584106445312500e+03 -2.585067413747310638e-03
1.115024047851562500e+03 -2.608990063890814781e-03
1.112390380859375000e+03 -2.620469778776168823e-03
1.109756591796875000e+03 -2.632006769999861717e-03
1.107781372070312500e+03 -2.640650607645511627e-03
1.104818481445312500e+03 -2.653808100149035454e-03
1.101855590820312500e+03 -2.667048247531056404e-03
1.097411132812500000e+03 -2.687213476747274399e-03
1.095466918945312500e+03 -2.696043346077203751e-03
1.091300292968750000e+03 -2.715076087042689323e-03
1.088800292968750000e+03 -2.726464299485087395e-03
1.085753540039062500e+03 -2.740199677646160126e-03
1.082589599609375000e+03 -2.754639601334929466e-03
1.079425537109375000e+03 -2.769141690805554390e-03
1.076261596679687500e+03 -2.783752512186765671e-03
1.073624877929687500e+03 -2.796100918203592300e-03
1.070460937500000000e+03 -2.811001380905508995e-03
1.067296875000000000e+03 -2.826005918905138969e-03
1.064132934570312500e+03 -2.841153647750616074e-03
1.060968872070312500e+03 -2.856416394934058189e-03
1.057409423828125000e+03 -2.873726189136505127e-03
1.054702758789062500e+03 -2.886950504034757614e-03
1.051824584960937500e+03 -2.901208121329545975e-03
1.048727416992187500e+03 -2.916933037340641022e-03
1.045348632812500000e+03 -2.934176241979002953e-03
1.041969970703125000e+03 -2.951485803350806236e-03
1.039435913085937500e+03 -2.964495215564966202e-03
1.036057128906250000e+03 -2.982041565701365471e-03
1.032256103515625000e+03 -3.001869888976216316e-03
1.029722045898437500e+03 -3.015153110027313232e-03
1.025920898437500000e+03 -3.035263391211628914e-03
1.021169616699218750e+03 -3.060742979869246483e-03
1.018318786621093750e+03 -3.076028078794479370e-03
1.015467956542968750e+03 -3.091622143983840942e-03
1.012617187500000000e+03 -3.107273019850254059e-03
1.011191772460937500e+03 -3.115031635388731956e-03
1.007271911621093750e+03 -3.136633429676294327e-03
1.004064758300781250e+03 -3.154478268697857857e-03
1.001926635742187500e+03 -3.166477661579847336e-03
9.987194824218750000e+02 -3.184648463502526283e-03
9.945769042968750000e+02 -3.208467969670891762e-03
9.918333129882812500e+02 -3.224109066650271416e-03
9.887890014648437500e+02 -3.241573227569460869e-03
9.857446899414062500e+02 -3.258907468989491463e-03
9.832712402343750000e+02 -3.272762522101402283e-03
9.798463745117187500e+02 -3.291978267952799797e-03
9.769923706054687500e+02 -3.308089217171072960e-03
9.735675659179687500e+02 -3.327636281028389931e-03
9.701427001953125000e+02 -3.347460180521011353e-03
9.675740966796875000e+02 -3.362517803907394409e-03
9.641492309570312500e+02 -3.382893744856119156e-03
9.613398437500000000e+02 -3.399814479053020477e-03
9.577277221679687500e+02 -3.421934554353356361e-03
9.549169921875000000e+02 -3.439291147515177727e-03
9.517169189453125000e+02 -3.459200495854020119e-03
9.485167846679687500e+02 -3.479212056845426559e-03
9.458023681640625000e+02 -3.496258053928613663e-03
9.426959838867187500e+02 -3.515710355713963509e-03
