3.074958740234375000e+03 0.000000000000000000e+00
3.067914794921875000e+03 -1.386851217830553651e-04
3.057655273437500000e+03 -3.415457613300532103e-04
3.051530029296875000e+03 -4.631472693290561438e-04
3.045405029296875000e+03 -5.850952584296464920e-04
3.039279785156250000e+03 -7.068593404255807400e-04
3.036217285156250000e+03 -7.454039296135306358e-04
3.031623291015625000e+03 -7.333571556955575943e-04
3.025497802734375000e+03 -7.139639346860349178e-04
3.019372558593750000e+03 -6.958895828574895859e-04
3.013629882812500000e+03 -6.770164472982287407e-04
3.006858642578125000e+03 -6.523644551634788513e-04
2.999590820312500000e+03 -6.372302887029945850e-04
2.993465332031250000e+03 -6.286734133027493954e-04
2.987340087890625000e+03 -6.218560156412422657e-04
2.981214843750000000e+03 -6.150968838483095169e-04
2.976525146484375000e+03 -6.089112139306962490e-04
2.970226318359375000e+03 -5.964185693301260471e-04
2.964321044921875000e+03 -5.904964054934680462e-04
2.956962402343750000e+03 -5.797481280751526356e-04
2.949603759765625000e+03 -5.743451765738427639e-04
2.945924316406250000e+03 -5.723473732359707355e-04
2.936726074218750000e+03 -5.685713258571922779e-04
2.930600585937500000e+03 -5.669713136740028858e-04
2.924475341796875000e+03 -5.660113529302179813e-04
2.918350097656250000e+03 -5.656094872392714024e-04
2.912224853515625000e+03 -5.657026194967329502e-04
2.906099365234375000e+03 -5.662419716827571392e-04
2.899974121093750000e+03 -5.671848775818943977e-04
2.893848876953125000e+03 -5.684943171218037605e-04
2.887723388671875000e+03 -5.701382178813219070e-04
2.881598144531250000e+03 -5.720884655602276325e-04
2.875472900390625000e+03 -5.743206129409372807e-04
2.869347656250000000e+03 -5.768130067735910416e-04
2.863222167968750000e+03 -5.795468459837138653e-04
2.857096923828125000e+03 -5.825053667649626732e-04
2.850971679687500000e+03 -5.856739007867872715e-04
2.844846191406250000e+03 -5.890392931178212166e-04
2.838720947265625000e+03 -5.925899604335427284e-04
2.832595703125000000e+03 -5.963155999779701233e-04
2.826470458984375000e+03 -6.002068403176963329e-04
2.820344970703125000e+03 -6.042555323801934719e-04
2.814219726562500000e+03 -6.084542837925255299e-04
2.808094482421875000e+03 -6.127963424660265446e-04
2.801968994140625000e+03 -6.172758294269442558e-04
2.795843750000000000e+03 -6.218873313628137112e-04
2.789718505859375000e+03 -6.266259588301181793e-04
2.783593261718750000e+03 -6.314874044619500637e-04
2.777467773437500000e+03 -6.364675937220454216e-04
2.771342529296875000e+03 -6.415630923584103584e-04
2.765217285156250000e+03 -6.467705243267118931e-04
2.759092041015625000e+03 -6.520869792439043522e-04
2.752966552734375000e+03 -6.575097213499248028e-04
2.746841308593750000e+03 -6.630364223383367062e-04
2.740716064453125000e+03 -6.686648121103644371e-04
2.734590820312500000e+03 -6.743927951902151108e-04
2.728465332031250000e+03 -6.802186253480613232e-04
2.722340087890625000e+03 -6.861405563540756702e-04
2.716214843750000000e+03 -6.921570748090744019e-04
2.710089355468750000e+03 -6.982667837291955948e-04
2.703964111328125000e+03 -7.044682861305773258e-04
2.697838867187500000e+03 -7.107605342753231525e-04
2.691713623046875000e+03 -7.171423058025538921e-04
2.685588134765625000e+03 -7.236126693896949291e-04
2.679462890625000000e+03 -7.301706355065107346e-04
2.673337646484375000e+03 -7.368316873908042908e-04
2.668743652343750000e+03 -7.418552413582801819e-04
2.664149658203125000e+03 -7.469441625289618969e-04
2.658024414062500000e+03 -7.537940400652587414e-04
2.651133300781250000e+03 -7.616254733875393867e-04
2.642519775390625000e+03 -7.715539541095495224e-04
2.638643554687500000e+03 -7.760705775581300259e-04
2.630891113281250000e+03 -7.852012640796601772e-04
2.627014892578125000e+03 -7.898145704530179501e-04
2.619262695312500000e+03 -7.991330348886549473e-04
2.615386474609375000e+03 -8.038355153985321522e-04
2.607634033203125000e+03 -8.133143419399857521e-04
2.599881835937500000e+03 -8.228644146583974361e-04
2.596005615234375000e+03 -8.276577573269605637e-04
2.588253173828125000e+03 -8.372909505851566792e-04
2.584377197265625000e+03 -8.421399979852139950e-04
2.576624755859375000e+03 -8.519331458956003189e-04
2.568872314453125000e+03 -8.618793217465281487e-04
2.564996337890625000e+03 -8.669165545143187046e-04
2.557243896484375000e+03 -8.771258872002363205e-04
2.553367675781250000e+03 -8.822974632494151592e-04
2.545615478515625000e+03 -8.927679155021905899e-04
2.541739257812500000e+03 -8.980627171695232391e-04
2.533986816406250000e+03 -9.087631478905677795e-04
2.526234619140625000e+03 -9.196007158607244492e-04
2.522358398437500000e+03 -9.250686853192746639e-04
2.514605957031250000e+03 -9.360973490402102470e-04
2.510729980468750000e+03 -9.416586253792047501e-04
2.504915527343750000e+03 -9.500592132098972797e-04
2.499101318359375000e+03 -9.585252846591174603e-04
2.487472900390625000e+03 -9.756573126651346684e-04
2.481658691406250000e+03 -9.843236766755580902e-04
2.475533203125000000e+03 -9.935169946402311325e-04
2.469407958984375000e+03 -1.002792618237435818e-03
2.463282714843750000e+03 -1.012141234241425991e-03
2.457157470703125000e+03 -1.021562260575592518e-03
2.451032226562500000e+03 -1.031029853038489819e-03
2.444906738281250000e+03 -1.040596864186227322e-03
2.438781494140625000e+03 -1.050262013450264931e-03
2.432656250000000000e+03 -1.059971167705953121e-03
2.426531005859375000e+03 -1.069720136001706123e-03
2.424999511718750000e+03 -1.072167884558439255e-03
2.419257080078125000e+03 -1.081450027413666248e-03
2.408920654296875000e+03 -1.098237815313041210e-03
2.403752441406250000e+03 -1.106745679862797260e-03
2.398584228515625000e+03 -1.115239108912646770e-03
2.393416015625000000e+03 -1.123856287449598312e-03
2.388893798828125000e+03 -1.131407567299902439e-03
2.381625976562500000e+03 -1.143620000220835209e-03
2.375357421875000000e+03 -1.154232071712613106e-03
2.370212158203125000e+03 -1.162957167252898216e-03
2.363700195312500000e+03 -1.174156786873936653e-03
2.357944580078125000e+03 -1.184086664579808712e-03
2.350398193359375000e+03 -1.197195262648165226e-03
2.345447509765625000e+03 -1.205843873322010040e-03
2.339654541015625000e+03 -1.216020551510155201e-03
2.333274902343750000e+03 -1.227283850312232971e-03
2.326895507812500000e+03 -1.238592201843857765e-03
2.320516113281250000e+03 -1.249938155524432659e-03
2.315332763671875000e+03 -1.259186421521008015e-03
2.309052978515625000e+03 -1.270418171770870686e-03
2.302324707031250000e+03 -1.282467972487211227e-03
2.296942138671875000e+03 -1.292123575694859028e-03
2.290213623046875000e+03 -1.304244156926870346e-03
2.283485351562500000e+03 -1.316484180279076099e-03
2.278102783203125000e+03 -1.326382625848054886e-03
2.271374511718750000e+03 -1.338860136456787586e-03
2.265991699218750000e+03 -1.348938676528632641e-03
2.259263427734375000e+03 -1.361566479317843914e-03
2.253502441406250000e+03 -1.372530125081539154e-03
2.247483154296875000e+03 -1.384006347507238388e-03
2.241055664062500000e+03 -1.396335544995963573e-03
2.235420898437500000e+03 -1.407206291332840919e-03
2.229223144531250000e+03 -1.419219886884093285e-03
2.223492431640625000e+03 -1.430407050065696239e-03
2.217229248046875000e+03 -1.442649634554982185e-03
2.211197265625000000e+03 -1.454586279578506947e-03
2.204670654296875000e+03 -1.467536785639822483e-03
2.198971435546875000e+03 -1.478905556723475456e-03
2.192779785156250000e+03 -1.491278992034494877e-03
2.186728271484375000e+03 -1.503524836152791977e-03
2.180431396484375000e+03 -1.516309333965182304e-03
2.174275390625000000e+03 -1.528874039649963379e-03
2.167670654296875000e+03 -1.542441197670996189e-03
2.161813232421875000e+03 -1.554518821649253368e-03
2.155882568359375000e+03 -1.566752209328114986e-03
2.149725341796875000e+03 -1.579362316988408566e-03
2.143800048828125000e+03 -1.591365784406661987e-03
2.137609619140625000e+03 -1.603859825991094112e-03
2.131085449218750000e+03 -1.617120811715722084e-03
2.124991699218750000e+03 -1.629711594432592392e-03
2.118898193359375000e+03 -1.642401912249624729e-03
2.113120117187500000e+03 -1.654176507145166397e-03
2.106934326171875000e+03 -1.665094052441418171e-03
2.100757568359375000e+03 -1.666465308517217636e-03
2.094580810546875000e+03 -1.655580126680433750e-03
2.088404052734375000e+03 -1.650363672524690628e-03
2.082340087890625000e+03 -1.647798693738877773e-03
2.076463134765625000e+03 -1.645891810767352581e-03
2.070216552734375000e+03 -1.644259784370660782e-03
2.063948730468750000e+03 -1.642936840653419495e-03
2.058098388671875000e+03 -1.641945564188063145e-03
2.051830322265625000e+03 -1.641161390580236912e-03
2.045823608398437500e+03 -1.640853122808039188e-03
2.039712280273437500e+03 -1.640666974708437920e-03
2.033600952148437500e+03 -1.639754977077245712e-03
2.027489501953125000e+03 -1.639221911318600178e-03
2.021378173828125000e+03 -1.639231108129024506e-03
2.015266845703125000e+03 -1.639513764530420303e-03
2.009155517578125000e+03 -1.639957190491259098e-03
2.002691650390625000e+03 -1.640586648136377335e-03
1.996834350585937500e+03 -1.641309121623635292e-03
1.990724487304687500e+03 -1.642167917452752590e-03
1.984109008789062500e+03 -1.643360243178904057e-03
1.978358520507812500e+03 -1.644455711357295513e-03
1.972062011718750000e+03 -1.645916840061545372e-03
1.966144042968750000e+03 -1.647405675612390041e-03
1.959889770507812500e+03 -1.649141777306795120e-03
1.953920166015625000e+03 -1.650946796871721745e-03
1.947819213867187500e+03 -1.652904786169528961e-03
1.941549438476562500e+03 -1.654985593631863594e-03
1.935520385742187500e+03 -1.657197833992540836e-03
1.929307739257812500e+03 -1.659428933635354042e-03
1.923319824218750000e+03 -1.661714049987494946e-03
1.917176513671875000e+03 -1.664104289375245571e-03
1.911023315429687500e+03 -1.666588592343032360e-03
1.904881103515625000e+03 -1.668971846811473370e-03
1.898765380859375000e+03 -1.671268488280475140e-03
1.892769042968750000e+03 -1.673469203524291515e-03
1.886565795898437500e+03 -1.675850478932261467e-03
1.880362548828125000e+03 -1.678484492003917694e-03
1.874366210937500000e+03 -1.681175664998590946e-03
1.868162963867187500e+03 -1.683944603428244591e-03
1.861959838867187500e+03 -1.686652656644582748e-03
1.855950561523437500e+03 -1.689362921752035618e-03
1.849897705078125000e+03 -1.692215329967439175e-03
