1.001372314453125000e+03 0.000000000000000000e+00
9.990784301757812500e+02 -1.975091145141050220e-04
9.957374267578125000e+02 -4.871523706242442131e-04
9.937427368164062500e+02 -6.611896678805351257e-04
9.917481079101562500e+02 -8.360459469258785248e-04
9.897534790039062500e+02 -1.011532032862305641e-03
9.877587890625000000e+02 -1.162639469839632511e-03
9.857640991210937500e+02 -1.172281568869948387e-03
9.837693481445312500e+02 -1.172239775769412518e-03
9.817745971679687500e+02 -1.171382609754800797e-03
9.797799072265625000e+02 -1.170292380265891552e-03
9.792811889648437500e+02 -1.169810537248849869e-03
9.770371093750000000e+02 -1.154466532170772552e-03
9.747930297851562500e+02 -1.109440112486481667e-03
9.729229125976562500e+02 -1.082375645637512207e-03
9.712398681640625000e+02 -1.061190036125481129e-03
9.692451171875000000e+02 -1.039977418258786201e-03
9.672503662109375000e+02 -1.022629090584814548e-03
9.652556762695312500e+02 -1.008473453111946583e-03
9.632609252929687500e+02 -9.968768572434782982e-04
9.612661743164062500e+02 -9.873080998659133911e-04
9.592714233398437500e+02 -9.793456410989165306e-04
9.572766723632812500e+02 -9.726627031341195107e-04
9.552819824218750000e+02 -9.670074796304106712e-04
9.532872314453125000e+02 -9.621835779398679733e-04
9.512924804687500000e+02 -9.580355254001915455e-04
9.492977294921875000e+02 -9.544375934638082981e-04
9.473030395507812500e+02 -9.512854740023612976e-04
9.453082885742187500e+02 -9.484900510869920254e-04
9.433135375976562500e+02 -9.459670400246977806e-04
9.413187866210937500e+02 -9.436512482352554798e-04
9.393240966796875000e+02 -9.414752130396664143e-04
9.373293457031250000e+02 -9.393485961481928825e-04
9.353345947265625000e+02 -9.371891501359641552e-04
9.333399047851562500e+02 -9.348665480501949787e-04
9.303477783203125000e+02 -9.308136068284511566e-04
9.283530273437500000e+02 -9.271854069083929062e-04
9.263582763671875000e+02 -9.219214553013443947e-04
9.253609619140625000e+02 -9.177725878544151783e-04
9.233989257812500000e+02 -8.413823670707643032e-04
9.209650878906250000e+02 -8.366372785530984402e-04
9.190695190429687500e+02 -8.340413332916796207e-04
9.173635253906250000e+02 -8.319113403558731079e-04
9.150888061523437500e+02 -8.293177816085517406e-04
9.133828125000000000e+02 -8.275177096948027611e-04
9.111080932617187500e+02 -8.252800325863063335e-04
9.094020996093750000e+02 -8.236932335421442986e-04
9.068430175781250000e+02 -8.217725553549826145e-04
9.053502807617187500e+02 -8.207695791497826576e-04
9.027912597656250000e+02 -8.194892434403300285e-04
9.008719482421875000e+02 -8.187187486328184605e-04
8.989526977539062500e+02 -8.181222947314381599e-04
8.970334472656250000e+02 -8.176921401172876358e-04
8.951141967773437500e+02 -8.174157119356095791e-04
8.931948852539062500e+02 -8.172824163921177387e-04
8.912756347656250000e+02 -8.172834641300141811e-04
8.893563842773437500e+02 -8.174108224920928478e-04
8.874370727539062500e+02 -8.176580886356532574e-04
8.855178222656250000e+02 -8.180189179256558418e-04
8.835985717773437500e+02 -8.184877224266529083e-04
8.816792602539062500e+02 -8.190597291104495525e-04
8.788003540039062500e+02 -8.201021119020879269e-04
8.768811035156250000e+02 -8.209147490561008453e-04
8.749618530273437500e+02 -8.218176080845296383e-04
8.730425415039062500e+02 -8.228078950196504593e-04
8.706434936523437500e+02 -8.241648320108652115e-04
8.692040405273437500e+02 -8.250427781604230404e-04
8.657698364257812500e+02 -8.273121784441173077e-04
8.637750854492187500e+02 -8.287433884106576443e-04
8.617803955078125000e+02 -8.302546921186149120e-04
8.597856445312500000e+02 -8.318442851305007935e-04
8.577908935546875000e+02 -8.335102465935051441e-04
8.572922363281250000e+02 -8.339385967701673508e-04
8.555468139648437500e+02 -8.354700403288006783e-04
8.527417602539062500e+02 -8.380403742194175720e-04
8.507470092773437500e+02 -8.399540092796087265e-04
8.487522583007812500e+02 -8.419433142989873886e-04
8.467575073242187500e+02 -8.440026431344449520e-04
8.447628173828125000e+02 -8.461281540803611279e-04
8.427680664062500000e+02 -8.483184501528739929e-04
8.407733154296875000e+02 -8.505724836140871048e-04
8.387786254882812500e+02 -8.529065526090562344e-04
8.372825317382812500e+02 -8.546758908778429031e-04
8.357864990234375000e+02 -8.564867894165217876e-04
8.337917480468750000e+02 -8.589507197029888630e-04
8.317970581054687500e+02 -8.614763501100242138e-04
8.295529785156250000e+02 -8.644013432785868645e-04
8.267478637695312500e+02 -8.681362378410995007e-04
8.247531738281250000e+02 -8.708603563718497753e-04
8.227584228515625000e+02 -8.736441377550363541e-04
8.217610473632812500e+02 -8.750731940381228924e-04
8.197662963867187500e+02 -8.779370109550654888e-04
8.177716064453125000e+02 -8.808542042970657349e-04
8.157768554687500000e+02 -8.838218054734170437e-04
8.137821044921875000e+02 -8.868370205163955688e-04
8.117874145507812500e+02 -8.898949599824845791e-04
8.097926635742187500e+02 -8.930500480346381664e-04
8.077979125976562500e+02 -8.962171268649399281e-04
8.058031616210937500e+02 -8.994262316264212132e-04
8.038084716796875000e+02 -9.026725310832262039e-04
8.018137207031250000e+02 -9.059496223926544189e-04
7.998812866210937500e+02 -9.091124520637094975e-04
7.973566894531250000e+02 -9.133893763646483421e-04
7.956736450195312500e+02 -9.162364876829087734e-04
7.931491088867187500e+02 -9.205908281728625298e-04
7.914660034179687500e+02 -9.235564502887427807e-04
7.897829589843750000e+02 -9.265733533538877964e-04
7.874688110351562500e+02 -9.307775762863457203e-04
7.858909301757812500e+02 -9.337057708762586117e-04
7.830507202148437500e+02 -9.391264757141470909e-04
7.816306762695312500e+02 -9.418600238859653473e-04
7.795893554687500000e+02 -9.458214626647531986e-04
7.765938110351562500e+02 -9.517245925962924957e-04
7.745991210937500000e+02 -9.557433077134191990e-04
7.726043701171875000e+02 -9.598112083040177822e-04
7.706096191406250000e+02 -9.639810305088758469e-04
7.691135864257812500e+02 -9.670719155110418797e-04
7.676175537109375000e+02 -9.702240931801497936e-04
7.656228637695312500e+02 -9.744531125761568546e-04
7.636281127929687500e+02 -9.787348099052906036e-04
7.616333618164062500e+02 -9.830676717683672905e-04
7.596386718750000000e+02 -9.874467505142092705e-04
7.576439208984375000e+02 -9.918718133121728897e-04
7.556491699218750000e+02 -9.963426273316144943e-04
7.536544189453125000e+02 -1.000858494080603123e-03
7.516597290039062500e+02 -1.005418947897851467e-03
7.496649780273437500e+02 -1.010022591799497604e-03
7.476702270507812500e+02 -1.014665816910564899e-03
7.456754760742187500e+02 -1.019431860186159611e-03
7.436807861328125000e+02 -1.024097087793052197e-03
7.413120117187500000e+02 -1.029830658808350563e-03
7.396289672851562500e+02 -1.033871667459607124e-03
7.376342163085937500e+02 -1.038795802742242813e-03
7.356394653320312500e+02 -1.043700962327420712e-03
7.336447753906250000e+02 -1.048644538968801498e-03
7.316500244140625000e+02 -1.053624786436557770e-03
7.296552734375000000e+02 -1.058642170391976833e-03
7.276605224609375000e+02 -1.063695875927805901e-03
7.256658325195312500e+02 -1.068786717951297760e-03
7.236710815429687500e+02 -1.073917141184210777e-03
7.216763916015625000e+02 -1.079085050150752068e-03
7.196816406250000000e+02 -1.084292307496070862e-03
7.176868896484375000e+02 -1.089541940018534660e-03
7.156921386718750000e+02 -1.094830571673810482e-03
7.136974487304687500e+02 -1.100160530768334866e-03
7.117026367187500000e+02 -1.105531468056142330e-03
7.097078857421875000e+02 -1.110943034291267395e-03
7.067158203125000000e+02 -1.119112013839185238e-03
7.052197265625000000e+02 -1.123237190768122673e-03
7.037235717773437500e+02 -1.127395778894424438e-03
7.007315673828125000e+02 -1.135857775807380676e-03
6.992356567382812500e+02 -1.140166772529482841e-03
6.977396240234375000e+02 -1.144509064033627510e-03
6.947475585937500000e+02 -1.153266639448702335e-03
6.932514648437500000e+02 -1.157673657871782780e-03
6.917554321289062500e+02 -1.162099535576999187e-03
6.887633056640625000e+02 -1.171022886410355568e-03
6.872672729492187500e+02 -1.175525598227977753e-03
6.857712402343750000e+02 -1.180054503493010998e-03
6.827791137695312500e+02 -1.189204631373286247e-03
6.812831420898437500e+02 -1.193824457004666328e-03
6.797870483398437500e+02 -1.198470592498779297e-03
6.775430297851562500e+02 -1.205488806590437889e-03
6.758599243164062500e+02 -1.210800604894757271e-03
6.738651733398437500e+02 -1.217166311107575893e-03
6.718704833984375000e+02 -1.223568222485482693e-03
6.698757324218750000e+02 -1.230019377544522285e-03
6.678809814453125000e+02 -1.236520824022591114e-03
6.658862915039062500e+02 -1.243073493242263794e-03
6.638915405273437500e+02 -1.249678665772080421e-03
6.618968505859375000e+02 -1.256331801414489746e-03
6.599020996093750000e+02 -1.263036392629146576e-03
6.579073486328125000e+02 -1.269793137907981873e-03
6.559126586914062500e+02 -1.276600873097777367e-03
6.539179077148437500e+02 -1.283460413105785847e-03
6.519231567382812500e+02 -1.290374086238443851e-03
6.499284667968750000e+02 -1.297298702411353588e-03
6.475596923828125000e+02 -1.305655459873378277e-03
6.453156738281250000e+02 -1.313602551817893982e-03
6.441936035156250000e+02 -1.317598391324281693e-03
6.419495239257812500e+02 -1.325626275502145290e-03
6.397054443359375000e+02 -1.333699328824877739e-03
6.383029174804687500e+02 -1.338749425485730171e-03
6.360238037109375000e+02 -1.346991397440433502e-03
6.341303710937500000e+02 -1.353857107460498810e-03
6.322368774414062500e+02 -1.360749709419906139e-03
6.303434448242187500e+02 -1.367669668979942799e-03
6.277593994140625000e+02 -1.377155538648366928e-03
6.262219238281250000e+02 -1.382834394462406635e-03
6.239472045898437500e+02 -1.391294761560857296e-03
6.222412109375000000e+02 -1.397705753333866596e-03
6.200908813476562500e+02 -1.405825256370007992e-03
6.181716308593750000e+02 -1.413123100064694881e-03
6.162523803710937500e+02 -1.420473563484847546e-03
6.143330688476562500e+02 -1.427871640771627426e-03
6.123791503906250000e+02 -1.435438403859734535e-03
6.102089843750000000e+02 -1.443926827050745487e-03
6.081843872070312500e+02 -1.451948075555264950e-03
6.061271972656250000e+02 -1.460153958760201931e-03
6.041552124023437500e+02 -1.468100468628108501e-03
6.024263305664062500e+02 -1.475110417231917381e-03
