5.085668945312500000e+03 0.000000000000000000e+00
5.074019531250000000e+03 -1.458855986129492521e-04
5.057050781250000000e+03 -3.588765393942594528e-04
5.046920898437500000e+03 -4.863335634581744671e-04
5.036790527343750000e+03 -6.140012410469353199e-04
5.026660156250000000e+03 -7.418598979711532593e-04
5.016529785156250000e+03 -8.698350284248590469e-04
5.006399414062500000e+03 -9.932713583111763000e-04
4.996268554687500000e+03 -1.007756334729492664e-03
4.986138183593750000e+03 -9.961458854377269745e-04
4.976007324218750000e+03 -9.847268229350447655e-04
4.965876464843750000e+03 -9.388830512762069702e-04
4.955745605468750000e+03 -9.204166708514094353e-04
4.945615234375000000e+03 -9.151630220003426075e-04
4.935484375000000000e+03 -9.150067926384508610e-04
4.932952148437500000e+03 -9.153609280474483967e-04
4.923009277343750000e+03 -9.165426599793136120e-04
4.913192382812500000e+03 -8.841546950861811638e-04
4.902374511718750000e+03 -8.829354192130267620e-04
4.891556152343750000e+03 -8.839407237246632576e-04
4.878709472656250000e+03 -8.873593178577721119e-04
4.869581542968750000e+03 -8.909583557397127151e-04
4.859451171875000000e+03 -8.957896498031914234e-04
4.849320312500000000e+03 -9.012683294713497162e-04
4.839189453125000000e+03 -9.071134263649582863e-04
4.829059082031250000e+03 -9.127620141953229904e-04
4.818928222656250000e+03 -9.170696721412241459e-04
4.811963378906250000e+03 -9.115330176427960396e-04
4.801692871093750000e+03 -8.401420782320201397e-04
4.789522460937500000e+03 -8.437928627245128155e-04
4.781408691406250000e+03 -8.466592407785356045e-04
4.769238281250000000e+03 -8.515409426763653755e-04
4.761124511718750000e+03 -8.551482460461556911e-04
4.748954101562500000e+03 -8.610358345322310925e-04
4.740840332031250000e+03 -8.652525721117854118e-04
4.728669921875000000e+03 -8.719810866750776768e-04
4.718527832031250000e+03 -8.779357303865253925e-04
4.709399902343750000e+03 -8.836191846057772636e-04
4.697370117187500000e+03 -8.913485216908156872e-04
4.688822265625000000e+03 -8.971748757176101208e-04
4.676791992187500000e+03 -9.056020062416791916e-04
4.668244140625000000e+03 -9.118872112594544888e-04
4.659696777343750000e+03 -9.183212532661855221e-04
4.642601074218750000e+03 -9.317088406533002853e-04
4.634053222656250000e+03 -9.386474848724901676e-04
4.625505859375000000e+03 -9.457407868467271328e-04
4.616958007812500000e+03 -9.529823437333106995e-04
4.608410156250000000e+03 -9.603668586350977421e-04
4.591314941406250000e+03 -9.755451465025544167e-04
4.582767089843750000e+03 -9.833475342020392418e-04
4.574219238281250000e+03 -9.912400273606181145e-04
4.565671875000000000e+03 -9.992789709940552711e-04
4.557124023437500000e+03 -1.007426297292113304e-03
4.546993164062500000e+03 -1.017234404571354389e-03
4.536862792968750000e+03 -1.027199905365705490e-03
4.526731933593750000e+03 -1.037320005707442760e-03
4.516601562500000000e+03 -1.047592493705451488e-03
4.506470703125000000e+03 -1.058013294823467731e-03
4.496340332031250000e+03 -1.068579615093767643e-03
4.486209472656250000e+03 -1.079288776963949203e-03
4.476079101562500000e+03 -1.090138452127575874e-03
4.465948242187500000e+03 -1.101126312278211117e-03
4.455817871093750000e+03 -1.112250378355383873e-03
4.445687011718750000e+03 -1.123508787713944912e-03
4.435556640625000000e+03 -1.134920748881995678e-03
4.425425781250000000e+03 -1.146445400081574917e-03
4.415295410156250000e+03 -1.158100320026278496e-03
4.405164550781250000e+03 -1.169884577393531799e-03
4.395034179687500000e+03 -1.181797008030116558e-03
4.384903320312500000e+03 -1.193836331367492676e-03
4.374772949218750000e+03 -1.206002081744372845e-03
4.364642089843750000e+03 -1.218292745761573315e-03
4.354511718750000000e+03 -1.230706926435232162e-03
4.344380859375000000e+03 -1.243243459612131119e-03
4.334250000000000000e+03 -1.255900482647120953e-03
4.324119628906250000e+03 -1.268675434403121471e-03
4.313988769531250000e+03 -1.281566335819661617e-03
4.298792968750000000e+03 -1.301086740568280220e-03
4.291195312500000000e+03 -1.310934429056942463e-03
4.283597167968750000e+03 -1.320834271609783173e-03
4.268401367187500000e+03 -1.340779708698391914e-03
4.260803222656250000e+03 -1.350824721157550812e-03
4.253205078125000000e+03 -1.360923284664750099e-03
4.238009277343750000e+03 -1.381318084895610809e-03
4.230411621093750000e+03 -1.391594298183917999e-03
4.222813476562500000e+03 -1.402032212354242802e-03
4.207617675781250000e+03 -1.423085341230034828e-03
4.200019531250000000e+03 -1.433736295439302921e-03
4.192421386718750000e+03 -1.444467110559344292e-03
4.177225585937500000e+03 -1.466159475967288017e-03
4.169627929687500000e+03 -1.477117417380213737e-03
4.162029785156250000e+03 -1.488147769123315811e-03
4.146833984375000000e+03 -1.510421512648463249e-03
4.139235839843750000e+03 -1.521663158200681210e-03
4.131637695312500000e+03 -1.532972673885524273e-03
4.116441894531250000e+03 -1.555732451379299164e-03
4.106311523437500000e+03 -1.571173896081745625e-03
4.096180664062500000e+03 -1.586653874255716801e-03
4.086050048828125000e+03 -1.602176926098763943e-03
4.075919433593750000e+03 -1.618008478544652462e-03
4.065788818359375000e+03 -1.633857260458171368e-03
4.055658447265625000e+03 -1.649824553169310093e-03
4.045527832031250000e+03 -1.665909774601459503e-03
4.035397216796875000e+03 -1.682112924754619598e-03
4.025266601562500000e+03 -1.698433770798146725e-03
4.015135986328125000e+03 -1.714871847070753574e-03
4.005005371093750000e+03 -1.731428084895014763e-03
3.999939941406250000e+03 -1.739725703373551369e-03
3.989809326171875000e+03 -1.756440382450819016e-03
3.978412353515625000e+03 -1.775373821146786213e-03
3.970814453125000000e+03 -1.788073102943599224e-03
3.959417480468750000e+03 -1.807235181331634521e-03
3.948020507812500000e+03 -1.826529623940587044e-03
3.940422607421875000e+03 -1.839462202042341232e-03
3.929025634765625000e+03 -1.858963514678180218e-03
3.917628662109375000e+03 -1.878587761893868446e-03
3.910030761718750000e+03 -1.891740132123231888e-03
3.898633789062500000e+03 -1.911570900119841099e-03
3.887237060546875000e+03 -1.931515638716518879e-03
3.879638916015625000e+03 -1.944872783496975899e-03
3.868241943359375000e+03 -1.965010073035955429e-03
3.856845214843750000e+03 -1.985290553420782089e-03
3.849247070312500000e+03 -1.998857362195849419e-03
3.838562500000000000e+03 -2.018093829974532127e-03
3.827877929687500000e+03 -2.037475816905498505e-03
3.819330322265625000e+03 -2.053024480119347572e-03
3.809179931640625000e+03 -2.071757102385163307e-03
3.792351562500000000e+03 -2.102999482303857803e-03
3.785139404296875000e+03 -2.116421936079859734e-03
3.777927246093750000e+03 -2.129968954250216484e-03
3.767796630859375000e+03 -2.149156294763088226e-03
3.757666015625000000e+03 -2.168344566598534584e-03
3.747535400390625000e+03 -2.187648555263876915e-03
3.737404785156250000e+03 -2.207051031291484833e-03
3.727274169921875000e+03 -2.226548269391059875e-03
3.717143798828125000e+03 -2.246134681627154350e-03
3.707013183593750000e+03 -2.265807241201400757e-03
3.696882568359375000e+03 -2.285562688484787941e-03
3.686435302734375000e+03 -2.306015696376562119e-03
3.675750732421875000e+03 -2.327030757442116737e-03
3.667202880859375000e+03 -2.343915635719895363e-03
3.656518310546875000e+03 -2.365117426961660385e-03
3.646234375000000000e+03 -2.385615603998303413e-03
3.635416259765625000e+03 -2.407288644462823868e-03
3.626401123046875000e+03 -2.425429178401827812e-03
3.615583007812500000e+03 -2.447286155074834824e-03
3.605779052734375000e+03 -2.467153826728463173e-03
3.595129882812500000e+03 -2.488840837031602859e-03
3.586001953125000000e+03 -2.507490804418921471e-03
3.575352783203125000e+03 -2.529329154640436172e-03
3.564703613281250000e+03 -2.551247831434011459e-03
3.555575927734375000e+03 -2.570096403360366821e-03
3.544926757812500000e+03 -2.592124976217746735e-03
3.534277587890625000e+03 -2.614066936075687408e-03
3.525149658203125000e+03 -2.632491057738661766e-03
3.515166259765625000e+03 -2.650941023603081703e-03
3.504897216796875000e+03 -2.661865204572677612e-03
3.494949218750000000e+03 -2.654689364135265350e-03
3.484449707031250000e+03 -2.643662737682461739e-03
3.474606201171875000e+03 -2.636628458276391029e-03
3.464684326171875000e+03 -2.631117822602391243e-03
3.454332763671875000e+03 -2.626429079100489616e-03
3.444381347656250000e+03 -2.622582018375396729e-03
3.434128662109375000e+03 -2.619372913613915443e-03
3.423965332031250000e+03 -2.616545883938670158e-03
3.413802001953125000e+03 -2.613982884213328362e-03
3.403638671875000000e+03 -2.611618489027023315e-03
3.393475341796875000e+03 -2.610968891531229019e-03
3.383481445312500000e+03 -2.610487630590796471e-03
3.373318115234375000e+03 -2.609004732221364975e-03
3.363408935546875000e+03 -2.608887152746319771e-03
3.353118652343750000e+03 -2.605990972369909286e-03
3.343018798828125000e+03 -2.601014217361807823e-03
3.332905029296875000e+03 -2.598489867523312569e-03
3.322890380859375000e+03 -2.597753424197435379e-03
3.312516113281250000e+03 -2.597769023850560188e-03
3.302602783203125000e+03 -2.598238876089453697e-03
3.294245361328125000e+03 -2.598880324512720108e-03
