1.566976806640625000e+03 0.000000000000000000e+00
1.563387451171875000e+03 -3.249756700824946165e-04
1.558159423828125000e+03 -8.014600607566535473e-04
1.555038208007812500e+03 -1.087730866856873035e-03
1.551916992187500000e+03 -1.375353778712451458e-03
1.548795776367187500e+03 -1.664332463406026363e-03
1.545674682617187500e+03 -1.954670064151287079e-03
1.542553466796875000e+03 -2.246368676424026489e-03
1.539432250976562500e+03 -2.539429813623428345e-03
1.536311035156250000e+03 -2.833850681781768799e-03
1.533189819335937500e+03 -3.129621269181370735e-03
1.530068725585937500e+03 -3.426705952733755112e-03
1.526947509765625000e+03 -3.724854439496994019e-03
1.523826293945312500e+03 -4.022193141281604767e-03
1.520704956054687500e+03 -4.222256597131490707e-03
1.517583618164062500e+03 -4.184052813798189163e-03
1.514462158203125000e+03 -4.124012775719165802e-03
1.511340576171875000e+03 -4.065853077918291092e-03
1.508219238281250000e+03 -4.009877797216176987e-03
1.505097778320312500e+03 -3.954080399125814438e-03
1.501976318359375000e+03 -3.899184055626392365e-03
1.498854858398437500e+03 -3.845501923933625221e-03
1.495733398437500000e+03 -3.793187672272324562e-03
1.492611938476562500e+03 -3.742379834875464439e-03
1.492032714843750000e+03 -3.703820053488016129e-03
1.487649414062500000e+03 -3.627352649345993996e-03
1.485540039062500000e+03 -3.596869762986898422e-03
1.482418579101562500e+03 -3.556453157216310501e-03
1.479297119140625000e+03 -3.521106904372572899e-03
1.476175659179687500e+03 -3.490008180961012840e-03
1.473054199218750000e+03 -3.462379099801182747e-03
1.469932861328125000e+03 -3.437589155510067940e-03
1.466811401367187500e+03 -3.414691193029284477e-03
1.463689941406250000e+03 -3.393416758626699448e-03
1.460568481445312500e+03 -3.372504608705639839e-03
1.457447021484375000e+03 -3.351386869326233864e-03
1.454325683593750000e+03 -3.328479826450347900e-03
1.451204223632812500e+03 -3.300857963040471077e-03
1.448082763671875000e+03 -3.260042518377304077e-03
1.443985839843750000e+03 -3.218110417947173119e-03
1.441681396484375000e+03 -3.205524990335106850e-03
1.438718505859375000e+03 -3.190619638189673424e-03
1.435014770507812500e+03 -3.173803444951772690e-03
1.431893310546875000e+03 -3.161106258630752563e-03
1.428771972656250000e+03 -3.150037722662091255e-03
1.425650512695312500e+03 -3.139687236398458481e-03
1.422529052734375000e+03 -3.130774246528744698e-03
1.419407714843750000e+03 -3.122847061604261398e-03
1.416286254882812500e+03 -3.115955274552106857e-03
1.413164794921875000e+03 -3.109973855316638947e-03
1.410043457031250000e+03 -3.104879288002848625e-03
1.406921997070312500e+03 -3.100607078522443771e-03
1.403800537109375000e+03 -3.097117645666003227e-03
1.400679199218750000e+03 -3.094364423304796219e-03
1.397557739257812500e+03 -3.092309925705194473e-03
1.394436279296875000e+03 -3.090916667133569717e-03
1.391314941406250000e+03 -3.090151818469166756e-03
1.388193481445312500e+03 -3.089983947575092316e-03
1.385730468750000000e+03 -3.090347861871123314e-03
1.382657836914062500e+03 -3.091143211349844933e-03
1.379585205078125000e+03 -3.092319238930940628e-03
1.376512573242187500e+03 -3.092873841524124146e-03
1.373439941406250000e+03 -3.091288730502128601e-03
1.370147827148437500e+03 -3.091711318120360374e-03
1.367075073242187500e+03 -3.094113664701581001e-03
1.364002441406250000e+03 -3.097379580140113831e-03
1.360929809570312500e+03 -3.101203823462128639e-03
1.357527954101562500e+03 -3.105976851657032967e-03
1.354565063476562500e+03 -3.110548714175820351e-03
1.351272949218750000e+03 -3.116051899269223213e-03
1.347816284179687500e+03 -3.122278954833745956e-03
1.344853393554687500e+03 -3.127959556877613068e-03
1.342075561523437500e+03 -3.133561462163925171e-03
1.338742309570312500e+03 -3.140616696327924728e-03
1.335825805664062500e+03 -3.147075185552239418e-03
1.332075805664062500e+03 -3.155653597787022591e-03
1.329263427734375000e+03 -3.162546316161751747e-03
1.325747802734375000e+03 -3.171363612636923790e-03
1.322626464843750000e+03 -3.179516410455107689e-03
1.319505004882812500e+03 -3.187893889844417572e-03
1.316383544921875000e+03 -3.196526085957884789e-03
1.313262207031250000e+03 -3.205415327101945877e-03
1.310140747070312500e+03 -3.214554861187934875e-03
1.307019409179687500e+03 -3.223939565941691399e-03
1.303897949218750000e+03 -3.233564086258411407e-03
1.300776489257812500e+03 -3.243423532694578171e-03
1.297655151367187500e+03 -3.253513481467962265e-03
1.294533691406250000e+03 -3.263829508796334267e-03
1.291412353515625000e+03 -3.274367889389395714e-03
1.288290893554687500e+03 -3.285124432295560837e-03
1.285169555664062500e+03 -3.296095877885818481e-03
1.282048095703125000e+03 -3.307074541226029396e-03
1.278926635742187500e+03 -3.318501636385917664e-03
1.275805297851562500e+03 -3.330057952553033829e-03
1.273171630859375000e+03 -3.340178867802023888e-03
1.269879516601562500e+03 -3.352873260155320168e-03
1.267245727539062500e+03 -3.363171592354774475e-03
1.263953613281250000e+03 -3.376266919076442719e-03
1.260661499023437500e+03 -3.389616031199693680e-03
1.257369384765625000e+03 -3.403215901926159859e-03
1.254735717773437500e+03 -3.414255799725651741e-03
1.251443603515625000e+03 -3.428219817578792572e-03
1.248151489257812500e+03 -3.442296991124749184e-03
1.244859375000000000e+03 -3.456392325460910797e-03
1.242225708007812500e+03 -3.467525821179151535e-03
1.239221679687500000e+03 -3.478826722130179405e-03
1.235888427734375000e+03 -3.490576520562171936e-03
1.232925537109375000e+03 -3.502786159515380859e-03
1.229592285156250000e+03 -3.517741570249199867e-03
1.226629394531250000e+03 -3.531438298523426056e-03
1.223110961914062500e+03 -3.547980217263102531e-03
1.220333251953125000e+03 -3.561212914064526558e-03
1.217000000000000000e+03 -3.577277064323425293e-03
1.213805541992187500e+03 -3.592853900045156479e-03
1.210055664062500000e+03 -3.611364401876926422e-03
1.205368286132812500e+03 -3.634832799434661865e-03
1.202246826171875000e+03 -3.650666913017630577e-03
1.199125488281250000e+03 -3.666589502245187759e-03
1.196004028320312500e+03 -3.682747948914766312e-03
1.192882690429687500e+03 -3.699063556268811226e-03
1.189761230468750000e+03 -3.715556347742676735e-03
1.186639892578125000e+03 -3.732193959876894951e-03
1.185859497070312500e+03 -3.736460348591208458e-03
1.182494262695312500e+03 -3.754592034965753555e-03
1.177556030273437500e+03 -3.781466512009501457e-03
1.174434692382812500e+03 -3.798679448664188385e-03
1.171313232421875000e+03 -3.816085634753108025e-03
1.170532958984375000e+03 -3.820637008175253868e-03
1.167167602539062500e+03 -3.839541692286729813e-03
1.162229492187500000e+03 -3.867790335789322853e-03
1.160007324218750000e+03 -3.880592528730630875e-03
1.157090698242187500e+03 -3.897505346685647964e-03
1.154590820312500000e+03 -3.912100102752447128e-03
1.150840820312500000e+03 -3.934158943593502045e-03
1.148340942382812500e+03 -3.948970697820186615e-03
1.144903442382812500e+03 -3.969459328800439835e-03
1.142091064453125000e+03 -3.986319061368703842e-03
1.139278564453125000e+03 -4.003351554274559021e-03
1.135997436523437500e+03 -4.023224581032991409e-03
1.133009277343750000e+03 -4.041265696287155151e-03
1.129713378906250000e+03 -4.061122890561819077e-03
1.126549438476562500e+03 -4.080870654433965683e-03
1.123187744140625000e+03 -4.102415870875120163e-03
1.120221435546875000e+03 -4.121538717299699783e-03
1.117255249023437500e+03 -4.140803124755620956e-03
1.113695678710937500e+03 -4.164056386798620224e-03
1.111026123046875000e+03 -4.181647207587957382e-03
1.107466674804687500e+03 -4.205322824418544769e-03
1.103907104492187500e+03 -4.229420330375432968e-03
1.100903808593750000e+03 -4.249670077115297318e-03
1.098275878906250000e+03 -4.267575684934854507e-03
1.095460327148437500e+03 -4.286477342247962952e-03
1.092222412109375000e+03 -4.307834431529045105e-03
1.089371582031250000e+03 -4.326565191149711609e-03
1.086045654296875000e+03 -4.348666872829198837e-03
1.083105712890625000e+03 -4.368898458778858185e-03
1.080032226562500000e+03 -4.391202237457036972e-03
1.076825073242187500e+03 -4.414705093950033188e-03
1.073217041015625000e+03 -4.441226366907358170e-03
1.070210327148437500e+03 -4.463604185730218887e-03
1.067203613281250000e+03 -4.486343823373317719e-03
1.064422363281250000e+03 -4.507176112383604050e-03
1.061152587890625000e+03 -4.530118778347969055e-03
1.058098388671875000e+03 -4.550993908196687698e-03
1.054967895507812500e+03 -4.573858808726072311e-03
1.051837402343750000e+03 -4.598267842084169388e-03
1.048466064453125000e+03 -4.625115077942609787e-03
1.045576416015625000e+03 -4.648344125598669052e-03
1.042325439453125000e+03 -4.675323609262704849e-03
1.039393066406250000e+03 -4.696291405707597733e-03
1.036224365234375000e+03 -4.719247575849294662e-03
1.033112182617187500e+03 -4.744224250316619873e-03
1.030091552734375000e+03 -4.770574625581502914e-03
1.026796264648437500e+03 -4.799747839570045471e-03
1.023792785644531250e+03 -4.824539646506309509e-03
1.020703491210937500e+03 -4.846560768783092499e-03
1.017459716796875000e+03 -4.874229431152343750e-03
1.014370422363281250e+03 -4.902380518615245819e-03
1.011281066894531250e+03 -4.931982140988111496e-03
1.008191772460937500e+03 -4.956149496138095856e-03
1.005102478027343750e+03 -4.981974605470895767e-03
1.001858703613281250e+03 -5.014156922698020935e-03
9.988466186523437500e+02 -5.042378325015306473e-03
9.956463012695312500e+02 -5.067920312285423279e-03
9.925183715820312500e+02 -5.100958514958620071e-03
9.902047729492187500e+02 -5.124819464981555939e-03
