0.000000000000000000e+00 1.000000000000000000e+00 0.000000000000000000e+00
5.750000011175870895e-03 9.998472967538341027e-01 8.780455902587132714e-09
1.412499975413084030e-02 9.996252310944013786e-01 2.881260202073086686e-08
1.912499964237213135e-02 9.994929420023128674e-01 4.609786832714172451e-08
2.412500046193599701e-02 9.993608478328276368e-01 6.875669394754242894e-08
2.912499941885471344e-02 9.992289322203603552e-01 9.862307298794019225e-08
3.412500023841857910e-02 9.990971776945837268e-01 1.387229688056134403e-07
3.912499919533729553e-02 9.989655692001868648e-01 1.943832291450736733e-07
4.412499815225601196e-02 9.988340881364099477e-01 2.758757420514453587e-07
4.912500083446502686e-02 9.987027228906237841e-01 4.056334766009340587e-07
5.412499979138374329e-02 9.985714725379285506e-01 6.839325516043102031e-07
5.912499874830245972e-02 9.984405249357223289e-01 1.456388794206853651e-06
6.412500143051147461e-02 9.983165301125624946e-01 6.859977569045691304e-06
6.912499666213989258e-02 9.982157016622610346e-01 1.577195884049709454e-05
7.412499934434890747e-02 9.981152035039047021e-01 2.166758299451963503e-05
7.912500202655792236e-02 9.980119220141705494e-01 2.623267536019456938e-05
8.412499725818634033e-02 9.979055501263717209e-01 3.006219952206673317e-05
8.912499994039535522e-02 9.977960596824514417e-01 3.339698064494235575e-05
9.412500262260437012e-02 9.976833125640606204e-01 3.637697804590751268e-05
9.912499785423278809e-02 9.975672668424145906e-01 3.908326897513249591e-05
1.041250005364418030e-01 9.974479169681155222e-01 4.157192346736275174e-05
1.091250032186508179e-01 9.973252695182275307e-01 4.388507584045673519e-05
1.141249984502792358e-01 9.971993267536163330e-01 4.605891921653830029e-05
1.191250011324882507e-01 9.970700007060478987e-01 4.813584884435966261e-05
1.203749999403953552e-01 9.970368401757602195e-01 4.868477920134519428e-05
1.250624954700469971e-01 9.969022095203399214e-01 5.144343293946364597e-05
1.304970681667327881e-01 9.961280983069847883e-01 5.974202689811073758e-05
1.389510482549667358e-01 9.956228942706667473e-01 6.382105117342595443e-05
1.439510434865951538e-01 9.953365124505142436e-01 6.605397331817396849e-05
1.489510536193847656e-01 9.950551028909353501e-01 6.820487886153417975e-05
1.539510488510131836e-01 9.947768967727135259e-01 7.028905032523747101e-05
1.589510440826416016e-01 9.945009733068532753e-01 7.231885984796902463e-05
1.639510542154312134e-01 9.942265757198992526e-01 7.430205507011248634e-05
1.689510494470596313e-01 9.939539572288250691e-01 7.624527567933345944e-05
1.739510446786880493e-01 9.936828136444091353e-01 7.815568322508500054e-05
1.789510548114776611e-01 9.934130426110892031e-01 8.003789417702576443e-05
1.839510500431060791e-01 9.931436394823007774e-01 8.189246251151479944e-05
1.889510452747344971e-01 9.928779750034726348e-01 8.373331792395690158e-05
1.939510554075241089e-01 9.926126998046349570e-01 8.553245650797055199e-05
1.989510506391525269e-01 9.923501162693417754e-01 8.732319713152688592e-05
2.039510458707809448e-01 9.920920347345285606e-01 8.915496412022360533e-05
2.089510560035705566e-01 9.918357635366505942e-01 9.090559364392839208e-05
2.139510512351989746e-01 9.915837353673474519e-01 9.266764792645799562e-05
2.189510464668273926e-01 9.913399910104685464e-01 9.450840699518548891e-05
2.202010452747344971e-01 9.912799654335812116e-01 9.506468757473188788e-05
2.250350415706634521e-01 9.910620845597366557e-01 9.938714030230867311e-05
2.303703278303146362e-01 9.911032158752967058e-01 1.166379239795536774e-04
2.350161969661712646e-01 9.907585209813610794e-01 1.172952932016602920e-04
2.400844097137451172e-01 9.903676065905340220e-01 1.024545716314480194e-04
2.451526373624801636e-01 9.899613585965386653e-01 7.309677111434524849e-05
2.502208352088928223e-01 9.895338568194158579e-01 2.249728302182308465e-05
2.552890777587890625e-01 9.890703028646008477e-01 -6.584077270637298733e-05
2.603572905063629150e-01 9.885596595961472222e-01 -1.866542894778580445e-04
2.654255032539367676e-01 9.880563456436682879e-01 -2.238523086597179535e-04
2.701769471168518066e-01 9.876488175885430598e-01 -1.638813490240738282e-04
2.750768959522247314e-01 9.872584351177874362e-01 -1.087942289124275085e-04
2.801550030708312988e-01 9.868519914561304507e-01 -7.876964157511447758e-05
2.854084968566894531e-01 9.864213737948187566e-01 -6.440967112651159584e-05
2.901441752910614014e-01 9.860234260559082031e-01 -5.792911919154997483e-05
2.952815592288970947e-01 9.855826772492507493e-01 -5.479633872365129545e-05
3.001914918422698975e-01 9.851523021171832983e-01 -5.304956696285256118e-05
3.050679564476013184e-01 9.847175647472512505e-01 -5.207480140158842467e-05
3.107571899890899658e-01 9.842013079544592591e-01 -5.159382547797828212e-05
3.156336843967437744e-01 9.837513463250522339e-01 -5.137712839220104523e-05
3.205101490020751953e-01 9.832948734020364734e-01 -5.143908141502018586e-05
3.253866434097290039e-01 9.828315899289886692e-01 -5.208435950094255604e-05
3.302631080150604248e-01 9.823626633348135906e-01 -5.323760580785315402e-05
3.351396024227142334e-01 9.818879883864830571e-01 -5.529815700418990024e-05
3.400160670280456543e-01 9.814079745062466165e-01 -5.865848125440293275e-05
3.461116850376129150e-01 9.808015165657832934e-01 -6.560461017592200011e-05
3.505119383335113525e-01 9.803720211160593667e-01 -7.407738955627227932e-05
3.558479845523834229e-01 9.800569567187078501e-01 -8.653735356598065331e-05
3.601875305175781250e-01 9.797427062330574810e-01 -8.788238407979751736e-05
3.663713634014129639e-01 9.792788242471628379e-01 -9.177210901317924962e-05
3.722297549247741699e-01 9.788569549034381589e-01 -9.709334097288805396e-05
3.751589655876159668e-01 9.786479358015389707e-01 -9.981163070890410006e-05
3.824819326400756836e-01 9.781251479839456753e-01 -1.052652068179229248e-04
3.868757188320159912e-01 9.778111836005901614e-01 -1.079031940678070313e-04
3.912695050239562988e-01 9.774969232493433413e-01 -1.100353928732460877e-04
3.956632912158966064e-01 9.771819821719465171e-01 -1.111087822837048629e-04
4.006632864475250244e-01 9.768227297684241028e-01 -1.112680223866783325e-04
4.056633114814758301e-01 9.764624760068695286e-01 -1.101980531780884156e-04
4.106633067131042480e-01 9.761011271641171216e-01 -1.078087370842695236e-04
4.156633019447326660e-01 9.757386963942955571e-01 -1.039949149407189529e-04
4.206632971763610840e-01 9.753751688990099922e-01 -9.859244917230359346e-05
4.256632924079895020e-01 9.750105759193157251e-01 -9.103358626879495233e-05
4.306632876396179199e-01 9.746455159680597058e-01 -7.960720565812341005e-05
4.372257888317108154e-01 9.741661318417254023e-01 -5.495016350699909896e-05
4.400382936000823975e-01 9.739605772084203306e-01 -4.082837077821123049e-05
4.456633031368255615e-01 9.735491473099280313e-01 -2.964292121007396127e-06
4.512883126735687256e-01 9.731371517839102481e-01 5.141116180938893281e-05
4.569132924079895020e-01 9.727238835959598484e-01 1.260265948828951982e-04
4.625383019447326660e-01 9.723084416882745717e-01 2.267978250466544127e-04
4.667570590972900391e-01 9.719933674253266043e-01 3.014687962573150146e-04
4.709757864475250244e-01 9.716752150963092749e-01 3.821303875281892824e-04
4.757218956947326660e-01 9.713124998684588007e-01 4.987885597450979376e-04
4.804679751396179199e-01 9.709404912488214245e-01 6.115270842765940058e-04
4.852140843868255615e-01 9.705540887240704517e-01 7.062256336212158203e-04
4.903556704521179199e-01 9.701193941050562097e-01 7.790363682755108762e-04
4.951017796993255615e-01 9.697130466329640930e-01 8.314357235513884520e-04
5.010343790054321289e-01 9.692137586659399506e-01 8.975986134389351678e-04
5.057804584503173828e-01 9.688220912012560637e-01 9.468301231491154301e-04
5.105265974998474121e-01 9.684351000292548139e-01 9.868894543113380241e-04
5.152726769447326660e-01 9.680506508925865727e-01 1.018417356856938074e-03
5.200187563896179199e-01 9.676675500540896646e-01 1.042131334543228149e-03
5.253581404685974121e-01 9.672368345589473781e-01 1.063017238830697925e-03
5.306974649429321289e-01 9.668058526927026941e-01 1.078885305544425612e-03
5.360368490219116211e-01 9.663740026539769934e-01 1.091890422434642479e-03
5.413761734962463379e-01 9.659412877313021673e-01 1.102134970755412743e-03
5.476054549217224121e-01 9.654347452624090220e-01 1.112969913359346166e-03
5.516099333763122559e-01 9.651080822122507508e-01 1.119522313619482129e-03
5.566099286079406738e-01 9.646990776062012163e-01 1.127211441253793628e-03
5.616099834442138672e-01 9.642889417451003808e-01 1.134310816896372731e-03
5.666099786758422852e-01 9.638776220124343208e-01 1.140881201316570458e-03
5.716099739074707031e-01 9.634650559260927727e-01 1.146982969908878639e-03
5.766099691390991211e-01 9.630512730828646450e-01 1.152690371562694726e-03
5.816099643707275391e-01 9.626365299882559956e-01 1.158641458585344579e-03
5.866099596023559570e-01 9.622201952440985195e-01 1.165646160471028392e-03
5.903599262237548828e-01 9.619068803458377115e-01 1.171951278530318236e-03
5.959849357604980469e-01 9.614353475899533041e-01 1.182763227101030126e-03
6.016099452972412109e-01 9.609620291611242759e-01 1.195488561844003589e-03
6.072349548339843750e-01 9.604871157942147519e-01 1.210427618232266626e-03
6.114537119865417480e-01 9.601303166356579544e-01 1.223258545686458764e-03
6.156724691390991211e-01 9.597739647174703403e-01 1.234820690648309131e-03
6.220005750656127930e-01 9.592445998356259329e-01 1.245359922277516429e-03
6.262193322181701660e-01 9.589004187748348951e-01 1.245998359959701049e-03
6.304380893707275391e-01 9.585666064558358013e-01 1.242268958996082130e-03
6.357114911079406738e-01 9.581683981007543816e-01 1.269276671368500245e-03
6.409849524497985840e-01 9.577823540260052004e-01 1.417550804286167457e-03
6.452037096023559570e-01 9.574646982653387539e-01 1.654406945253240674e-03
6.504771709442138672e-01 9.570440522555646590e-01 1.986523126733714256e-03
6.557505726814270020e-01 9.565996926406334921e-01 2.243897781289856935e-03
6.610240340232849121e-01 9.561388377485604551e-01 2.413871473279492579e-03
6.652427911758422852e-01 9.557629420839507395e-01 2.502595299276812353e-03
6.705161929130554199e-01 9.552891632606244077e-01 2.574827393581127343e-03
6.763169765472412109e-01 9.547674902554217358e-01 2.625376243015815382e-03
6.810630559921264648e-01 9.543422896286536394e-01 2.652846790593245754e-03
6.858091950416564941e-01 9.539186938055630449e-01 2.672711323047506204e-03
6.905552744865417480e-01 9.534965252054148355e-01 2.687148492911766405e-03
6.953013539314270020e-01 9.530754483979324565e-01 2.697544878926770411e-03
7.001277804374694824e-01 9.526479227789517168e-01 2.704950756040112696e-03
7.050011754035949707e-01 9.522165068264666354e-01 2.710977504993306985e-03
7.096308469772338867e-01 9.518066735103213327e-01 2.715073268989036913e-03
