0.000000000000000000e+00 1.000000000000000000e+00 0.000000000000000000e+00
5.750000011175870895e-03 9.998680044522807453e-01 -9.962922139944384286e-10
1.412499975413084030e-02 9.996757172937152935e-01 -3.776750120113235989e-09
1.912499964237213135e-02 9.995610277191930848e-01 -7.863063194022021262e-09
2.412500046193599701e-02 9.994463672557799550e-01 -1.829725873858096744e-08
2.912499941885471344e-02 9.993315806108362676e-01 -9.239840070803125368e-08
3.162499889731407166e-02 9.992685337226931974e-01 -6.249942425481912753e-07
3.537499904632568359e-02 9.991537208717410357e-01 -1.481565365082576573e-06
4.037500172853469849e-02 9.989942383165117956e-01 -2.150278648032861518e-06
4.537500068545341492e-02 9.988287301424170206e-01 -2.619933274363269455e-06
5.006249994039535522e-02 9.986664111674332656e-01 -2.847842973883913186e-06
5.558984354138374329e-02 9.984505853733095515e-01 -3.307116288347404493e-06
6.152246147394180298e-02 9.982049217544683994e-01 -3.872426743266963290e-06
6.652246415615081787e-02 9.979959172160685066e-01 -4.374003820434338013e-06
7.152245938777923584e-02 9.977883053627334409e-01 -4.861560579733688511e-06
7.652246206998825073e-02 9.975841075031697258e-01 -5.292005743048771820e-06
8.035058528184890747e-02 9.974309796245158788e-01 -5.596867535545044752e-06
8.549218624830245972e-02 9.972297738980845372e-01 -5.943973024352257866e-06
9.031243622303009033e-02 9.970246765393169230e-01 -3.271470308116003078e-06
9.631921350955963135e-02 9.967786003561581731e-01 -5.238152602139640898e-06
1.023259907960891724e-01 9.965148060261702634e-01 -5.818129431049363353e-06
1.053293794393539429e-01 9.963813429119205978e-01 -5.949010383807310699e-06
1.128378435969352722e-01 9.960463057445878565e-01 -6.247098956789288912e-06
1.178378462791442871e-01 9.958226712010487258e-01 -6.441607241745756380e-06
1.228378415107727051e-01 9.955988263683158701e-01 -6.632474759797088546e-06
1.278378516435623169e-01 9.953748135606781400e-01 -6.818860581442087775e-06
1.328378468751907349e-01 9.951506956084434918e-01 -7.000496657956547725e-06
1.378378421068191528e-01 9.949265122613987211e-01 -7.177947261253325260e-06
1.428378522396087646e-01 9.947022907673812586e-01 -7.351647530283246431e-06
1.478378474712371826e-01 9.944780449105911080e-01 -7.521954341595914370e-06
1.528378427028656006e-01 9.942537791789078927e-01 -7.689272311805676825e-06
1.578378379344940186e-01 9.940294897255776974e-01 -7.853865967828687264e-06
1.628378480672836304e-01 9.938051688570936903e-01 -8.016009228069240718e-06
1.678378432989120483e-01 9.935807870816784071e-01 -8.176056621204904506e-06
1.728378385305404663e-01 9.933563508105878181e-01 -8.334207716358809305e-06
1.778378486633300781e-01 9.931318061892726590e-01 -8.490715301086921885e-06
1.828378438949584961e-01 9.929071551411091656e-01 -8.645752335295957418e-06
1.878378391265869141e-01 9.926823527873063213e-01 -8.799582563278053764e-06
1.928378492593765259e-01 9.924573818174730055e-01 -8.952394597420172204e-06
1.978378444910049438e-01 9.922322063285763383e-01 -9.104360615005013151e-06
2.028378397226333618e-01 9.920068115747275872e-01 -9.255599574882442622e-06
2.078378498554229736e-01 9.917811481892562231e-01 -9.406363481984419400e-06
2.128378450870513916e-01 9.915552039907760129e-01 -9.556819035225555810e-06
2.178378403186798096e-01 9.913289353827469119e-01 -9.707056236367266552e-06
2.228378504514694214e-01 9.911023141556427607e-01 -9.857186218019293740e-06
2.278378456830978394e-01 9.908753146644400100e-01 -1.000739837519261003e-05
2.328378409147262573e-01 9.906479151108685821e-01 -1.015788288552220115e-05
2.378378510475158691e-01 9.904200699750115300e-01 -1.030870783729713453e-05
2.428378462791442871e-01 9.901917555352218736e-01 -1.045998671099919149e-05
2.478378415107727051e-01 9.899629455053504667e-01 -1.061193394560773914e-05
2.528378367424011230e-01 9.897336161637506624e-01 -1.076461371629177958e-05
2.578378319740295410e-01 9.895037277606354431e-01 -1.091823733153463441e-05
2.628378570079803467e-01 9.892732623444885354e-01 -1.107287287962536769e-05
2.678378522396087646e-01 9.890421917057838908e-01 -1.122867845061446494e-05
2.728378474712371826e-01 9.888104876349954608e-01 -1.138584422213690680e-05
2.778378427028656006e-01 9.885781244870995854e-01 -1.154449228353860986e-05
2.828378379344940186e-01 9.883450778993237984e-01 -1.170480342096641320e-05
2.878378331661224365e-01 9.881113273556492160e-01 -1.186693494184678419e-05
2.928378582000732422e-01 9.878768523400571766e-01 -1.203113337274359014e-05
2.978378534317016602e-01 9.876416284897748810e-01 -1.219765776220489897e-05
3.028378486633300781e-01 9.874056288775274748e-01 -1.236676168041068882e-05
3.078378438949584961e-01 9.871688176002824111e-01 -1.253862200038773683e-05
3.128378391265869141e-01 9.869312100450532421e-01 -1.271354003238076912e-05
3.178378343582153320e-01 9.866927574862952577e-01 -1.289188987066765770e-05
3.228378593921661377e-01 9.864534573595064026e-01 -1.307413013291959946e-05
3.278378546237945557e-01 9.862132724794019367e-01 -1.355094850814642947e-05
3.315878510475158691e-01 9.860325481510964218e-01 -1.359280950131536493e-05
3.353378474712371826e-01 9.858513045110622874e-01 -1.377496680542200622e-05
3.403378427028656006e-01 9.856088500463661140e-01 -1.394881107727018701e-05
3.459628522396087646e-01 9.853349663229549193e-01 -1.484835442124294657e-05
3.529940843582153320e-01 9.849908806295954999e-01 -1.595100278363508484e-05
3.561581671237945557e-01 9.848353935690485894e-01 -1.660623595494182029e-05
3.624862730503082275e-01 9.845231436080291720e-01 -1.836195118537469940e-05
3.656503558158874512e-01 9.843663807075564431e-01 -1.955680830889389225e-05
3.719784617424011230e-01 9.840514739220884710e-01 -2.287067316409920355e-05
3.751425445079803467e-01 9.838933043920693455e-01 -2.513582340809477554e-05
3.814706504344940186e-01 9.835754330418691183e-01 -3.135413432321628509e-05
3.877987861633300781e-01 9.832554818802521357e-01 -3.957319535127206675e-05
3.909628391265869141e-01 9.830947388721114066e-01 -4.396673072786891915e-05
3.972909748554229736e-01 9.827716756868764003e-01 -5.195293919879849238e-05
4.004550278186798096e-01 9.826094170578387743e-01 -5.414196673561545107e-05
4.067831635475158691e-01 9.822836290888424804e-01 -5.411635927793358397e-05
4.131112694740295410e-01 9.819566499084985134e-01 -4.825694721286036623e-05
4.162753522396087646e-01 9.817928359087776391e-01 -4.401416087350925249e-05
4.226034581661224365e-01 9.814645616547400531e-01 -3.447150420240995548e-05
4.257675409317016602e-01 9.813000385701154960e-01 -2.986622520354615464e-05
4.320956468582153320e-01 9.809700153254661270e-01 -2.188575806237068647e-05
4.352597296237945557e-01 9.808044369481191405e-01 -1.870294046752593001e-05
4.415878355503082275e-01 9.804719838374802432e-01 -1.352591549648958150e-05
4.479159712791442871e-01 9.801377099301633589e-01 -9.948066866197505606e-06
4.510800242424011230e-01 9.799698517102154449e-01 -8.516392412305879165e-06
4.574081599712371826e-01 9.796326722217207905e-01 -6.359714247724589229e-06
4.605722129344940186e-01 9.794633445419183015e-01 -5.481752934826522385e-06
4.653183221817016602e-01 9.792084548052619741e-01 -4.379655148427025843e-06
4.700644016265869141e-01 9.789524443810726506e-01 -3.469032196312391317e-06
4.795565903186798096e-01 9.784371307116597194e-01 -1.856814404683453630e-06
4.843026995658874512e-01 9.781778467002034683e-01 -1.105171542207733902e-06
4.893026947975158691e-01 9.779034295603006299e-01 -4.394494482323903087e-07
4.943026900291442871e-01 9.776278917328650175e-01 3.215972776329066611e-07
4.993026852607727051e-01 9.773511332023042675e-01 1.106099049490289487e-06
5.043026804924011230e-01 9.770731796136423730e-01 1.895024848147099760e-06
5.093026757240295410e-01 9.767936873235623096e-01 2.608585813153190984e-06
5.143026709556579590e-01 9.765133077156644692e-01 3.591985950449935582e-06
5.193026661872863770e-01 9.762320356609441863e-01 3.902937340385773393e-06
5.243026614189147949e-01 9.759491992597819632e-01 4.618608259728976586e-06
5.293027162551879883e-01 9.756648318507090689e-01 5.517526287115922672e-06
5.305526852607727051e-01 9.755937464096966494e-01 6.090573371708893562e-06
5.352401733398437500e-01 9.753262047006302504e-01 6.422486563189690897e-06
5.436776876449584961e-01 9.748415137539391262e-01 7.602112258181852702e-06
5.478964447975158691e-01 9.745982578822545150e-01 7.550802645312638110e-06
5.521152019500732422e-01 9.743534581801471806e-01 8.470730214309292146e-06
5.563339591026306152e-01 9.741085610269498707e-01 8.178953112674361171e-06
5.600253343582153320e-01 9.738932248924960788e-01 8.843265505147581318e-06
5.659579634666442871e-01 9.735458066283154688e-01 8.664590877895594892e-06
5.710748434066772461e-01 9.732447725183822618e-01 8.728707350101791069e-06
5.752748847007751465e-01 9.729964927865678570e-01 8.782785886726460187e-06
5.805906057357788086e-01 9.726815052192752109e-01 7.392403458346839866e-06
5.852886438369750977e-01 9.724018539300486319e-01 5.753353989424825678e-06
5.914487242698669434e-01 9.720334836815585078e-01 1.509260374489201268e-06
5.954899191856384277e-01 9.717908227744223026e-01 -1.754285376362439869e-06
6.002187728881835938e-01 9.715058501427915605e-01 -8.027732153149211929e-06
6.054261922836303711e-01 9.711905984317554807e-01 -1.843859042440141902e-05
6.106336712837219238e-01 9.708737849387801822e-01 -3.304051376190506414e-05
6.158411502838134766e-01 9.705551968101694404e-01 -4.621417019046655263e-05
6.200721859931945801e-01 9.702951331899948295e-01 -6.606898763600518312e-05
6.251982450485229492e-01 9.699781837783941763e-01 -8.610716136563726340e-05
6.306905150413513184e-01 9.696362458557642450e-01 -1.060802896483605678e-04
6.350842714309692383e-01 9.693608952370009746e-01 -1.155064386479994897e-04
6.405765414237976074e-01 9.690150643997833546e-01 -1.160002055288362875e-04
6.460687518119812012e-01 9.686678102637540366e-01 -1.115601102845007657e-04
6.504625678062438965e-01 9.683890770663733383e-01 -1.044743952630948676e-04
6.559547781944274902e-01 9.680393635725774715e-01 -8.899124354875387983e-05
6.603485941886901855e-01 9.677587531594669112e-01 -7.274618544498411422e-05
6.658408045768737793e-01 9.674064905503216849e-01 -4.417084533126414050e-05
6.705435514450073242e-01 9.671044408974527329e-01 -1.950276029460570228e-05
6.754568219184875488e-01 9.667875838079371675e-01 8.873657926040536779e-06
6.807035803794860840e-01 9.664480462595193000e-01 4.067184920070552055e-05
6.853032708168029785e-01 9.661493458467370621e-01 6.945580870163540696e-05
6.903624534606933594e-01 9.658195790523240731e-01 1.024113482787829488e-04
6.950401663780212402e-01 9.655136877749146418e-01 1.335072166779461959e-04
7.001527547836303711e-01 9.651778123358718542e-01 1.693983789251632128e-04
7.050766348838806152e-01 9.648536053825826908e-01 2.035756321514353934e-04
7.104042172431945801e-01 9.645012145483192745e-01 2.461080290690189840e-04
7.150563597679138184e-01 9.641923330611541498e-01 2.851131583462242409e-04
7.201105952262878418e-01 9.638552959025407096e-01 3.330601363622841889e-04
7.250502705574035645e-01 9.635252034163274137e-01 3.839843413409064696e-04
7.301903367042541504e-01 9.631803881220456498e-01 4.486438106088077053e-04
7.352154254913330078e-01 9.628421687278427843e-01 5.239735631381764501e-04
7.406068444252014160e-01 9.624782555844604293e-01 6.246576790048295009e-04
7.453881502151489258e-01 9.621545564026391384e-01 7.442038099304968323e-04
7.502292394638061523e-01 9.618255794749540621e-01 8.788253078941537112e-04
7.552552223205566406e-01 9.614816976595325082e-01 9.916873539195340814e-04
7.600920200347900391e-01 9.611471121651785632e-01 1.086169431189529071e-03
7.651452422142028809e-01 9.607929159212513781e-01 1.328371653035909268e-03
7.704709172248840332e-01 9.604159648478531874e-01 1.954607402577119776e-03
7.754449844360351562e-01 9.600616198627888176e-01 3.096399387391675275e-03
7.804190516471862793e-01 9.597024048877363933e-01 5.110401265761431618e-03
7.851356863975524902e-01 9.593473392775079267e-01 8.912681130801930474e-03
7.901850938796997070e-01 9.588928350881367191e-01 1.878024349693490844e-02
7.952270507812500000e-01 9.580334139270941796e-01 4.290691984801733166e-02
8.002690076828002930e-01 9.566525448069853610e-01 7.024843231970522017e-02
8.053109049797058105e-01 9.555039862624736813e-01 8.572824301839876426e-02
8.102609515190124512e-01 9.544770005170036820e-01 9.707719177758994400e-02
8.150582313537597656e-01 9.535000635996585538e-01 1.067158162092962242e-01
8.201571106910705566e-01 9.524725290506828035e-01 1.159872872488839218e-01
8.252735733985900879e-01 9.514499234752495926e-01 1.245277981798188077e-01
8.300489783287048340e-01 9.505034118139443766e-01 1.319216688140099902e-01
8.351655006408691406e-01 9.495020249310661686e-01 1.392545812270220562e-01
8.400688171386718750e-01 9.485646685431985414e-01 1.456738383830094574e-01
8.450573682785034180e-01 9.476107608570771834e-01 1.519134265034138564e-01
8.500459790229797363e-01 9.466100612608323583e-01 1.583934751879267355e-01
8.550345301628112793e-01 9.456164396911107550e-01 1.646756340475643288e-01
8.600231409072875977e-01 9.446390257763261911e-01 1.706841220374868684e-01
8.650116920471191406e-01 9.436633095621062006e-01 1.765428302668723692e-01
8.700003027915954590e-01 9.426851057805935019e-01 1.822871360458245826e-01
8.752766847610473633e-01 9.416490929868042148e-01 1.882355249228597760e-01
8.800578713417053223e-01 9.407100594143906758e-01 1.935136811072085128e-01
8.850453495979309082e-01 9.397303528344931323e-01 1.989140614741990443e-01
8.904453516006469727e-01 9.386714133895746048e-01 2.046411850873161853e-01
8.951393961906433105e-01 9.377511006844143626e-01 2.095280879685858799e-01
9.002791643142700195e-01 9.367459029510241120e-01 2.147852665236016367e-01
9.051100015640258789e-01 9.358030226250656503e-01 2.196391899044774221e-01
9.102151989936828613e-01 9.348088522518382959e-01 2.246838481486344574e-01
9.150880575180053711e-01 9.338618892381171932e-01 2.294243307674632415e-01
9.200681447982788086e-01 9.328949641379988833e-01 2.342027936662946508e-01
9.251860976219177246e-01 9.319016195345325437e-01 2.390491645877100835e-01
9.301075935363769531e-01 9.309471322708769980e-01 2.436538055163471606e-01
9.351788759231567383e-01 9.299619786879596006e-01 2.483462037158613578e-01
9.400666356086730957e-01 9.290120049484638098e-01 2.528192343832064148e-01
9.450813531875610352e-01 9.280359707359506771e-01 2.573571726053702768e-01
9.501041173934936523e-01 9.270565052192752953e-01 2.618482830143776252e-01
9.551179409027099609e-01 9.260742443950237268e-01 2.662693055737920256e-01
9.601100683212280273e-01 9.250908705767463269e-01 2.705959800912552393e-01
9.650048613548278809e-01 9.241227093864889941e-01 2.747450628200499012e-01
9.700684547424316406e-01 9.231227791409531980e-01 2.789422812582064148e-01
9.751319885253906250e-01 9.221281215122768549e-01 2.830955184808298108e-01
9.800267815589904785e-01 9.211645456522452591e-01 2.871438419117647300e-01
9.850903749465942383e-01 9.201578553784794945e-01 2.914053524241728144e-01
9.901539683341979980e-01 9.191400813254990698e-01 2.957469010553440136e-01
9.950591325759887695e-01 9.181508553128281402e-01 2.999917679474133347e-01
1.000000000000000000e+00 9.171539152770483705e-01 3.042800005744485392e-01
