5.085669433593750000e+03 0.000000000000000000e+00
5.074019042968750000e+03 -1.082917369785718620e-04
5.057050781250000000e+03 -2.663010673131793737e-04
5.046920410156250000e+03 -3.607897087931632996e-04
5.036790039062500000e+03 -4.551484598778188229e-04
5.026659667968750000e+03 -5.499363760463893414e-04
5.016529296875000000e+03 -6.449625361710786819e-04
5.006398925781250000e+03 -7.398963207378983498e-04
4.996268066406250000e+03 -8.349014096893370152e-04
4.986137695312500000e+03 -9.299723315052688122e-04
4.976007324218750000e+03 -1.025105128064751625e-03
4.973491699218750000e+03 -4.416076699271798134e-04
4.964094726562500000e+03 -4.377772856969386339e-04
4.949273925781250000e+03 -4.312102973926812410e-04
4.941863769531250000e+03 -4.307379713281989098e-04
4.932369628906250000e+03 -4.309546202421188354e-04
4.921948730468750000e+03 -4.317443235777318478e-04
4.910485839843750000e+03 -4.323414177633821964e-04
4.901107421875000000e+03 -4.306804621592164040e-04
4.891728515625000000e+03 -4.282075387891381979e-04
4.882350097656250000e+03 -4.291201476007699966e-04
4.869845214843750000e+03 -4.314687394071370363e-04
4.860466308593750000e+03 -4.336510319262742996e-04
4.851087890625000000e+03 -4.361348401289433241e-04
4.840145996093750000e+03 -4.393720591906458139e-04
4.830767578125000000e+03 -4.424063372425734997e-04
4.813602539062500000e+03 -4.485044628381729126e-04
4.803472167968750000e+03 -4.523976822383701801e-04
4.795874023437500000e+03 -4.554270708467811346e-04
4.788276367187500000e+03 -4.585839051287621260e-04
4.778145507812500000e+03 -4.629303002730011940e-04
4.768014648437500000e+03 -4.674443043768405914e-04
4.757884277343750000e+03 -4.721118893940001726e-04
4.747753417968750000e+03 -4.769215011037886143e-04
4.737623046875000000e+03 -4.818650486413389444e-04
4.727492187500000000e+03 -4.869361873716115952e-04
4.717361816406250000e+03 -4.921293002553284168e-04
4.707230957031250000e+03 -4.974397015757858753e-04
4.697100585937500000e+03 -5.028632003813982010e-04
4.686969726562500000e+03 -5.083961877971887589e-04
4.676839355468750000e+03 -5.140356952324509621e-04
4.666708496093750000e+03 -5.197789869271218777e-04
4.656577636718750000e+03 -5.256237927824258804e-04
4.646447265625000000e+03 -5.315680755302309990e-04
4.636316406250000000e+03 -5.376100889407098293e-04
4.626186035156250000e+03 -5.437483778223395348e-04
4.616055175781250000e+03 -5.499814869835972786e-04
4.605924804687500000e+03 -5.563083104789257050e-04
4.595793945312500000e+03 -5.627277423627674580e-04
4.585663574218750000e+03 -5.692389095202088356e-04
4.575532714843750000e+03 -5.758408806286752224e-04
4.565402343750000000e+03 -5.825328989885747433e-04
4.555271484375000000e+03 -5.893142661079764366e-04
4.545140625000000000e+03 -5.961843417026102543e-04
4.535010253906250000e+03 -6.031425436958670616e-04
4.524879394531250000e+03 -6.101882318034768105e-04
4.514749023437500000e+03 -6.173209403641521931e-04
4.504618164062500000e+03 -6.245400873012840748e-04
4.494487792968750000e+03 -6.318451487459242344e-04
4.484356933593750000e+03 -6.392357172444462776e-04
4.474226562500000000e+03 -6.467112107202410698e-04
4.464095703125000000e+03 -6.542712217196822166e-04
4.453965332031250000e+03 -6.619153427891433239e-04
4.443834472656250000e+03 -6.696429918520152569e-04
4.433704101562500000e+03 -6.774537032470107079e-04
4.423573242187500000e+03 -6.853470695205032825e-04
4.413442382812500000e+03 -6.933226250112056732e-04
4.403312011718750000e+03 -7.013799040578305721e-04
4.393181152343750000e+03 -7.095183827914297581e-04
4.383050781250000000e+03 -7.177375373430550098e-04
4.372919921875000000e+03 -7.260370184667408466e-04
4.362789550781250000e+03 -7.344161858782172203e-04
4.352658691406250000e+03 -7.428746321238577366e-04
4.342528320312500000e+03 -7.514118333347141743e-04
4.332397460937500000e+03 -7.600272656418383121e-04
4.322267089843750000e+03 -7.687204051762819290e-04
4.312136230468750000e+03 -7.775028934702277184e-04
4.302005859375000000e+03 -7.863499340601265430e-04
4.291875000000000000e+03 -7.952730520628392696e-04
4.281744628906250000e+03 -8.042717818170785904e-04
4.271613769531250000e+03 -8.133455412462353706e-04
4.261482910156250000e+03 -8.224936318583786488e-04
4.251352539062500000e+03 -8.317155879922211170e-04
4.241221679687500000e+03 -8.410106529481709003e-04
4.231091308593750000e+03 -8.503780700266361237e-04
4.222227050781250000e+03 -8.586326148360967636e-04
4.210830078125000000e+03 -8.693236159160733223e-04
4.203231933593750000e+03 -8.764981757849454880e-04
4.191834960937500000e+03 -8.873265469446778297e-04
4.180437988281250000e+03 -8.982270956039428711e-04
4.172840332031250000e+03 -9.055256377905607224e-04
4.161443359375000000e+03 -9.165079100057482719e-04
4.150046386718750000e+03 -9.275221382267773151e-04
4.142448242187500000e+03 -9.348867461085319519e-04
4.131051269531250000e+03 -9.459898574277758598e-04
4.117754882812500000e+03 -9.590981062501668930e-04
4.112056152343750000e+03 -9.647678816691040993e-04
4.100659179687500000e+03 -9.762140107341110706e-04
4.089262451171875000e+03 -9.877921547740697861e-04
4.077865478515625000e+03 -9.994866559281945229e-04
4.072166992187500000e+03 -1.005372381769120693e-03
4.060770019531250000e+03 -1.017211936414241791e-03
4.049373046875000000e+03 -1.029136474244296551e-03
4.037976074218750000e+03 -1.041128416545689106e-03
4.029428466796875000e+03 -1.050123246386647224e-03
4.020880615234375000e+03 -1.058754511177539825e-03
4.008059082031250000e+03 -1.059179776348173618e-03
3.999511474609375000e+03 -1.054365769959986210e-03
3.986689697265625000e+03 -1.053719315677881241e-03
3.980279052734375000e+03 -1.054081018082797527e-03
3.971063476562500000e+03 -1.054782769642770290e-03
3.960245117187500000e+03 -1.055765082128345966e-03
3.949427001953125000e+03 -1.056811306625604630e-03
3.938608642578125000e+03 -1.057872315868735313e-03
3.929818847656250000e+03 -1.058747177012264729e-03
3.919676757812500000e+03 -1.059822388924658298e-03
3.909534667968750000e+03 -1.061047893017530441e-03
3.899392578125000000e+03 -1.062433118931949139e-03
3.889250488281250000e+03 -1.063839183188974857e-03
3.879108398437500000e+03 -1.065133139491081238e-03
3.868966308593750000e+03 -1.066386816091835499e-03
3.858824218750000000e+03 -1.067780307494103909e-03
3.848682128906250000e+03 -1.069397083483636379e-03
3.837525878906250000e+03 -1.071395934559404850e-03
3.828397949218750000e+03 -1.073128194548189640e-03
3.819270263671875000e+03 -1.074914354830980301e-03
3.805578369140625000e+03 -1.077661174349486828e-03
3.796450439453125000e+03 -1.079521025530993938e-03
3.785040527343750000e+03 -1.081881928257644176e-03
3.778194824218750000e+03 -1.083311391994357109e-03
3.764502929687500000e+03 -1.086204661987721920e-03
3.757656982421875000e+03 -1.087669748812913895e-03
3.747526367187500000e+03 -1.089858822524547577e-03
3.737395751953125000e+03 -1.092068618163466454e-03
3.727265136718750000e+03 -1.094306702725589275e-03
3.717134521484375000e+03 -1.096561900340020657e-03
3.707003662109375000e+03 -1.098847133107483387e-03
3.697189697265625000e+03 -1.101084169931709766e-03
3.686610107421875000e+03 -1.103516435250639915e-03
3.675235839843750000e+03 -1.106157898902893066e-03
3.666385498046875000e+03 -1.108230906538665295e-03
3.656040771484375000e+03 -1.110646524466574192e-03
3.646119628906250000e+03 -1.113026984967291355e-03
3.635896240234375000e+03 -1.115445280447602272e-03
3.624902832031250000e+03 -1.117977895773947239e-03
3.616247802734375000e+03 -1.119851833209395409e-03
3.606284667968750000e+03 -1.121911103837192059e-03
3.596426025390625000e+03 -1.124035450629889965e-03
3.585158935546875000e+03 -1.126648858189582825e-03
3.575300292968750000e+03 -1.129015581682324409e-03
3.565441650390625000e+03 -1.131401280872523785e-03
3.555582763671875000e+03 -1.133799552917480469e-03
3.545724121093750000e+03 -1.136226230300962925e-03
3.534457031250000000e+03 -1.139032887294888496e-03
3.524598388671875000e+03 -1.141563523560762405e-03
3.514739746093750000e+03 -1.144134788773953915e-03
3.504881103515625000e+03 -1.146725495345890522e-03
3.495158935546875000e+03 -1.149285933934152126e-03
3.484509765625000000e+03 -1.152140088379383087e-03
3.474341552734375000e+03 -1.154873869381844997e-03
3.464136230468750000e+03 -1.157628255896270275e-03
3.453725830078125000e+03 -1.160462154075503349e-03
3.444096679687500000e+03 -1.163093722425401211e-03
3.434101806640625000e+03 -1.165830995887517929e-03
3.424065673828125000e+03 -1.168605871498584747e-03
3.413635742187500000e+03 -1.171495532616972923e-03
3.403489746093750000e+03 -1.174320350401103497e-03
3.393455566406250000e+03 -1.177116530016064644e-03
3.383154052734375000e+03 -1.180018647573888302e-03
3.372670410156250000e+03 -1.182974549010396004e-03
3.363442138671875000e+03 -1.185584231279790401e-03
3.353183105468750000e+03 -1.188501366414129734e-03
3.342807128906250000e+03 -1.191460294649004936e-03
3.332641113281250000e+03 -1.194346928969025612e-03
3.322165283203125000e+03 -1.197355682961642742e-03
3.312785644531250000e+03 -1.200052909553050995e-03
3.302108398437500000e+03 -1.203156192786991596e-03
3.292096435546875000e+03 -1.206060871481895447e-03
3.281664306640625000e+03 -1.209070789627730846e-03
3.271837402343750000e+03 -1.211939728818833828e-03
3.261896728515625000e+03 -1.214849064126610756e-03
3.251585205078125000e+03 -1.217837212607264519e-03
3.241845458984375000e+03 -1.220699283294379711e-03
3.231704101562500000e+03 -1.223661005496978760e-03
3.221210205078125000e+03 -1.226756372489035130e-03
3.211293945312500000e+03 -1.229666522704064846e-03
3.200772216796875000e+03 -1.232782611623406410e-03
3.190746337890625000e+03 -1.235756906680762768e-03
3.180802246093750000e+03 -1.238719909451901913e-03
3.170830322265625000e+03 -1.241707359440624714e-03
3.160768798828125000e+03 -1.244737650267779827e-03
3.150184326171875000e+03 -1.247942331247031689e-03
3.140074707031250000e+03 -1.251019421033561230e-03
3.130270751953125000e+03 -1.254016882739961147e-03
3.120128417968750000e+03 -1.257130992598831654e-03
3.110148925781250000e+03 -1.260213088244199753e-03
3.099970214843750000e+03 -1.263366546481847763e-03
3.089682861328125000e+03 -1.266564824618399143e-03
3.079425292968750000e+03 -1.269771601073443890e-03
3.069453125000000000e+03 -1.272900728508830070e-03
3.059541748046875000e+03 -1.276019727811217308e-03
