0.000000000000000000e+00 1.000000000000000000e+00 0.000000000000000000e+00
5.750000011175870895e-03 9.998875933346049738e-01 1.218584516052566170e-08
1.412499975413084030e-02 9.997244892192297394e-01 4.001510503791184645e-08
1.912499964237213135e-02 9.996275605055793267e-01 7.032065633242821248e-08
2.412500046193599701e-02 9.995309313309602706e-01 1.338101293217262445e-07
2.912499941885471344e-02 9.994345249800845599e-01 4.965471315041088045e-07
3.412500023841857910e-02 9.993308225068553430e-01 -5.346979315649589822e-06
3.912499919533729553e-02 9.992168037541981906e-01 -9.135770659636834338e-06
4.412499815225601196e-02 9.990993405210562006e-01 -1.167462624866387004e-05
4.912500083446502686e-02 9.989777238204562426e-01 -1.370601741404368954e-05
5.412499979138374329e-02 9.988518817671414585e-01 -1.543998549660218313e-05
5.912499874830245972e-02 9.987214133657257298e-01 -1.696703538041690405e-05
6.412500143051147461e-02 9.985861418576076343e-01 -1.833883138245035745e-05
6.912499666213989258e-02 9.984459758832537890e-01 -1.958795373552832145e-05
7.412499934434890747e-02 9.983009463754193291e-01 -2.073625439842199516e-05
7.912500202655792236e-02 9.981512252626748571e-01 -2.179886535580815963e-05
8.037500083446502686e-02 9.981130511596285615e-01 -2.220578708461132508e-05
8.506249636411666870e-02 9.979673827516621909e-01 -2.307018489930136602e-05
9.068749845027923584e-02 9.977877559333011570e-01 -2.341935860699620705e-05
9.537500143051147461e-02 9.976341695621095962e-01 -2.052392690153471261e-05
1.000624969601631165e-01 9.974784495501681780e-01 -1.023653473159105625e-05
1.061562523245811462e-01 9.972759446193432131e-01 9.956942261036100760e-06
1.103750020265579224e-01 9.971352176419620017e-01 2.037021251202657469e-05
1.151210963726043701e-01 9.969749647995520547e-01 2.673402998660659026e-05
1.214492172002792358e-01 9.967590311477924070e-01 3.063388706730871692e-05
1.261953115463256836e-01 9.965959886024737813e-01 3.223023016069983334e-05
1.309414058923721313e-01 9.964324022161550332e-01 3.337596767935259402e-05
1.356875002384185791e-01 9.962685071188828179e-01 3.429321604299134292e-05
1.404335945844650269e-01 9.961044874684563677e-01 3.509308564765700072e-05
1.459707021713256836e-01 9.959131088750116101e-01 3.592909618826776042e-05
1.545302718877792358e-01 9.956175565719604936e-01 3.715862263122509383e-05
1.595302671194076538e-01 9.954455190691454680e-01 3.779783106312669300e-05
1.645302772521972656e-01 9.952735925542898210e-01 3.845554150255589977e-05
1.695302724838256836e-01 9.951019953037130161e-01 3.909574147185374834e-05
1.745302677154541016e-01 9.949307507482068047e-01 3.971884043180736698e-05
1.795302778482437134e-01 9.947597224136878191e-01 4.033352938833935320e-05
1.845302730798721313e-01 9.945892021573822239e-01 4.091770950190980069e-05
1.895302683115005493e-01 9.944190136317547779e-01 4.149995471254504703e-05
1.945302784442901611e-01 9.942491761569318687e-01 4.206929789406472169e-05
1.995302736759185791e-01 9.940796338278671263e-01 4.263064053294987187e-05
2.045302689075469971e-01 9.939103854113611192e-01 4.318364542619935304e-05
2.095302790403366089e-01 9.937413906228952376e-01 4.372961321396046601e-05
2.145302742719650269e-01 9.935726239763458256e-01 4.426902561480628893e-05
2.195302695035934448e-01 9.934040595745218249e-01 4.480252893448903806e-05
2.245302796363830566e-01 9.932356550775726101e-01 4.533080560765389785e-05
2.295302748680114746e-01 9.930673804776422031e-01 4.585444573955289155e-05
2.345302700996398926e-01 9.928991950791458132e-01 4.637389491986611560e-05
2.395302802324295044e-01 9.927310631192962642e-01 4.688964289580953672e-05
2.445302754640579224e-01 9.925629476021076147e-01 4.740226772967083514e-05
2.495302706956863403e-01 9.923948156422582878e-01 4.791213873902271651e-05
2.545302808284759521e-01 9.922266253109637280e-01 4.841965735600940019e-05
2.595302760601043701e-01 9.920583511220998352e-01 4.892531332784685292e-05
2.645302712917327881e-01 9.918899281271572610e-01 4.942937561407171704e-05
2.695302665233612061e-01 9.917213464605397766e-01 4.993217740336368941e-05
2.745302617549896240e-01 9.915525617270632974e-01 5.043408399897402801e-05
2.795302867889404297e-01 9.913835410414071347e-01 5.093537238908225022e-05
2.845302820205688477e-01 9.912142391862539537e-01 5.143631554754643932e-05
2.895302772521972656e-01 9.910446413632097995e-01 5.193718644822465822e-05
2.945302724838256836e-01 9.908746933114939148e-01 5.243825003633211516e-05
2.995302677154541016e-01 9.907043884540426282e-01 5.293976724276255034e-05
3.045302629470825195e-01 9.905336758186077395e-01 5.344201907001692884e-05
3.095302879810333252e-01 9.903625282747992031e-01 5.394519017688159332e-05
3.145302832126617432e-01 9.901909244471582827e-01 5.444949733671443403e-05
3.195302784442901611e-01 9.900188339167627083e-01 5.495497266408698499e-05
3.245302736759185791e-01 9.898462361302868828e-01 5.546185701828578189e-05
3.295302689075469971e-01 9.896730899810790572e-01 5.597024272870400623e-05
3.345302641391754150e-01 9.894993930027402573e-01 5.648045094105703890e-05
3.395302593708038330e-01 9.893250975115546186e-01 5.699271047166709289e-05
3.445302844047546387e-01 9.891502026853891127e-01 5.750715379314175874e-05
3.495302796363830566e-01 9.889746616626607922e-01 5.802376886251671374e-05
3.545302748680114746e-01 9.887984793761681601e-01 5.854272026697109602e-05
3.595302700996398926e-01 9.886216245848556960e-01 5.906412442182672575e-05
3.645302653312683105e-01 9.884440734468658007e-01 5.958768828161831513e-05
3.695302605628967285e-01 9.882658193851339146e-01 6.011386546466884919e-05
3.745302855968475342e-01 9.880868426684674688e-01 6.064267604258553922e-05
3.795302808284759521e-01 9.879071210992746988e-01 6.117410395808261484e-05
3.845302760601043701e-01 9.877266390570278443e-01 6.170820139733881459e-05
3.895302712917327881e-01 9.875453768105343366e-01 6.224482384478223875e-05
3.945302665233612061e-01 9.873633540909866335e-01 6.278405158684171900e-05
3.995302617549896240e-01 9.871805059498754975e-01 6.332606928230359122e-05
4.045302867889404297e-01 9.869968521183934973e-01 6.387096926056105048e-05
4.095302820205688477e-01 9.868123802645453191e-01 6.441855481986342460e-05
4.145302772521972656e-01 9.866270591472756646e-01 6.496864933006721884e-05
4.195302724838256836e-01 9.864408994543142351e-01 6.552132103463699639e-05
4.245302677154541016e-01 9.862538756995364864e-01 6.607654986196551204e-05
4.295302629470825195e-01 9.860659862386770280e-01 6.663407086683758467e-05
4.345302879810333252e-01 9.858772228504049107e-01 6.719335817314427942e-05
4.395302832126617432e-01 9.856875616928626460e-01 6.775419099320625156e-05
4.445302784442901611e-01 9.854970175644446329e-01 6.831581864891380772e-05
4.495302736759185791e-01 9.853055575798297383e-01 6.887794408048021242e-05
4.545302689075469971e-01 9.851131916046143022e-01 6.944061545976277009e-05
4.557802677154541016e-01 9.850649422612682837e-01 6.999383712637012795e-05
4.607802629470825195e-01 9.848713644619646601e-01 7.073916013127770543e-05
4.657802879810333252e-01 9.846768247670141250e-01 7.157513454299548343e-05
4.707802832126617432e-01 9.844812804254992056e-01 7.254211232066154480e-05
4.757802784442901611e-01 9.842846919750345425e-01 7.375923852468358919e-05
4.807802736759185791e-01 9.840869640481881842e-01 7.536470215639164269e-05
4.857802689075469971e-01 9.838879322183542442e-01 7.766322232782840729e-05
4.907802641391754150e-01 9.836873629997515689e-01 8.068315620566236422e-05
4.957802593708038330e-01 9.834849949540762637e-01 8.437403574072081000e-05
5.007802844047546387e-01 9.832807310696306535e-01 8.763450775937787324e-05
5.057802796363830566e-01 9.830752323413717297e-01 8.557093779331650853e-05
5.107802748680114746e-01 9.828696020718279414e-01 7.089496397509656683e-05
5.164052844047546387e-01 9.826387668478078208e-01 4.682933975910318449e-05
5.201552510261535645e-01 9.824852104844717937e-01 3.094218093259581298e-05
5.253115296363830566e-01 9.822742659470129478e-01 1.216884541871218834e-05
5.302333831787109375e-01 9.820728861052414604e-01 -4.138175803557809349e-06
5.365615487098693848e-01 9.818128947553963481e-01 -1.946903749144282799e-05
5.407802462577819824e-01 9.816387028529727221e-01 -2.518147511150816496e-05
5.471084117889404297e-01 9.813756992077005137e-01 -2.757012081364619181e-05
5.513271689414978027e-01 9.811990639259076108e-01 -2.597288854805559959e-05
5.566005706787109375e-01 9.809768331461938828e-01 -2.196878556097889710e-05
5.629287362098693848e-01 9.807080992336931757e-01 -1.641984523177660827e-05
5.660927891731262207e-01 9.805729849585171909e-01 -1.335235669855670700e-05
5.724208950996398926e-01 9.803008753677893150e-01 -5.703280952855430888e-06
5.771669745445251465e-01 9.800961921954977063e-01 -7.649264418809064978e-07
5.819131135940551758e-01 9.798900341165476258e-01 4.673488076840495300e-06
5.866591930389404297e-01 9.796829042763546269e-01 9.857547662124552335e-06
5.916591882705688477e-01 9.794629524494039563e-01 1.630195565039998569e-05
5.954091548919677734e-01 9.792984732266131198e-01 2.197565205780596580e-05
6.000967025756835938e-01 9.790911016793086841e-01 2.965463750899351958e-05
6.057216525077819824e-01 9.788408180762981914e-01 4.139648557736956097e-05
6.113466620445251465e-01 9.785889214482800247e-01 5.558207390251858294e-05
6.169716715812683105e-01 9.783352523014462454e-01 7.482418180282772988e-05
6.225966811180114746e-01 9.780794620513916238e-01 1.009280054733671005e-04
6.254091858863830566e-01 9.779505335051437154e-01 1.172843180468370193e-04
6.310341954231262207e-01 9.776897216665334511e-01 1.585504907215463835e-04
6.359560489654541016e-01 9.774563723597033960e-01 2.037240674012693968e-04
6.401748061180114746e-01 9.772506023275442377e-01 2.357641491910506958e-04
6.454482674598693848e-01 9.769910565738019192e-01 2.422072635642413482e-04
6.501943469047546387e-01 9.767638338023217903e-01 1.673936554840926513e-04
6.565224528312683105e-01 9.764711906170022715e-01 6.536687804578707650e-05
6.612685322761535645e-01 9.762545125237827026e-01 1.397377165066527938e-05
6.660146713256835938e-01 9.760347908940808503e-01 1.917555245795640487e-05
6.703652143478393555e-01 9.758292543477026237e-01 6.490140543158711404e-05
6.751113533973693848e-01 9.756006257287387351e-01 1.428484081708151793e-04
6.804506778717041016e-01 9.753356095018057559e-01 2.346793029071955901e-04
6.851967573165893555e-01 9.750959429247625376e-01 2.869888818983374083e-04
6.905361413955688477e-01 9.748338140290359055e-01 2.159421043149356231e-04
6.952822208404541016e-01 9.746152631167707137e-01 1.030684256091200058e-04
7.000283002853393555e-01 9.743975754441885906e-01 6.802571166692108616e-05
7.053676843643188477e-01 9.741294860839844194e-01 2.238295233712114015e-04
7.100025415420532227e-01 9.738852106291672195e-01 3.412598744034767151e-04
7.150081992149353027e-01 9.736416438530230977e-01 2.077127293009182465e-04
7.200137972831726074e-01 9.734211527068039604e-01 4.582544628145366207e-05
7.250194549560546875e-01 9.731648724654625715e-01 2.909130898529085451e-04
7.300251126289367676e-01 9.729041083105679499e-01 2.899205569049407715e-04
7.350307703018188477e-01 9.726871671347782078e-01 5.055051939240817413e-05
7.401198148727416992e-01 9.724140841385413569e-01 3.592320557298331481e-04
7.450003623962402344e-01 9.722060828373348951e-01 -3.600294364552045971e-05
7.500685453414916992e-01 9.719549211962469348e-01 3.104992532010736024e-04
7.551367878913879395e-01 9.717518444718985515e-01 -1.440555949149460572e-04
7.600172758102416992e-01 9.715088087936927241e-01 1.258753031363775009e-04
7.650855183601379395e-01 9.713019831427212036e-01 5.525058729509855419e-05
7.701537013053894043e-01 9.711156286042312846e-01 -3.607323842829671568e-04
7.750811576843261719e-01 9.709579533544079322e-01 -7.526638821281235719e-04
7.800437808036804199e-01 9.708214891367944466e-01 -9.982580768650975347e-04
7.850064039230346680e-01 9.707142895665661353e-01 -1.238850427084955616e-03
7.900745868682861328e-01 9.706270382322113033e-01 -1.314236043856061671e-03
7.950372695922851562e-01 9.706351477524328697e-01 -2.279816002681337404e-03
8.001054525375366211e-01 9.706984980352993952e-01 -2.850337275143327489e-03
8.050152659416198730e-01 9.709379952529382241e-01 -4.354073055859269438e-03
8.100042939186096191e-01 9.713235263166757338e-01 -5.772280281987683496e-03
8.150527477264404297e-01 9.718909724005337925e-01 -7.348170054369959278e-03
8.200417757034301758e-01 9.727294905432339878e-01 -1.005164610928502636e-02
8.250308036804199219e-01 9.738997196329050032e-01 -1.247138607090917187e-02
8.300198316574096680e-01 9.755030796445648411e-01 -1.585171654306609043e-02
8.350088596343994141e-01 9.776301630612078686e-01 -1.959558602037100861e-02
8.400275707244873047e-01 9.802442188920645894e-01 -2.361902286266458553e-02
8.450165987014770508e-01 9.832839324556548188e-01 -2.842444181442260742e-02
8.500056266784667969e-01 9.866899293044518737e-01 -3.290010526262480972e-02
8.550243377685546875e-01 9.902822732925414817e-01 -3.807976328093429924e-02
8.600133657455444336e-01 9.938534946277224336e-01 -4.482905207009151016e-02
8.650023937225341797e-01 9.972539291299622466e-01 -5.265983219804434845e-02
8.700211048126220703e-01 1.000235539083850878e+00 -6.294375863568536789e-02
8.750101327896118164e-01 1.003242937860817863e+00 -6.443472155209245544e-02
8.800288438796997070e-01 1.005856522198381064e+00 -6.584305187751507416e-02
8.850178718566894531e-01 1.007992423813918403e+00 -6.873809058090736557e-02
8.900068998336791992e-01 1.009369113527495365e+00 -7.864798348525474381e-02
8.950256109237670898e-01 1.011729354693971850e+00 -6.721077705251760070e-02
9.000146389007568359e-01 1.012504187945661993e+00 -7.786820674764699524e-02
9.050036668777465820e-01 1.015129260359139307e+00 -5.550937405947981018e-02
9.100223779678344727e-01 1.015866136550903409e+00 -6.298757010492785080e-02
9.150003194808959961e-01 1.018906274335137585e+00 -2.929554108915657928e-02
9.200012087821960449e-01 1.015063848166630311e+00 1.852653766500538812e-01
9.212571978569030762e-01 1.013383466621925022e+00 2.672837191614611529e-01
