2.258195800781250000e+03 0.000000000000000000e+00
2.251729980468750000e+03 -2.716452872846275568e-04
2.242312011718750000e+03 -6.694679032079875469e-04
2.236689208984375000e+03 -9.085723431780934334e-04
2.231066650390625000e+03 -1.148859038949012756e-03
2.225444091796875000e+03 -1.390286488458514214e-03
2.219821289062500000e+03 -1.632205443456768990e-03
2.214197753906250000e+03 -1.799400895833969116e-03
2.208575683593750000e+03 -1.770214643329381943e-03
2.202952880859375000e+03 -1.741435378789901733e-03
2.197329833984375000e+03 -1.721980050206184387e-03
2.191707031250000000e+03 -1.705982373096048832e-03
2.186083984375000000e+03 -1.691104844212532043e-03
2.180461181640625000e+03 -1.677403575740754604e-03
2.174838134765625000e+03 -1.664927462115883827e-03
2.169215332031250000e+03 -1.653729472309350967e-03
2.163592285156250000e+03 -1.643862924538552761e-03
2.157969482421875000e+03 -1.635366235859692097e-03
2.152346435546875000e+03 -1.628256053663790226e-03
2.146723632812500000e+03 -1.622525276616215706e-03
2.141100585937500000e+03 -1.618144568055868149e-03
2.135477783203125000e+03 -1.615065732039511204e-03
2.129854980468750000e+03 -1.613227068446576595e-03
2.124231933593750000e+03 -1.612557214684784412e-03
2.118609130859375000e+03 -1.612979685887694359e-03
2.112986083984375000e+03 -1.614416018128395081e-03
2.107363281250000000e+03 -1.616789028048515320e-03
2.101740234375000000e+03 -1.620024093426764011e-03
2.096117431640625000e+03 -1.624051015824079514e-03
2.090494628906250000e+03 -1.628804020583629608e-03
2.084871582031250000e+03 -1.634222804568707943e-03
2.079248779296875000e+03 -1.640108297578990459e-03
2.073625732421875000e+03 -1.646720338612794876e-03
2.068002929687500000e+03 -1.653821556828916073e-03
2.062380126953125000e+03 -1.661410671658813953e-03
2.056757080078125000e+03 -1.669426332227885723e-03
2.051134277343750000e+03 -1.677846186794340611e-03
2.045511352539062500e+03 -1.686636009253561497e-03
2.039888427734375000e+03 -1.695771119557321072e-03
2.034265502929687500e+03 -1.705226954072713852e-03
2.028642578125000000e+03 -1.714982790872454643e-03
2.023019775390625000e+03 -1.725019887089729309e-03
2.017396850585937500e+03 -1.735321711748838425e-03
2.011773925781250000e+03 -1.745873712934553623e-03
2.006151000976562500e+03 -1.756662852130830288e-03
2.000528198242187500e+03 -1.767677837051451206e-03
1.994905273437500000e+03 -1.778909005224704742e-03
1.989282348632812500e+03 -1.790347276255488396e-03
1.983659423828125000e+03 -1.801985432393848896e-03
1.978036621093750000e+03 -1.813816721551120281e-03
1.972413696289062500e+03 -1.825835555791854858e-03
1.966790771484375000e+03 -1.838037162087857723e-03
1.961167846679687500e+03 -1.850417116656899452e-03
1.955545043945312500e+03 -1.862972159869968891e-03
1.949922119140625000e+03 -1.875699264928698540e-03
1.944299194335937500e+03 -1.888595870696008205e-03
1.938676269531250000e+03 -1.901659998111426830e-03
1.933053466796875000e+03 -1.914890017360448837e-03
1.927430541992187500e+03 -1.928284647874534130e-03
1.921807617187500000e+03 -1.941842958331108093e-03
1.916184814453125000e+03 -1.955563900992274284e-03
1.910561889648437500e+03 -1.969447359442710876e-03
1.904938964843750000e+03 -1.983493100851774216e-03
1.899316040039062500e+03 -1.997700426727533340e-03
1.893693237304687500e+03 -2.012070035561919212e-03
1.888070312500000000e+03 -2.026601694524288177e-03
1.882447387695312500e+03 -2.041295869275927544e-03
1.876824462890625000e+03 -2.056152792647480965e-03
1.871201660156250000e+03 -2.071173163130879402e-03
1.865578735351562500e+03 -2.086357446387410164e-03
1.859955810546875000e+03 -2.101706340909004211e-03
1.854333007812500000e+03 -2.117220079526305199e-03
1.848710083007812500e+03 -2.132900059223175049e-03
1.843087158203125000e+03 -2.148746512830257416e-03
1.837464233398437500e+03 -2.164760138839483261e-03
1.831841430664062500e+03 -2.180942334234714508e-03
1.826218505859375000e+03 -2.197293331846594810e-03
1.820595581054687500e+03 -2.213814295828342438e-03
1.814972778320312500e+03 -2.230506157502532005e-03
1.809349853515625000e+03 -2.247369382530450821e-03
1.803726928710937500e+03 -2.264405135065317154e-03
1.798104003906250000e+03 -2.281614346429705620e-03
1.792481201171875000e+03 -2.298997715115547180e-03
1.786858276367187500e+03 -2.316555939614772797e-03
1.781235351562500000e+03 -2.334290416911244392e-03
1.775612548828125000e+03 -2.352201612666249275e-03
1.769989624023437500e+03 -2.370290458202362061e-03
1.764366699218750000e+03 -2.388557884842157364e-03
1.758743896484375000e+03 -2.407004823908209801e-03
1.753120971679687500e+03 -2.425631973892450333e-03
1.747498046875000000e+03 -2.444440033286809921e-03
1.741875244140625000e+03 -2.463430166244506836e-03
1.736252319335937500e+03 -2.482603071257472038e-03
1.730629394531250000e+03 -2.501959679648280144e-03
1.725006469726562500e+03 -2.521500689908862114e-03
1.719383666992187500e+03 -2.541226800531148911e-03
1.713760742187500000e+03 -2.561138942837715149e-03
1.708137817382812500e+03 -2.581238048151135445e-03
1.702515014648437500e+03 -2.601524582132697105e-03
1.696892089843750000e+03 -2.621999708935618401e-03
1.691269165039062500e+03 -2.642663894221186638e-03
1.685646362304687500e+03 -2.663518069311976433e-03
1.680023437500000000e+03 -2.684562932699918747e-03
1.674400512695312500e+03 -2.705799415707588196e-03
1.668777709960937500e+03 -2.727227983996272087e-03
1.663154785156250000e+03 -2.748849568888545036e-03
1.657531860351562500e+03 -2.770710503682494164e-03
1.651909057617187500e+03 -2.792683197185397148e-03
1.646286132812500000e+03 -2.814878942444920540e-03
1.640663208007812500e+03 -2.837328473106026649e-03
1.635040405273437500e+03 -2.859886037185788155e-03
1.629417480468750000e+03 -2.882721833884716034e-03
1.623794677734375000e+03 -2.905667992308735847e-03
1.618171752929687500e+03 -2.928907517343759537e-03
1.612548828125000000e+03 -2.952246926724910736e-03
1.606926025390625000e+03 -2.975891344249248505e-03
1.601303100585937500e+03 -2.999622374773025513e-03
1.595680175781250000e+03 -3.023678902536630630e-03
1.590057373046875000e+03 -3.047798061743378639e-03
1.584434448242187500e+03 -3.072275081649422646e-03
1.578811523437500000e+03 -3.096774453297257423e-03
1.573188720703125000e+03 -3.121685702353715897e-03
1.567565795898437500e+03 -3.146548755466938019e-03
1.561942993164062500e+03 -3.171915188431739807e-03
1.556320068359375000e+03 -3.197340294718742371e-03
1.550697143554687500e+03 -3.222969826310873032e-03
1.545074340820312500e+03 -3.248806577175855637e-03
1.539451416015625000e+03 -3.274850547313690186e-03
1.533828491210937500e+03 -3.301101969555020332e-03
1.528205688476562500e+03 -3.327560843899846077e-03
1.522582763671875000e+03 -3.354226704686880112e-03
1.516959838867187500e+03 -3.381099086254835129e-03
1.511337036132812500e+03 -3.408176824450492859e-03
1.505714111328125000e+03 -3.435458522289991379e-03
1.500091308593750000e+03 -3.462943714112043381e-03
1.494468383789062500e+03 -3.490682924166321754e-03
1.488845458984375000e+03 -3.518587211146950722e-03
1.483222656250000000e+03 -3.546692198142409325e-03
1.477599731445312500e+03 -3.574994858354330063e-03
1.476194091796875000e+03 -3.581795841455459595e-03
1.469516845703125000e+03 -3.615848720073699951e-03
1.463191162109375000e+03 -3.648170502856373787e-03
1.456865356445312500e+03 -3.680683439597487450e-03
1.453702514648437500e+03 -3.697016742080450058e-03
1.447376831054687500e+03 -3.729822346940636635e-03
1.441051025390625000e+03 -3.762808861210942268e-03
1.434725341796875000e+03 -3.795974189415574074e-03
1.431562500000000000e+03 -3.812623675912618637e-03
1.425236694335937500e+03 -3.846061183139681816e-03
1.418911010742187500e+03 -3.879705211147665977e-03
1.412585327148437500e+03 -3.913536667823791504e-03
1.406259521484375000e+03 -3.947728779166936874e-03
1.403096679687500000e+03 -3.964948002249002457e-03
1.396770996093750000e+03 -3.999663516879081726e-03
1.390445190429687500e+03 -4.034767393022775650e-03
1.384119506835937500e+03 -4.070282913744449615e-03
1.380956665039062500e+03 -4.088195972144603729e-03
1.374630859375000000e+03 -4.124326165765523911e-03
1.368305175781250000e+03 -4.160826094448566437e-03
1.361979370117187500e+03 -4.197628702968358994e-03
1.355653686523437500e+03 -4.234603140503168106e-03
1.352490844726562500e+03 -4.253084305673837662e-03
1.346165161132812500e+03 -4.289769101887941360e-03
1.339839355468750000e+03 -4.325374495238065720e-03
1.333513671875000000e+03 -4.358191974461078644e-03
1.330350830078125000e+03 -4.372453317046165466e-03
1.324025024414062500e+03 -4.393078852444887161e-03
1.317699218750000000e+03 -4.397406242787837982e-03
1.311373413085937500e+03 -4.383540712296962738e-03
1.305047607421875000e+03 -4.360693041235208511e-03
1.301884765625000000e+03 -4.350081551820039749e-03
1.295558959960937500e+03 -4.334419500082731247e-03
1.290814697265625000e+03 -4.329074174165725708e-03
1.284488891601562500e+03 -4.329428076744079590e-03
1.279744506835937500e+03 -4.333276301622390747e-03
1.273418823242187500e+03 -4.340940620750188828e-03
1.267093017578125000e+03 -4.350191447883844376e-03
1.262348754882812500e+03 -4.357934929430484772e-03
1.256022949218750000e+03 -4.369648173451423645e-03
1.251278686523437500e+03 -4.379650577902793884e-03
1.244952880859375000e+03 -4.395016003400087357e-03
1.240208618164062500e+03 -4.407236818224191666e-03
1.234673583984375000e+03 -4.422653000801801682e-03
1.228743164062500000e+03 -4.438786767423152924e-03
1.222812744140625000e+03 -4.454180132597684860e-03
1.216882324218750000e+03 -4.468898754566907883e-03
1.212138061523437500e+03 -4.480580333620309830e-03
1.206207641601562500e+03 -4.495234228670597076e-03
1.200277221679687500e+03 -4.510399419814348221e-03
1.194346923828125000e+03 -4.526256583631038666e-03
1.189602539062500000e+03 -4.539425019174814224e-03
1.183672119140625000e+03 -4.556258674710988998e-03
1.178334838867187500e+03 -4.572118166834115982e-03
1.171218383789062500e+03 -4.593300633132457733e-03
1.165880981445312500e+03 -4.609288647770881653e-03
1.160543579101562500e+03 -4.625353030860424042e-03
1.155206298828125000e+03 -4.641355946660041809e-03
1.149868896484375000e+03 -4.657235462218523026e-03
1.144531494140625000e+03 -4.672838840633630753e-03
1.139194213867187500e+03 -4.687873180955648422e-03
1.133619628906250000e+03 -4.703010898083448410e-03
