6.279363769531250000e+03 0.000000000000000000e+00
6.266855468750000000e+03 -7.012525747995823622e-05
6.254347167968750000e+03 -1.402363559463992715e-04
6.241838867187500000e+03 -2.103393780998885632e-04
6.229330566406250000e+03 -2.784176613204181194e-04
6.216821777343750000e+03 -2.787094272207468748e-04
6.204313476562500000e+03 -2.528363838791847229e-04
6.191804687500000000e+03 -2.453783527016639709e-04
6.179296386718750000e+03 -2.425572602078318596e-04
6.166788085937500000e+03 -2.390664885751903057e-04
6.154279296875000000e+03 -2.344462845940142870e-04
6.141770996093750000e+03 -2.316048048669472337e-04
6.129262207031250000e+03 -2.337907790206372738e-04
6.116753906250000000e+03 -2.312784636160358787e-04
6.104245605468750000e+03 -2.197287831222638488e-04
6.091736816406250000e+03 -2.194150583818554878e-04
6.079228515625000000e+03 -2.197611902374774218e-04
6.066719726562500000e+03 -2.205789787694811821e-04
6.054211425781250000e+03 -2.217602450400590897e-04
6.041703125000000000e+03 -2.233241539215669036e-04
6.029194335937500000e+03 -2.251852274639531970e-04
6.016686035156250000e+03 -2.273075660923495889e-04
6.004177246093750000e+03 -2.296620223205536604e-04
5.991668945312500000e+03 -2.322254294995218515e-04
5.979160644531250000e+03 -2.349782735109329224e-04
5.966651855468750000e+03 -2.379043871769681573e-04
5.954143554687500000e+03 -2.409901935607194901e-04
5.941635253906250000e+03 -2.442242403049021959e-04
5.929126464843750000e+03 -2.475967630743980408e-04
5.916618164062500000e+03 -2.510994672775268555e-04
5.904109863281250000e+03 -2.547251642681658268e-04
5.891601074218750000e+03 -2.584676549304276705e-04
5.879092773437500000e+03 -2.623215259518474340e-04
5.866583984375000000e+03 -2.662820625118911266e-04
5.854075683593750000e+03 -2.703450154513120651e-04
5.841567382812500000e+03 -2.745067467913031578e-04
5.829058593750000000e+03 -2.787638804875314236e-04
5.816550292968750000e+03 -2.831134479492902756e-04
5.804041992187500000e+03 -2.875527716241776943e-04
5.791533203125000000e+03 -2.920793485827744007e-04
5.779024902343750000e+03 -2.966909378301352262e-04
5.766516113281250000e+03 -3.013854438904672861e-04
5.754007812500000000e+03 -3.061609168071299791e-04
5.741499511718750000e+03 -3.110304241999983788e-04
5.728990722656250000e+03 -3.159631451126188040e-04
5.716482421875000000e+03 -3.209717688150703907e-04
5.703974121093750000e+03 -3.260547528043389320e-04
5.691465332031250000e+03 -3.312105254735797644e-04
5.678957031250000000e+03 -3.364376025274395943e-04
5.666448730468750000e+03 -3.417345287743955851e-04
5.653939941406250000e+03 -3.470997035037726164e-04
5.641431640625000000e+03 -3.525315551087260246e-04
5.628922851562500000e+03 -3.580284537747502327e-04
5.616414550781250000e+03 -3.635887405835092068e-04
5.603906250000000000e+03 -3.692101454362273216e-04
5.591397460937500000e+03 -3.748910676222294569e-04
5.578889160156250000e+03 -3.806294698733836412e-04
5.566380859375000000e+03 -3.864229656755924225e-04
5.553872070312500000e+03 -3.922698087990283966e-04
5.541363769531250000e+03 -3.981691552326083183e-04
5.528855468750000000e+03 -4.041213251184672117e-04
5.516346679687500000e+03 -4.101257654838263988e-04
5.503838378906250000e+03 -4.161845427006483078e-04
5.491330078125000000e+03 -4.222959105391055346e-04
5.478821289062500000e+03 -4.284653696231544018e-04
5.466312988281250000e+03 -4.346927744336426258e-04
5.453804687500000000e+03 -4.409738176036626101e-04
5.441295898437500000e+03 -4.473096341826021671e-04
5.428787597656250000e+03 -4.536987689789384604e-04
5.416279296875000000e+03 -4.601399123203009367e-04
5.403770507812500000e+03 -4.666310560423880816e-04
5.391262207031250000e+03 -4.731706867460161448e-04
5.378753417968750000e+03 -4.797566798515617847e-04
5.366245117187500000e+03 -4.863884241785854101e-04
5.353736816406250000e+03 -4.930637078359723091e-04
5.341228027343750000e+03 -4.997812793590128422e-04
5.328719726562500000e+03 -5.065388977527618408e-04
5.316211425781250000e+03 -5.133369122631847858e-04
5.303702636718750000e+03 -5.201731109991669655e-04
5.291194335937500000e+03 -5.270408000797033310e-04
5.278686035156250000e+03 -5.339506315067410469e-04
5.266177246093750000e+03 -5.408952129073441029e-04
5.253668945312500000e+03 -5.478732637129724026e-04
5.241160644531250000e+03 -5.548878107219934464e-04
5.228651855468750000e+03 -5.619252915494143963e-04
5.216143554687500000e+03 -5.690015968866646290e-04
5.203635253906250000e+03 -5.760999047197401524e-04
5.191126464843750000e+03 -5.832344177179038525e-04
5.178618164062500000e+03 -5.903912242501974106e-04
5.166109863281250000e+03 -5.975608946755528450e-04
5.153601074218750000e+03 -5.941455601714551449e-04
5.141092773437500000e+03 -5.845046835020184517e-04
5.128583984375000000e+03 -5.812579183839261532e-04
5.116075683593750000e+03 -5.792644224129617214e-04
5.103566894531250000e+03 -5.776806501671671867e-04
5.091058593750000000e+03 -5.764072411693632603e-04
5.078550292968750000e+03 -5.753682926297187805e-04
5.066041503906250000e+03 -5.745244561694562435e-04
5.053533203125000000e+03 -5.738376057706773281e-04
5.041024902343750000e+03 -5.732747958973050117e-04
5.028516113281250000e+03 -5.728042451664805412e-04
5.016007812500000000e+03 -5.724059883505105972e-04
5.003499023437500000e+03 -5.721047054976224899e-04
4.990990722656250000e+03 -5.719579057767987251e-04
4.978482421875000000e+03 -5.719952168874442577e-04
4.965973632812500000e+03 -5.721908528357744217e-04
4.953465332031250000e+03 -5.724819493480026722e-04
4.940956542968750000e+03 -5.728284013457596302e-04
4.928448242187500000e+03 -5.732233403250575066e-04
4.915939941406250000e+03 -5.736754974350333214e-04
4.903431152343750000e+03 -5.741895874962210655e-04
4.890922851562500000e+03 -5.747657269239425659e-04
4.878414062500000000e+03 -5.753974546678364277e-04
4.865905761718750000e+03 -5.760804051533341408e-04
4.853397460937500000e+03 -5.768070695921778679e-04
4.840888671875000000e+03 -5.775674362666904926e-04
4.828380371093750000e+03 -5.783782689832150936e-04
4.815871582031250000e+03 -5.792153533548116684e-04
4.803363281250000000e+03 -5.800779326818883419e-04
4.790854980468750000e+03 -5.809807917103171349e-04
4.778346191406250000e+03 -5.819061771035194397e-04
4.765837890625000000e+03 -5.828575231134891510e-04
4.753329589843750000e+03 -5.838327342644333839e-04
4.740820800781250000e+03 -5.848312866874039173e-04
4.728312500000000000e+03 -5.858499207533895969e-04
4.715803710937500000e+03 -5.868914304301142693e-04
4.703295410156250000e+03 -5.879506934434175491e-04
4.690787109375000000e+03 -5.890195607207715511e-04
4.678278320312500000e+03 -5.901156691834330559e-04
4.665770019531250000e+03 -5.912280757911503315e-04
4.653261230468750000e+03 -5.923443823121488094e-04
4.640752929687500000e+03 -5.934616783633828163e-04
4.628244628906250000e+03 -5.945760058239102364e-04
4.615735839843750000e+03 -5.956766544841229916e-04
4.603227539062500000e+03 -5.967665929347276688e-04
4.590719238281250000e+03 -5.978511180728673935e-04
4.578210449218750000e+03 -5.989497294649481773e-04
4.565702148437500000e+03 -6.000639405101537704e-04
4.553193359375000000e+03 -6.012098747305572033e-04
4.540685058593750000e+03 -6.023776950314640999e-04
4.528176757812500000e+03 -6.035686237737536430e-04
4.515667968750000000e+03 -6.047795759513974190e-04
4.503159667968750000e+03 -6.060036248527467251e-04
4.490650878906250000e+03 -6.072307005524635315e-04
4.478142578125000000e+03 -6.084725609980523586e-04
4.465634277343750000e+03 -6.097531877458095551e-04
4.453125488281250000e+03 -6.110734539106488228e-04
4.440617187500000000e+03 -6.124146166257560253e-04
4.428108886718750000e+03 -6.137682939879596233e-04
4.415600097656250000e+03 -6.151289562694728374e-04
4.403091796875000000e+03 -6.164889782667160034e-04
4.390583007812500000e+03 -6.178422481752932072e-04
4.378074707031250000e+03 -6.191724678501486778e-04
4.365566406250000000e+03 -6.204759702086448669e-04
4.353057617187500000e+03 -6.217653863131999969e-04
4.340549316406250000e+03 -6.230714498087763786e-04
4.328040527343750000e+03 -6.244176765903830528e-04
4.315532226562500000e+03 -6.257945206016302109e-04
4.303023925781250000e+03 -6.271977908909320831e-04
4.290515136718750000e+03 -6.286174175329506397e-04
4.278006835937500000e+03 -6.300487439148128033e-04
4.265498535156250000e+03 -6.314900820143520832e-04
4.252989746093750000e+03 -6.329398020170629025e-04
4.240481445312500000e+03 -6.343974382616579533e-04
4.227972656250000000e+03 -6.358624668791890144e-04
4.215464355468750000e+03 -6.373342475853860378e-04
4.202956054687500000e+03 -6.388124893419444561e-04
4.190447265625000000e+03 -6.402971339412033558e-04
4.177938964843750000e+03 -6.417880067601799965e-04
4.165430664062500000e+03 -6.432824302464723587e-04
4.152921875000000000e+03 -6.447863415814936161e-04
4.140413574218750000e+03 -6.462959572672843933e-04
4.127904785156250000e+03 -6.478104623965919018e-04
4.115396484375000000e+03 -6.493300315923988819e-04
4.102888183593750000e+03 -6.508561782538890839e-04
4.090379394531250000e+03 -6.523850024677813053e-04
4.077871093750000000e+03 -6.539227906614542007e-04
4.065362548828125000e+03 -6.554643623530864716e-04
4.052854003906250000e+03 -6.570077966898679733e-04
4.040345458984375000e+03 -6.585645605809986591e-04
4.027837158203125000e+03 -6.601228960789740086e-04
4.015328613281250000e+03 -6.616860628128051758e-04
4.002820068359375000e+03 -6.632542354054749012e-04
3.990311523437500000e+03 -6.648271810263395309e-04
3.977803222656250000e+03 -6.664066459052264690e-04
3.965294677734375000e+03 -6.679852376691997051e-04
3.952786132812500000e+03 -6.695781485177576542e-04
3.940277587890625000e+03 -6.711690803058445454e-04
3.927769042968750000e+03 -6.727688014507293701e-04
3.915260742187500000e+03 -6.743671256117522717e-04
3.902752197265625000e+03 -6.759758107364177704e-04
3.890243652343750000e+03 -6.775859510526061058e-04
3.877735107421875000e+03 -6.792010972276329994e-04
3.865226806640625000e+03 -6.808200851082801819e-04
3.852718261718750000e+03 -6.824433221481740475e-04
3.840209716796875000e+03 -6.840702262707054615e-04
3.827701171875000000e+03 -6.857007392682135105e-04
3.815192871093750000e+03 -6.873389938846230507e-04
3.802684326171875000e+03 -6.889767828397452831e-04
3.790175781250000000e+03 -6.906221969984471798e-04
3.777667236328125000e+03 -6.922701140865683556e-04
