4.017489746093750000e+03 0.000000000000000000e+00
4.008286865234375000e+03 -2.066772576654329896e-04
3.994882812500000000e+03 -5.088863545097410679e-04
3.986880371093750000e+03 -6.899957661516964436e-04
3.978877685546875000e+03 -8.716117008589208126e-04
3.970875244140625000e+03 -1.053728512488305569e-03
3.962872802734375000e+03 -1.236337702721357346e-03
3.954870361328125000e+03 -1.419425243511795998e-03
3.946867919921875000e+03 -1.602954929694533348e-03
3.938865478515625000e+03 -1.786658307537436485e-03
3.930863037109375000e+03 -1.964003080502152443e-03
3.922860107421875000e+03 -1.986440969631075859e-03
3.914856933593750000e+03 -1.952307997271418571e-03
3.906854248046875000e+03 -1.920252572745084763e-03
3.898851318359375000e+03 -1.888771308586001396e-03
3.890848632812500000e+03 -1.860000309534370899e-03
3.882845703125000000e+03 -1.833565067499876022e-03
3.874842773437500000e+03 -1.809644745662808418e-03
3.866839843750000000e+03 -1.788292080163955688e-03
3.858836914062500000e+03 -1.769468188285827637e-03
3.850834228515625000e+03 -1.753082848154008389e-03
3.842831298828125000e+03 -1.739013125188648701e-03
3.834828369140625000e+03 -1.727117341943085194e-03
3.826825439453125000e+03 -1.717245089821517467e-03
3.818822509765625000e+03 -1.708801602944731712e-03
3.810819824218750000e+03 -1.702588284388184547e-03
3.802816894531250000e+03 -1.697944593615829945e-03
3.794814208984375000e+03 -1.694761565886437893e-03
3.786811279296875000e+03 -1.692902063950896263e-03
3.778808349609375000e+03 -1.692267833277583122e-03
3.770805664062500000e+03 -1.692758640274405479e-03
3.762802734375000000e+03 -1.694286474958062172e-03
3.754799804687500000e+03 -1.696771360002458096e-03
3.746797119140625000e+03 -1.700141350738704205e-03
3.738794189453125000e+03 -1.704331836663186550e-03
3.730791503906250000e+03 -1.709284959360957146e-03
3.722788574218750000e+03 -1.714948331937193871e-03
3.714785888671875000e+03 -1.721275039017200470e-03
3.706782958984375000e+03 -1.728222589008510113e-03
3.698780029296875000e+03 -1.735753030516207218e-03
3.690777343750000000e+03 -1.743831904605031013e-03
3.682774414062500000e+03 -1.752428011968731880e-03
3.674771728515625000e+03 -1.761513180099427700e-03
3.666768798828125000e+03 -1.771062030456960201e-03
3.658766113281250000e+03 -1.781051279976963997e-03
3.650763183593750000e+03 -1.791459857486188412e-03
3.642760498046875000e+03 -1.802268670871853828e-03
3.634757568359375000e+03 -1.813460374251008034e-03
3.626754638671875000e+03 -1.825018902309238911e-03
3.618751953125000000e+03 -1.836929819546639919e-03
3.610749023437500000e+03 -1.849179738201200962e-03
3.602746337890625000e+03 -1.861756551079452038e-03
3.594743408203125000e+03 -1.874648965895175934e-03
3.586740722656250000e+03 -1.887846970930695534e-03
3.578737792968750000e+03 -1.901340903714299202e-03
3.570735107421875000e+03 -1.915122265927493572e-03
3.562732177734375000e+03 -1.929183024913072586e-03
3.554729492187500000e+03 -1.943515730090439320e-03
3.546726562500000000e+03 -1.958113862201571465e-03
3.538723876953125000e+03 -1.972970785573124886e-03
3.530720947265625000e+03 -1.988080795854330063e-03
3.522718261718750000e+03 -2.003438770771026611e-03
3.514715332031250000e+03 -2.019039588049054146e-03
3.506712646484375000e+03 -2.034878591075539589e-03
3.498709716796875000e+03 -2.050951356068253517e-03
3.490707031250000000e+03 -2.067254390567541122e-03
3.482704101562500000e+03 -2.083783503621816635e-03
3.474701416015625000e+03 -2.100535435602068901e-03
3.466698486328125000e+03 -2.117507159709930420e-03
3.458695800781250000e+03 -2.134695416316390038e-03
3.450692871093750000e+03 -2.152097644284367561e-03
3.442690185546875000e+03 -2.169711282476782799e-03
3.434687255859375000e+03 -2.187533536925911903e-03
3.426684570312500000e+03 -2.205562312155961990e-03
3.424683837890625000e+03 -2.210142090916633606e-03
3.417181152343750000e+03 -2.227277494966983795e-03
3.408177978515625000e+03 -2.248073229566216469e-03
3.400675537109375000e+03 -2.265593269839882851e-03
3.393172851562500000e+03 -2.283273031935095787e-03
3.384169677734375000e+03 -2.304611960425972939e-03
3.376666992187500000e+03 -2.322228159755468369e-03
3.369164306640625000e+03 -2.339422237128019333e-03
3.360161132812500000e+03 -2.360162325203418732e-03
3.352658691406250000e+03 -2.377912169322371483e-03
3.343655517578125000e+03 -2.400247380137443542e-03
3.336903076171875000e+03 -2.417253563180565834e-03
3.327899902343750000e+03 -2.440271666273474693e-03
3.321147460937500000e+03 -2.457728609442710876e-03
3.311019042968750000e+03 -2.484178636223077774e-03
3.304266601562500000e+03 -2.501969225704669952e-03
3.294138183593750000e+03 -2.528888871893286705e-03
3.287385742187500000e+03 -2.546991687268018723e-03
3.280633300781250000e+03 -2.565192757174372673e-03
3.267972656250000000e+03 -2.599741797894239426e-03
3.260376220703125000e+03 -2.620631828904151917e-03
3.252780029296875000e+03 -2.641668543219566345e-03
3.244777099609375000e+03 -2.664054045453667641e-03
3.236774414062500000e+03 -2.686625346541404724e-03
3.228771484375000000e+03 -2.709373366087675095e-03
3.220768798828125000e+03 -2.732296474277973175e-03
3.212765869140625000e+03 -2.755482913926243782e-03
3.206763916015625000e+03 -2.772935666143894196e-03
3.200761718750000000e+03 -2.790493424981832504e-03
3.188757568359375000e+03 -2.825928386300802231e-03
3.184256103515625000e+03 -2.839327091351151466e-03
3.175252929687500000e+03 -2.866314025595784187e-03
3.168500488281250000e+03 -2.886715810745954514e-03
3.158372070312500000e+03 -2.917601494118571281e-03
3.151619628906250000e+03 -2.938381396234035492e-03
3.144023193359375000e+03 -2.961844671517610550e-03
3.135793701171875000e+03 -2.987038576975464821e-03
3.129146972656250000e+03 -3.006402170285582542e-03
3.120601074218750000e+03 -3.031007479876279831e-03
3.112055175781250000e+03 -3.057438181713223457e-03
3.104933349609375000e+03 -3.080746158957481384e-03
3.096387451171875000e+03 -3.109918208792805672e-03
3.087841552734375000e+03 -3.139609470963478088e-03
3.080363769531250000e+03 -3.164085559546947479e-03
3.072886230468750000e+03 -3.185162786394357681e-03
3.064340332031250000e+03 -3.212821437045931816e-03
3.056862548828125000e+03 -3.241313854232430458e-03
3.048850585937500000e+03 -3.268912667408585548e-03
3.040838867187500000e+03 -3.291743807494640350e-03
3.032827148437500000e+03 -3.325826255604624748e-03
3.025115722656250000e+03 -3.344406373798847198e-03
3.017003662109375000e+03 -3.380810143426060677e-03
3.008891845703125000e+03 -3.403892274945974350e-03
3.001080322265625000e+03 -3.432879457250237465e-03
2.992968261718750000e+03 -3.468051552772521973e-03
2.984856201171875000e+03 -3.500774735584855080e-03
2.977044677734375000e+03 -3.531147493049502373e-03
2.968932861328125000e+03 -3.561757970601320267e-03
2.961046142578125000e+03 -3.601402509957551956e-03
2.953046875000000000e+03 -3.632205305621027946e-03
2.945047607421875000e+03 -3.669835859909653664e-03
2.937048339843750000e+03 -3.712141653522849083e-03
2.929049072265625000e+03 -3.758655395358800888e-03
2.921049804687500000e+03 -3.799738828092813492e-03
2.913050537109375000e+03 -3.847101936116814613e-03
2.905051269531250000e+03 -3.882243065163493156e-03
2.897052001953125000e+03 -3.932086750864982605e-03
2.889052734375000000e+03 -3.955519758164882660e-03
2.881053466796875000e+03 -3.980515059083700180e-03
2.873054199218750000e+03 -4.013624507933855057e-03
2.865054931640625000e+03 -4.057863727211952209e-03
2.857055419921875000e+03 -4.060212522745132446e-03
2.849056152343750000e+03 -4.088286310434341431e-03
2.841028808593750000e+03 -4.115348681807518005e-03
2.833001220703125000e+03 -4.141790792346000671e-03
2.824994873046875000e+03 -4.194851964712142944e-03
2.816977294921875000e+03 -4.202348180115222931e-03
2.808808349609375000e+03 -4.248405806720256805e-03
2.800788818359375000e+03 -4.290906712412834167e-03
2.797000976562500000e+03 -4.313611425459384918e-03
