0.000000000000000000e+00 1.000000000000000000e+00 0.000000000000000000e+00
5.750000011175870895e-03 9.997698849389532461e-01 -2.990233432293669785e-09
1.418749988079071045e-02 9.994342572749161935e-01 -1.092355872236364415e-08
2.178125083446502686e-02 9.991312481375300703e-01 -2.135960382757661356e-08
3.317187353968620300e-02 9.986756245428773937e-01 -5.317950951905937080e-08
5.025781318545341492e-02 9.980095662990537964e-01 2.576398835400072426e-06
6.734374910593032837e-02 9.973715381462033847e-01 6.142518475276081338e-06
8.442968875169754028e-02 9.966382903411608041e-01 8.162453050623420415e-06
1.100585907697677612e-01 9.954007461291400904e-01 1.044423718537603053e-05
1.485019475221633911e-01 9.933864587094604071e-01 1.309870296165722778e-05
1.869453191757202148e-01 9.913019221971014483e-01 1.551449737128089408e-05
2.253886759281158447e-01 9.891816211347819188e-01 1.795341832046749134e-05
2.830536961555480957e-01 9.859204793978137982e-01 2.191909628004587104e-05
3.695512712001800537e-01 9.807608929802389408e-01 2.928745283299133556e-05
3.776604235172271729e-01 9.802573734571954356e-01 2.968396146257384625e-05
3.857695758342742920e-01 9.797495609571953423e-01 3.105908507058600102e-05
3.938786983489990234e-01 9.792378901633895794e-01 3.241943899823837815e-05
4.060424268245697021e-01 9.784627141872374034e-01 3.436013054447014113e-05
4.182061553001403809e-01 9.776784303809413768e-01 3.769476624096140935e-05
4.303698539733886719e-01 9.768847989635307538e-01 4.244665263079795502e-05
4.425335824489593506e-01 9.760816327263327485e-01 4.933457665082786973e-05
4.546973109245300293e-01 9.752687777992056217e-01 5.995194200708084913e-05
4.668610095977783203e-01 9.744460546669839740e-01 7.661943550871199891e-05
4.790247380733489990e-01 9.736132120084362018e-01 1.031348935696257285e-04
4.881475269794464111e-01 9.729820059127167742e-01 1.313343518922308896e-04
4.972703158855438232e-01 9.723445962857798497e-01 1.702803523600602404e-04
5.063931345939636230e-01 9.717005856297596944e-01 2.231034411101781914e-04
5.109544992446899414e-01 9.713777917172728982e-01 2.535702300672771324e-04
5.195071101188659668e-01 9.707669477703190219e-01 3.164292383594673251e-04
5.246387124061584473e-01 9.703974286247701864e-01 3.583580505948107033e-04
5.297702550888061523e-01 9.700256424591321425e-01 4.020945364687622927e-04
5.349017977714538574e-01 9.696514148872440453e-01 4.411060770018762037e-04
5.361847281455993652e-01 9.695584388540572363e-01 4.513826189922685297e-04
5.422784686088562012e-01 9.691142260126707209e-01 4.993845935629195876e-04
5.466082096099853516e-01 9.687936888622636911e-01 5.243369010316223898e-04
5.509379506111145020e-01 9.684720823143709856e-01 5.407637908679096671e-04
5.552677512168884277e-01 9.681488396139705799e-01 5.542110495206689072e-04
5.639272928237915039e-01 9.674976919478728288e-01 5.780894716246789272e-04
5.682570338249206543e-01 9.671698844332654588e-01 5.889021548904290219e-04
5.725867748260498047e-01 9.668407587644433088e-01 6.018488847908852945e-04
5.769165754318237305e-01 9.665100046366201791e-01 6.152187074933732980e-04
5.812463164329528809e-01 9.661783503684677754e-01 6.319971645579619025e-04
5.855760574340820312e-01 9.658455548967633808e-01 6.530984610068697911e-04
5.942355990409851074e-01 9.651763531340270541e-01 7.069142425761503574e-04
5.985653400421142578e-01 9.648399904395350557e-01 7.391638114672749232e-04
6.028951406478881836e-01 9.645024275579372475e-01 7.749372169751078676e-04
6.072248816490173340e-01 9.641636106346835877e-01 8.141207093952082573e-04
6.115546226501464844e-01 9.638235730083047903e-01 8.566343483804654243e-04
6.158844232559204102e-01 9.634822864692752509e-01 9.024705205644880518e-04
6.202141642570495605e-01 9.631397330660780298e-01 9.525859055398893174e-04
6.310385465621948242e-01 9.622765549090729342e-01 1.087951559980376501e-03
6.375331878662109375e-01 9.617545581465007931e-01 1.180697889888987885e-03
6.440278291702270508e-01 9.612295019326090317e-01 1.284467873453092263e-03
6.505224704742431641e-01 9.607013016388196158e-01 1.399460259605856500e-03
6.570171117782592773e-01 9.601698957170758941e-01 1.526988854929178623e-03
6.635117530822753906e-01 9.596352200548187161e-01 1.669151342215658166e-03
6.700063943862915039e-01 9.590972284910057599e-01 1.828616006033761086e-03
6.765010356903076172e-01 9.585558210100446619e-01 2.007928816210321956e-03
6.829956769943237305e-01 9.580111181435464474e-01 2.212028343136571238e-03
6.894903182983398438e-01 9.574629660213694882e-01 2.444816837791635375e-03
6.959849596023559570e-01 9.569113595145088969e-01 2.713104055709197708e-03
7.024796009063720703e-01 9.563561447528229342e-01 3.024332463240423253e-03
7.089742422103881836e-01 9.557972781397715556e-01 3.389588524313533798e-03
7.154688835144042969e-01 9.552349084164916126e-01 3.835149973380465576e-03
7.219635248184204102e-01 9.546684560054490287e-01 4.359498544901359122e-03
7.284582257270812988e-01 9.540978439715729342e-01 4.996524939016133531e-03
7.349528670310974121e-01 9.535228312516412785e-01 5.791388840234580442e-03
7.382001876831054688e-01 9.532351864085477633e-01 6.242984082518505083e-03
7.414475083351135254e-01 9.529456233176863966e-01 6.759778191061580760e-03
7.479421496391296387e-01 9.523627119304753919e-01 8.041313716343470239e-03
7.511894702911376953e-01 9.520689327977285288e-01 8.834317151237936622e-03
7.576841115951538086e-01 9.514759890772716000e-01 1.083309510174919506e-02
7.609314322471618652e-01 9.511761218159138220e-01 1.210561239418863309e-02
7.653964757919311523e-01 9.507628368730305368e-01 1.412655325496897998e-02
7.708763480186462402e-01 9.502421044101234671e-01 1.756385194153345028e-02
7.763561606407165527e-01 9.497012457326681201e-01 2.246685188357569474e-02
7.804660797119140625e-01 9.492775232651654571e-01 2.736410573750984801e-02
7.857800126075744629e-01 9.486719057740284899e-01 3.637643701889935882e-02
7.903593778610229492e-01 9.480589999671742429e-01 4.749735984481683049e-02
7.958633303642272949e-01 9.471008198201156247e-01 6.662487382648371592e-02
8.003669977188110352e-01 9.460297400210084806e-01 8.750918732971704750e-02
8.050106763839721680e-01 9.445667786157431189e-01 1.129132439108455899e-01
8.101723790168762207e-01 9.426949483406643626e-01 1.401416425945378186e-01
8.151240944862365723e-01 9.412126454585740820e-01 1.571036843692555085e-01
8.201667070388793945e-01 9.402959076697084972e-01 1.637489126509978909e-01
8.251447677612304688e-01 9.395565975413603388e-01 1.676108736951811840e-01
8.300056457519531250e-01 9.384965963924631893e-01 1.763092682141215728e-01
8.357038497924804688e-01 9.367278129513524343e-01 1.931718585871848859e-01
8.402459621429443359e-01 9.352678725298713136e-01 2.062885572930344136e-01
8.450963497161865234e-01 9.340198523256958429e-01 2.156864711216517905e-01
8.505141735076904297e-01 9.328398427241990643e-01 2.232710637966124068e-01
8.551836609840393066e-01 9.316605357963497758e-01 2.315690497390362479e-01
8.604816198348999023e-01 9.301179978827468497e-01 2.429695193507090401e-01
8.653901815414428711e-01 9.287421321067489410e-01 2.525317280232405315e-01
8.708457946777343750e-01 9.273724570394563660e-01 2.611453785615808765e-01
8.753667473793029785e-01 9.262120863970588758e-01 2.684085365103072718e-01
8.800756335258483887e-01 9.249032413258271301e-01 2.768311572675945520e-01
8.851124644279479980e-01 9.234959860409007737e-01 2.856746897977940902e-01
8.901348710060119629e-01 9.221622345227153961e-01 2.936050030363707708e-01
8.950208425521850586e-01 9.208507582720588669e-01 3.013120250541622691e-01
9.004184007644653320e-01 9.193272643530068233e-01 3.103596150374212104e-01
9.051833748817443848e-01 9.179838600479254263e-01 3.181584975298712981e-01
9.102678894996643066e-01 9.165704858603597183e-01 3.261321508583902573e-01
9.153274893760681152e-01 9.151339593454569377e-01 3.341988443326549540e-01
9.201101660728454590e-01 9.137495896796219430e-01 3.419258694688813160e-01
9.252443313598632812e-01 9.122753085609243140e-01 3.499626864906118517e-01
9.300627708435058594e-01 9.109004480698528194e-01 3.573293990447741764e-01
9.351748228073120117e-01 9.094356145778623723e-01 3.651010978121717598e-01
9.404973983764648438e-01 9.079229787618171565e-01 3.729925844849658612e-01
9.451227784156799316e-01 9.066226939994747047e-01 3.796620344915309642e-01
9.500696063041687012e-01 9.052305590204831054e-01 3.867426511620273288e-01
9.551526904106140137e-01 9.037918629365808698e-01 3.939819592387736602e-01
9.600962996482849121e-01 9.023854282924107517e-01 4.009721259109112479e-01
9.650829434394836426e-01 9.009519637933298686e-01 4.080261230468750222e-01
9.700815081596374512e-01 8.994962804457721228e-01 4.151158437007615443e-01
9.750428795814514160e-01 8.980400329076942967e-01 4.221191919150472649e-01
9.800062179565429688e-01 8.965684086134453334e-01 4.291267715582326447e-01
9.850823283195495605e-01 8.950464174927784677e-01 4.363077628512342376e-01
9.900606274604797363e-01 8.935429420791753952e-01 4.433338325564600835e-01
9.950577020645141602e-01 8.920201098017331853e-01 4.504018062303046244e-01
1.000000000000000000e+00 8.905009293756565025e-01 4.574091037782300195e-01
