5.085669433593750000e+03 0.000000000000000000e+00
5.074019042968750000e+03 -8.965508459368720651e-05
5.057050781250000000e+03 -2.204080956289544702e-04
5.046920410156250000e+03 -2.983735175803303719e-04
5.036789550781250000e+03 -3.767697489820420742e-04
5.026659179687500000e+03 -4.551156889647245407e-04
5.016528808593750000e+03 -5.334506276994943619e-04
5.006398437500000000e+03 -6.118176388554275036e-04
4.996268066406250000e+03 -6.902182940393686295e-04
4.986137695312500000e+03 -7.686341996304690838e-04
4.986038085937500000e+03 -7.686341996304690838e-04
