1.001372253417968750e+03 0.000000000000000000e+00
9.990784912109375000e+02 -4.019931948278099298e-04
9.957376098632812500e+02 -9.917689021676778793e-04
9.937431030273437500e+02 -1.346309203654527664e-03
9.917485351562500000e+02 -1.702679554000496864e-03
9.897539672851562500e+02 -2.060886705294251442e-03
9.877593994140625000e+02 -2.420936711132526398e-03
9.857648315429687500e+02 -2.782832598313689232e-03
9.837703247070312500e+02 -3.146572969853878021e-03
9.817757568359375000e+02 -3.512142458930611610e-03
9.797811889648437500e+02 -3.879452357068657875e-03
9.777866821289062500e+02 -4.248213022947311401e-03
9.757921142578125000e+02 -4.615839570760726929e-03
9.737974853515625000e+02 -4.896362777799367905e-03
9.718027954101562500e+02 -4.916009493172168732e-03
9.698080444335937500e+02 -4.900458268821239471e-03
9.678132934570312500e+02 -4.881293978542089462e-03
9.658185424804687500e+02 -4.860118497163057327e-03
9.638237915039062500e+02 -4.839045926928520203e-03
9.618291015625000000e+02 -4.817424342036247253e-03
9.598343505859375000e+02 -4.795556422322988510e-03
9.578395996093750000e+02 -4.773615393787622452e-03
9.558448486328125000e+02 -4.751694388687610626e-03
9.538500976562500000e+02 -4.729856736958026886e-03
9.518553466796875000e+02 -4.708151333034038544e-03
9.498605957031250000e+02 -4.686619155108928680e-03
9.478658447265625000e+02 -4.664474632591009140e-03
9.458710937500000000e+02 -4.643509630113840103e-03
9.438763427734375000e+02 -4.622773732990026474e-03
9.418815917968750000e+02 -4.602354019880294800e-03
9.398869018554687500e+02 -4.582270514219999313e-03
9.378921508789062500e+02 -4.562577232718467712e-03
9.358973999023437500e+02 -4.543306771665811539e-03
9.339026489257812500e+02 -4.524500574916601181e-03
9.319078979492187500e+02 -4.506198689341545105e-03
9.299131469726562500e+02 -4.488441627472639084e-03
9.279184570312500000e+02 -4.471268970519304276e-03
9.259237060546875000e+02 -4.454718902707099915e-03
9.239289550781250000e+02 -4.438827279955148697e-03
9.219342041015625000e+02 -4.423626698553562164e-03
9.199394531250000000e+02 -4.409148823469877243e-03
9.179447021484375000e+02 -4.395418800413608551e-03
9.159500122070312500e+02 -4.382460378110408783e-03
9.139552612304687500e+02 -4.370291717350482941e-03
9.119605102539062500e+02 -4.358926322311162949e-03
9.099657592773437500e+02 -4.348374903202056885e-03
9.079710083007812500e+02 -4.338642116636037827e-03
9.059763183593750000e+02 -4.329729359596967697e-03
9.039815673828125000e+02 -4.321635235100984573e-03
9.019868164062500000e+02 -4.314352758228778839e-03
8.999920654296875000e+02 -4.307873547077178955e-03
8.979973754882812500e+02 -4.302185494452714920e-03
8.960026245117187500e+02 -4.297275561839342117e-03
8.940078735351562500e+02 -4.293127451092004776e-03
8.920131225585937500e+02 -4.289723467081785202e-03
8.900184326171875000e+02 -4.287045914679765701e-03
8.880236816406250000e+02 -4.285073839128017426e-03
8.860289306640625000e+02 -4.283788613975048065e-03
8.840341796875000000e+02 -4.283168818801641464e-03
8.820394897460937500e+02 -4.283193964511156082e-03
8.800447387695312500e+02 -4.283843096345663071e-03
8.780499877929687500e+02 -4.285096190869808197e-03
8.760552978515625000e+02 -4.286932758986949921e-03
8.740605468750000000e+02 -4.289332777261734009e-03
8.720657958984375000e+02 -4.292276687920093536e-03
8.700710449218750000e+02 -4.295745864510536194e-03
8.680763549804687500e+02 -4.299721680581569672e-03
8.660816040039062500e+02 -4.304186441004276276e-03
8.640868530273437500e+02 -4.309122916311025620e-03
8.620921630859375000e+02 -4.314514342695474625e-03
8.600974121093750000e+02 -4.320344887673854828e-03
8.581026611328125000e+02 -4.326599650084972382e-03
8.561079711914062500e+02 -4.333263728767633438e-03
8.541132202148437500e+02 -4.340323153883218765e-03
8.521184692382812500e+02 -4.347763955593109131e-03
8.501237792968750000e+02 -4.355573561042547226e-03
8.481290283203125000e+02 -4.363740328699350357e-03
8.461343383789062500e+02 -4.372251220047473907e-03
8.441395874023437500e+02 -4.381096456199884415e-03
8.421448364257812500e+02 -4.390263929963111877e-03
8.416929321289062500e+02 -4.392459522932767868e-03
8.397293701171875000e+02 -4.401855170726776123e-03
8.377658081054687500e+02 -4.411535337567329407e-03
8.358022460937500000e+02 -4.421413410454988480e-03
8.336984252929687500e+02 -4.431501030921936035e-03
8.317348632812500000e+02 -4.440804943442344666e-03
8.297713012695312500e+02 -4.451301414519548416e-03
8.278077392578125000e+02 -4.462314769625663757e-03
8.257740478515625000e+02 -4.474035464227199554e-03
8.237754516601562500e+02 -4.485817626118659973e-03
8.215664062500000000e+02 -4.499122034758329391e-03
8.198307495117187500e+02 -4.509767983108758926e-03
8.164580688476562500e+02 -4.531044512987136841e-03
8.144633789062500000e+02 -4.543792922049760818e-03
8.138010864257812500e+02 -4.548085853457450867e-03
8.112370605468750000e+02 -4.564901813864707947e-03
8.096394653320312500e+02 -4.575645551085472107e-03
8.076447143554687500e+02 -4.589172545820474625e-03
8.056500244140625000e+02 -4.602881148457527161e-03
8.036552734375000000e+02 -4.616532474756240845e-03
8.016605224609375000e+02 -4.630662500858306885e-03
7.996658325195312500e+02 -4.644876345992088318e-03
7.976710815429687500e+02 -4.659376107156276703e-03
7.955098266601562500e+02 -4.675209056586027145e-03
7.928471679687500000e+02 -4.695180337876081467e-03
7.908524169921875000e+02 -4.710180684924125671e-03
7.898745727539062500e+02 -4.717545118182897568e-03
7.876260986328125000e+02 -4.734932910650968552e-03
7.857622680664062500e+02 -4.749378189444541931e-03
7.833659057617187500e+02 -4.768149927258491516e-03
7.815686035156250000e+02 -4.782374948263168335e-03
7.797713012695312500e+02 -4.796715453267097473e-03
7.773749389648437500e+02 -4.816003609448671341e-03
7.755776367187500000e+02 -4.830579273402690887e-03
7.737803344726562500e+02 -4.845245275646448135e-03
7.718333740234375000e+02 -4.861140158027410507e-03
7.698862915039062500e+02 -4.876832012087106705e-03
7.679392700195312500e+02 -4.892109893262386322e-03
7.659921875000000000e+02 -4.907843191176652908e-03
7.638953857421875000e+02 -4.926186986267566681e-03
7.618359985351562500e+02 -4.944646731019020081e-03
7.598140258789062500e+02 -4.963028710335493088e-03
7.579184570312500000e+02 -4.980619065463542938e-03
7.559281616210937500e+02 -4.998897202312946320e-03
7.539378051757812500e+02 -5.015728995203971863e-03
7.519474487304687500e+02 -5.032037384808063507e-03
7.499570922851562500e+02 -5.051564425230026245e-03
7.479667358398437500e+02 -5.072435829788446426e-03
7.460474853515625000e+02 -5.089105572551488876e-03
7.440334472656250000e+02 -5.107816774398088455e-03
7.420430908203125000e+02 -5.132314283400774002e-03
7.400527343750000000e+02 -5.148142576217651367e-03
7.380624389648437500e+02 -5.175495054572820663e-03
7.360720825195312500e+02 -5.196630023419857025e-03
7.340462036132812500e+02 -5.219663958996534348e-03
7.320736083984375000e+02 -5.245632957667112350e-03
7.300744018554687500e+02 -5.277279764413833618e-03
7.280751953125000000e+02 -5.316888913512229919e-03
7.260759277343750000e+02 -5.358595401048660278e-03
7.240933837890625000e+02 -5.408041179180145264e-03
7.220916748046875000e+02 -5.459868349134922028e-03
7.201124877929687500e+02 -5.522694438695907593e-03
7.181198730468750000e+02 -5.602405872195959091e-03
7.161226196289062500e+02 -5.688044242560863495e-03
7.141300048828125000e+02 -5.766082555055618286e-03
7.121374511718750000e+02 -5.848112516105175018e-03
7.101306762695312500e+02 -5.940807051956653595e-03
7.081381225585937500e+02 -6.022970192134380341e-03
7.061455688476562500e+02 -6.091065239161252975e-03
7.041530151367187500e+02 -6.173127796500921249e-03
7.021461791992187500e+02 -6.215814501047134399e-03
7.001580200195312500e+02 -6.275062449276447296e-03
6.981546630859375000e+02 -6.320339627563953400e-03
6.961797485351562500e+02 -6.385069806128740311e-03
6.941054687500000000e+02 -6.427453830838203430e-03
6.921795043945312500e+02 -6.464770063757896423e-03
6.901642456054687500e+02 -6.494069006294012070e-03
6.880644531250000000e+02 -6.535950116813182831e-03
6.859692382812500000e+02 -6.573074031621217728e-03
6.839067382812500000e+02 -6.609706673771142960e-03
6.820641479492187500e+02 -6.645481567829847336e-03
6.802102050781250000e+02 -6.681115832179784775e-03
6.781766357421875000e+02 -6.690727546811103821e-03
6.760996704101562500e+02 -6.726951338350772858e-03
6.741320190429687500e+02 -6.758940871804952621e-03
6.718656616210937500e+02 -6.795657798647880554e-03
6.700869140625000000e+02 -6.824586540460586548e-03
6.664912719726562500e+02 -6.883405614644289017e-03
6.644965209960937500e+02 -6.916253361850976944e-03
6.625018310546875000e+02 -6.949185393750667572e-03
6.620031738281250000e+02 -6.957593373954296112e-03
6.597590942382812500e+02 -6.995002739131450653e-03
6.569540405273437500e+02 -7.041988894343376160e-03
6.562683105468750000e+02 -7.053531240671873093e-03
6.536152343750000000e+02 -7.098331581801176071e-03
6.521951293945312500e+02 -7.122398819774389267e-03
6.498030395507812500e+02 -7.163165137171745300e-03
6.474362792968750000e+02 -7.203680463135242462e-03
6.454415283203125000e+02 -7.237947080284357071e-03
6.434468383789062500e+02 -7.272372022271156311e-03
6.414520874023437500e+02 -7.306838408112525940e-03
6.402053833007812500e+02 -7.328794803470373154e-03
6.379262695312500000e+02 -7.368674967437982559e-03
6.345115356445312500e+02 -7.428701967000961304e-03
6.325167846679687500e+02 -7.463903166353702545e-03
6.323063964843750000e+02 -7.467738818377256393e-03
6.301204223632812500e+02 -7.506689988076686859e-03
6.282272338867187500e+02 -7.540560793131589890e-03
6.261596679687500000e+02 -7.577707991003990173e-03
6.243272094726562500e+02 -7.610778324306011200e-03
6.222393798828125000e+02 -7.648612372577190399e-03
6.203754272460937500e+02 -7.682523224502801895e-03
6.183739624023437500e+02 -7.719154004007577896e-03
6.162149658203125000e+02 -7.758922409266233444e-03
6.142913208007812500e+02 -7.794530596584081650e-03
6.123874511718750000e+02 -7.830020040273666382e-03
6.102999877929687500e+02 -7.869228720664978027e-03
6.084042358398437500e+02 -7.905172184109687805e-03
6.063615722656250000e+02 -7.944392971694469452e-03
6.043410644531250000e+02 -7.984162308275699615e-03
6.024295654296875000e+02 -8.023289963603019714e-03
