6.282238769531250000e+03 0.000000000000000000e+00
6.269725097656250000e+03 -1.309418876189738512e-04
6.257210937500000000e+03 -2.595981932245194912e-04
6.244697265625000000e+03 -3.883634926751255989e-04
6.232183593750000000e+03 -5.172526580281555653e-04
6.219669921875000000e+03 -6.462570163421332836e-04
6.207155761718750000e+03 -7.753632962703704834e-04
6.194642089843750000e+03 -9.045418119058012962e-04
6.182128417968750000e+03 -1.033570850268006325e-03
6.169614257812500000e+03 -1.153471181169152260e-03
6.157100097656250000e+03 -1.149916206486523151e-03
6.144585937500000000e+03 -1.107697724364697933e-03
6.132071777343750000e+03 -1.090901205316185951e-03
6.119557128906250000e+03 -1.078396220691502094e-03
6.107042968750000000e+03 -1.067404053173959255e-03
6.094528808593750000e+03 -1.058326568454504013e-03
6.082014648437500000e+03 -1.051190774887800217e-03
6.069500488281250000e+03 -1.045765471644699574e-03
6.056985839843750000e+03 -1.041575102135539055e-03
6.044471679687500000e+03 -1.038834801875054836e-03
6.031957519531250000e+03 -1.034041051752865314e-03
6.019443359375000000e+03 -1.038751914165914059e-03
6.006929199218750000e+03 -1.048382022418081760e-03
5.994415039062500000e+03 -1.058702822774648666e-03
5.981900878906250000e+03 -1.069296849891543388e-03
5.969386718750000000e+03 -1.080304617062211037e-03
5.956872558593750000e+03 -1.091702608391642570e-03
5.944358398437500000e+03 -1.103110727854073048e-03
5.931844238281250000e+03 -1.113554229959845543e-03
5.919330078125000000e+03 -1.118989544920623302e-03
5.906815429687500000e+03 -1.106407027691602707e-03
5.894301269531250000e+03 -1.103352638892829418e-03
5.881787109375000000e+03 -1.105674309656023979e-03
5.869272949218750000e+03 -1.103059505112469196e-03
5.856758789062500000e+03 -1.089793397113680840e-03
5.844244628906250000e+03 -1.064210315234959126e-03
5.831729980468750000e+03 -1.056696521118283272e-03
5.819215820312500000e+03 -1.065994729287922382e-03
5.806701660156250000e+03 -1.075837062671780586e-03
5.794187500000000000e+03 -1.084967516362667084e-03
5.781673339843750000e+03 -1.094297273084521294e-03
5.769159179687500000e+03 -1.103887218050658703e-03
5.756645019531250000e+03 -1.113709527999162674e-03
5.744130859375000000e+03 -1.123722991906106472e-03
5.731616699218750000e+03 -1.133972662501037121e-03
5.719102539062500000e+03 -1.144422567449510098e-03
5.706588378906250000e+03 -1.155061414465308189e-03
5.694074218750000000e+03 -1.165877562016248703e-03
5.681560058593750000e+03 -1.176864607259631157e-03
5.669045898437500000e+03 -1.188015798106789589e-03
5.656531738281250000e+03 -1.199324848130345345e-03
5.644017578125000000e+03 -1.210786402225494385e-03
5.631502929687500000e+03 -1.222395687364041805e-03
5.618988769531250000e+03 -1.234148629009723663e-03
5.606474609375000000e+03 -1.246067928150296211e-03
5.593960449218750000e+03 -1.258077914826571941e-03
5.581446289062500000e+03 -1.270263572223484516e-03
5.568932128906250000e+03 -1.282540033571422100e-03
5.556417968750000000e+03 -1.294993562623858452e-03
5.543903808593750000e+03 -1.307553844526410103e-03
5.531389648437500000e+03 -1.320213428698480129e-03
5.518875488281250000e+03 -1.333056599833071232e-03
5.506361328125000000e+03 -1.346002332866191864e-03
5.493847167968750000e+03 -1.359044341370463371e-03
5.481333007812500000e+03 -1.372273894958198071e-03
5.468818847656250000e+03 -1.385603798553347588e-03
5.456304687500000000e+03 -1.399028231389820576e-03
5.443790527343750000e+03 -1.412647543475031853e-03
5.431276367187500000e+03 -1.426366507075726986e-03
5.418762207031250000e+03 -1.440214924514293671e-03
5.406248046875000000e+03 -1.454190933145582676e-03
5.393733886718750000e+03 -1.468308852054178715e-03
5.381219726562500000e+03 -1.482557854615151882e-03
5.368705566406250000e+03 -1.496938639320433140e-03
5.356191406250000000e+03 -1.511454931460320950e-03
5.343677246093750000e+03 -1.526112668216228485e-03
5.331163085937500000e+03 -1.540908357128500938e-03
5.318648925781250000e+03 -1.555840135551989079e-03
5.306134765625000000e+03 -1.570910215377807617e-03
5.293620605468750000e+03 -1.586127560585737228e-03
5.281106445312500000e+03 -1.601483207195997238e-03
5.268592285156250000e+03 -1.616978552192449570e-03
5.256077636718750000e+03 -1.632622675970196724e-03
5.243563476562500000e+03 -1.648409292101860046e-03
5.231049316406250000e+03 -1.664337469264864922e-03
5.218535156250000000e+03 -1.680413028225302696e-03
5.206020996093750000e+03 -1.696629566140472889e-03
5.193506835937500000e+03 -1.712989876978099346e-03
5.180992675781250000e+03 -1.729501876980066299e-03
5.168478515625000000e+03 -1.746153458952903748e-03
5.155964355468750000e+03 -1.762943924404680729e-03
5.143450195312500000e+03 -1.779890735633671284e-03
5.130936035156250000e+03 -1.796984113752841949e-03
5.118421875000000000e+03 -1.814207062125205994e-03
5.105907714843750000e+03 -1.831583562307059765e-03
5.093393554687500000e+03 -1.849060645326972008e-03
5.080879394531250000e+03 -1.866706181317567825e-03
5.068365234375000000e+03 -1.884536468423902988e-03
5.055851074218750000e+03 -1.902440679259598255e-03
5.043336914062500000e+03 -1.920494134537875652e-03
5.030822753906250000e+03 -1.938710222020745277e-03
5.018308593750000000e+03 -1.956982072442770004e-03
5.005794433593750000e+03 -1.975447172299027443e-03
4.993280273437500000e+03 -1.994039397686719894e-03
4.980766113281250000e+03 -2.012693788856267929e-03
4.968251953125000000e+03 -2.031553769484162331e-03
4.955737792968750000e+03 -2.050402574241161346e-03
4.943223632812500000e+03 -2.069440437480807304e-03
4.930709472656250000e+03 -2.088657114654779434e-03
4.918195312500000000e+03 -2.107985084876418114e-03
4.905681152343750000e+03 -2.127446234226226807e-03
4.893166992187500000e+03 -2.146962564438581467e-03
4.880652832031250000e+03 -2.166618360206484795e-03
4.868138671875000000e+03 -2.186466008424758911e-03
4.855624511718750000e+03 -2.206435427069664001e-03
4.843110351562500000e+03 -2.226490061730146408e-03
4.830596191406250000e+03 -2.246727002784609795e-03
4.818082031250000000e+03 -2.267054514959454536e-03
4.805567871093750000e+03 -2.287594601511955261e-03
4.793053710937500000e+03 -2.308327471837401390e-03
4.780539550781250000e+03 -2.329123439267277718e-03
4.768025390625000000e+03 -2.350187394767999649e-03
4.755511230468750000e+03 -2.371383132413029671e-03
4.742997070312500000e+03 -2.392759546637535095e-03
4.730482910156250000e+03 -2.414278453215956688e-03
4.717968750000000000e+03 -2.435937756672501564e-03
4.705454589843750000e+03 -2.457779366523027420e-03
4.692940429687500000e+03 -2.479769522324204445e-03
4.680426269531250000e+03 -2.501933136954903603e-03
4.667912109375000000e+03 -2.524217823520302773e-03
4.655398437500000000e+03 -2.546657342463731766e-03
4.642884277343750000e+03 -2.569268457591533661e-03
4.630370117187500000e+03 -2.592012519016861916e-03
4.617855957031250000e+03 -2.614888595417141914e-03
4.605341796875000000e+03 -2.637908328324556351e-03
4.592827636718750000e+03 -2.661063103005290031e-03
4.580313476562500000e+03 -2.684352919459342957e-03
4.567799316406250000e+03 -2.707763807848095894e-03
4.555285156250000000e+03 -2.731327665969729424e-03
4.542770996093750000e+03 -2.755006076768040657e-03
4.530256835937500000e+03 -2.778812544420361519e-03
4.517742675781250000e+03 -2.802741713821887970e-03
4.505228515625000000e+03 -2.826798241585493088e-03
4.492714355468750000e+03 -2.850963268429040909e-03
4.480200195312500000e+03 -2.875274512916803360e-03
4.467686035156250000e+03 -2.899687970057129860e-03
4.455171875000000000e+03 -2.924228785559535027e-03
4.442657714843750000e+03 -2.948879497125744820e-03
4.430143554687500000e+03 -2.973650582134723663e-03
4.417629394531250000e+03 -2.998533658683300018e-03
4.405115234375000000e+03 -3.023518249392509460e-03
4.392601074218750000e+03 -3.048626473173499107e-03
4.380086914062500000e+03 -3.073830157518386841e-03
4.367572753906250000e+03 -3.099125111475586891e-03
4.355058593750000000e+03 -3.124491311609745026e-03
4.342544433593750000e+03 -3.149882890284061432e-03
4.330030273437500000e+03 -3.175192512571811676e-03
4.317516113281250000e+03 -3.200124250724911690e-03
4.305001953125000000e+03 -3.223805455490946770e-03
4.292487792968750000e+03 -3.243428189307451248e-03
4.279973632812500000e+03 -3.249564906582236290e-03
4.267459472656250000e+03 -3.214602358639240265e-03
4.254944824218750000e+03 -3.105493960902094841e-03
4.242430664062500000e+03 -3.026823978871107101e-03
4.229916503906250000e+03 -3.104053903371095657e-03
4.217402343750000000e+03 -3.178633283823728561e-03
4.204888183593750000e+03 -3.152620280161499977e-03
4.192373535156250000e+03 -3.073322819545865059e-03
4.179859375000000000e+03 -3.080601803958415985e-03
4.167345703125000000e+03 -3.140980377793312073e-03
4.154831054687500000e+03 -3.131870413199067116e-03
4.142316894531250000e+03 -3.078849287703633308e-03
4.129802734375000000e+03 -3.068589605391025543e-03
4.117288574218750000e+03 -3.058841684833168983e-03
4.104773925781250000e+03 -3.018907736986875534e-03
4.092259765625000000e+03 -3.013192676007747650e-03
4.079745605468750000e+03 -3.046442521736025810e-03
4.067231445312500000e+03 -3.074175911024212837e-03
4.054717285156250000e+03 -3.077892120927572250e-03
4.042203125000000000e+03 -3.064006101340055466e-03
4.029688720703125000e+03 -3.041665302589535713e-03
4.017174560546875000e+03 -3.024153411388397217e-03
4.004660156250000000e+03 -3.021198790520429611e-03
3.992145996093750000e+03 -3.022698219865560532e-03
3.979631835937500000e+03 -3.013764973729848862e-03
3.967117431640625000e+03 -2.993460278958082199e-03
