0.000000000000000000e+00 1.000000000000000000e+00 0.000000000000000000e+00
5.750000011175870895e-03 9.998900816364895139e-01 6.578782285075811979e-09
1.412499975413084030e-02 9.997311361252314565e-01 2.313319696224338993e-08
1.912499964237213135e-02 9.996369665009634531e-01 3.864965008919141751e-08
2.412500046193599701e-02 9.995433246521722159e-01 6.060532570469178033e-08
2.912499941885471344e-02 9.994501991499037397e-01 9.236990456609794831e-08
3.412500023841857910e-02 9.993575803060380514e-01 1.404199994997017990e-07
3.912499919533729553e-02 9.992654593785603723e-01 2.187896854362435783e-07
4.412499815225601196e-02 9.991738343617273532e-01 3.832336727692375805e-07
4.912500083446502686e-02 9.990827789760772237e-01 8.165589644617977586e-07
5.412499979138374329e-02 9.989947876097664548e-01 4.001909364310521691e-06
5.912499874830245972e-02 9.989243064607892242e-01 1.200688115897632726e-05
6.412500143051147461e-02 9.988551394144694617e-01 1.708051219346031228e-05
6.912499666213989258e-02 9.987841369992210838e-01 2.089355377450821848e-05
7.412499934434890747e-02 9.987111691066197228e-01 2.403764113310783668e-05
7.912500202655792236e-02 9.986360836029053445e-01 2.674779130352868012e-05
8.412499725818634033e-02 9.985589190891810407e-01 2.914121344922081022e-05
8.912499994039535522e-02 9.984795683906192432e-01 3.127807544337378502e-05
9.037499874830245972e-02 9.984593657841758230e-01 3.172546211216184888e-05
9.532129019498825073e-02 9.979456303611634604e-01 6.803855418212829781e-06
1.001415401697158813e-01 9.976743900965130418e-01 2.259780682386859815e-06
1.076500117778778076e-01 9.972710509527298317e-01 -2.790340185461063082e-06
1.126500070095062256e-01 9.970078668140229805e-01 -5.500531193637658335e-06
1.176500096917152405e-01 9.967464610508509626e-01 -7.922021258208487371e-06
1.226500123739242554e-01 9.964855127485972019e-01 -1.015969744277378846e-05
1.276500076055526733e-01 9.962243864271375093e-01 -1.227142703202035733e-05
1.326500028371810913e-01 9.959626303778754686e-01 -1.429470906418467390e-05
1.376500129699707031e-01 9.956998601035464969e-01 -1.625754678296664529e-05
1.426500082015991211e-01 9.954357516576373133e-01 -1.818116399503889706e-05
1.476500034332275391e-01 9.951700165158225975e-01 -2.008295425819972330e-05
1.526500135660171509e-01 9.949024030897352100e-01 -2.197803012908451168e-05
1.576500087976455688e-01 9.946326803782629122e-01 -2.387999630873165500e-05
1.626500040292739868e-01 9.943604999118381693e-01 -2.580363717344072205e-05
1.676500141620635986e-01 9.940858913603282110e-01 -2.775866360891433141e-05
1.726500093936920166e-01 9.938085519699824122e-01 -2.976179655109133059e-05
1.776500046253204346e-01 9.935289425320095180e-01 -3.180593725234743331e-05
1.826500147581100464e-01 9.932448789808485667e-01 -3.397811263326614323e-05
1.876500099897384644e-01 9.929588148328992725e-01 -3.620431654983096532e-05
1.926500052213668823e-01 9.926677594866071264e-01 -3.863631023301018714e-05
1.976500153541564941e-01 9.923747235252744492e-01 -4.115969474826540421e-05
2.026500105857849121e-01 9.920750748165069188e-01 -4.412042243140084480e-05
2.076500058174133301e-01 9.917744276258680935e-01 -4.721378523205954045e-05
2.126500159502029419e-01 9.914643641880580560e-01 -5.133102337519328116e-05
2.176500111818313599e-01 9.911488572378006623e-01 -5.700739011878058727e-05
2.201500087976455688e-01 9.909788537403894093e-01 -6.427494661202506822e-05
2.250750064849853516e-01 9.908809274340433237e-01 -1.058020998561193054e-04
2.300259023904800415e-01 9.906231943766276027e-01 -1.138446231683095332e-04
2.350941300392150879e-01 9.903560087415907986e-01 -1.319507048243567923e-04
2.401623427867889404e-01 9.900808207194010668e-01 -1.590278531823839344e-04
2.452305555343627930e-01 9.897842322455512321e-01 -1.655476670416574704e-04
2.502987682819366455e-01 9.894805835542225259e-01 -1.244775714382292627e-04
2.553669810295104980e-01 9.892014361184739979e-01 -6.468974290386078738e-05
2.604351937770843506e-01 9.889364260718936928e-01 -2.012419115219797494e-05
2.655034363269805908e-01 9.886762419201078345e-01 9.334448074537609745e-06
2.705716490745544434e-01 9.884169127449157211e-01 2.884830510805523745e-05
2.750063240528106689e-01 9.881895180354043351e-01 4.067234990615693210e-05
2.800745368003845215e-01 9.879286835685607837e-01 5.027403434117635317e-05
2.853011488914489746e-01 9.876586974613250636e-01 5.737019200173635637e-05
2.910028994083404541e-01 9.873631068638392128e-01 6.332638126517098798e-05
2.952792048454284668e-01 9.871408105274988021e-01 6.689205174408262018e-05
3.009809255599975586e-01 9.868437291705418613e-01 7.079764609299008275e-05
3.052572309970855713e-01 9.866205282059926640e-01 7.330285060027288556e-05
3.109589815139770508e-01 9.863223290821861999e-01 7.627325516844552953e-05
3.152352869510650635e-01 9.860983288477337405e-01 7.829492290814718243e-05
3.209370374679565430e-01 9.857992965456039425e-01 8.081769541142478361e-05
3.259260654449462891e-01 9.855372970823257361e-01 8.290924486659821842e-05
3.339441418647766113e-01 9.851156688871837153e-01 8.627390341153220663e-05
3.389441370964050293e-01 9.848523373074001830e-01 8.831134154683068253e-05
3.439441323280334473e-01 9.845886666434152668e-01 9.028079017760261304e-05
3.489441275596618652e-01 9.843246532621836575e-01 9.222494231330024173e-05
3.503503799438476562e-01 9.842501661512587097e-01 9.291105208888885813e-05
3.560632765293121338e-01 9.839476340157645717e-01 9.481974892199985659e-05
3.646228611469268799e-01 9.834935082329643308e-01 9.760268860393100194e-05
3.696228563785552979e-01 9.832277497791108711e-01 9.923593865500556399e-05
3.746228516101837158e-01 9.829616134885756917e-01 1.008796668241894473e-04
3.796228468418121338e-01 9.826951017833891466e-01 1.025140522018311566e-04
3.808728456497192383e-01 9.826282743423704336e-01 1.034275879935612818e-04
3.860290944576263428e-01 9.823525068495009283e-01 1.049014784040905166e-04
3.913025259971618652e-01 9.820700666639540222e-01 1.060371479344746488e-04
3.960486352443695068e-01 9.818155791267516586e-01 1.069184333559066558e-04
4.010486304759979248e-01 9.815469747876364170e-01 1.079103894649990035e-04
4.051111340522766113e-01 9.813272554912264578e-01 1.101147324319869781e-04
4.107361435890197754e-01 9.810226004464285277e-01 1.108906571827237577e-04
4.154236316680908203e-01 9.807671792166573477e-01 1.113389810872456341e-04
4.201111197471618652e-01 9.805104525127108506e-01 1.106847964581989121e-04
4.257361292839050293e-01 9.801998077876984405e-01 1.078689382189796032e-04
4.304236471652984619e-01 9.799385446215433948e-01 1.018781865399981320e-04
4.351111352443695068e-01 9.796758403475323007e-01 8.991185634855239947e-05
4.407361447811126709e-01 9.793633161272321530e-01 6.325398645703754117e-05
4.454236328601837158e-01 9.791099935864645554e-01 3.048839372774911423e-05
4.510486423969268799e-01 9.788141886393229019e-01 -8.808234558692053874e-06
4.552673697471618652e-01 9.785929919046069125e-01 -3.235998253027598379e-05
4.608923792839050293e-01 9.782955738854786087e-01 -5.323477680720980332e-05
4.651111364364624023e-01 9.780705358111669856e-01 -6.320407348019736347e-05
4.714392721652984619e-01 9.777305724128844133e-01 -7.229270561346932467e-05
4.777673780918121338e-01 9.773884824722532949e-01 -7.834364142682817458e-05
4.809314310550689697e-01 9.772169785272508680e-01 -8.051948887961251201e-05
4.856775403022766113e-01 9.769590153769840413e-01 -8.347625178950173592e-05
4.904236197471618652e-01 9.767002214704241236e-01 -8.567316782852960196e-05
4.951697289943695068e-01 9.764410255068824984e-01 -8.729479260860927427e-05
5.001697540283203125e-01 9.761674208868116320e-01 -8.855083040774815032e-05
5.051697492599487305e-01 9.758933076404389118e-01 -8.931287106067415315e-05
5.101697444915771484e-01 9.756187438964843972e-01 -8.949037227365706304e-05
5.151697397232055664e-01 9.753444974384610777e-01 -8.741650316450331277e-05
5.217322111129760742e-01 9.749854024251302098e-01 -7.907602167318737382e-05
5.259509682655334473e-01 9.747557746039496873e-01 -6.851440975590357993e-05
5.301697254180908203e-01 9.745277574327257941e-01 -5.097142051136682706e-05
5.364978313446044922e-01 9.741911606561570736e-01 5.757246935178363346e-06
5.407165884971618652e-01 9.739702933175223842e-01 7.887030286448341995e-05
5.454626679420471191e-01 9.737239292689732206e-01 2.196520093887571366e-04
5.508020520210266113e-01 9.734360177176339946e-01 4.207866059409247480e-04
5.556964874267578125e-01 9.731570700993612544e-01 5.754022371201287936e-04
5.610358119010925293e-01 9.728433833046565837e-01 6.834883538503495198e-04
5.650403499603271484e-01 9.726071578737288670e-01 7.339516329386877288e-04
5.703796744346618652e-01 9.722933741978236899e-01 7.770331132979620484e-04
5.757190585136413574e-01 9.719810776483445158e-01 8.055534627702501567e-04
5.817258358001708984e-01 9.716309974307104635e-01 8.279828798203241278e-04
5.857303142547607422e-01 9.713979908776660954e-01 8.395519521501329475e-04
5.907359719276428223e-01 9.711067369249132275e-01 8.522371451059976852e-04
5.952410697937011719e-01 9.708443947443885502e-01 8.627506475599984806e-04
6.002410650253295898e-01 9.705529446072048705e-01 8.731213826981801436e-04
6.052410602569580078e-01 9.702611917162698996e-01 8.823286919366745557e-04
6.102410554885864258e-01 9.699690585666231879e-01 8.906095746963743620e-04
6.152410507202148438e-01 9.696764967176649819e-01 8.981796484144907548e-04
6.202410459518432617e-01 9.693833850678943431e-01 9.052326754918173842e-04
6.252410411834716797e-01 9.690896122039310834e-01 9.127487265874469026e-04
6.302410364151000977e-01 9.687943546355717306e-01 9.212600806402781181e-04
6.368035674095153809e-01 9.684042479499938016e-01 9.340643882751464844e-04
6.424285769462585449e-01 9.680667768205915014e-01 9.456778329516214330e-04
6.452410817146301270e-01 9.678967067173548378e-01 9.515378210279676384e-04
6.508660912513732910e-01 9.675531490265376622e-01 9.625784934513152485e-04
6.550847887992858887e-01 9.672916908869668706e-01 9.701187648470439460e-04
6.603582501411437988e-01 9.669618370419457154e-01 9.700840427761985626e-04
6.656317114830017090e-01 9.666332256983196647e-01 9.534934210398840829e-04
6.706414818763732910e-01 9.663316829620844928e-01 9.209891160329182870e-04
6.753875613212585449e-01 9.660567801339284832e-01 8.822917938232421658e-04
6.801336407661437988e-01 9.657873728918650036e-01 8.491171730889214867e-04
6.860662698745727539e-01 9.654511636400979757e-01 8.209655209193153849e-04
6.902191042900085449e-01 9.652146136571490009e-01 8.089769454229445633e-04
6.955584287643432617e-01 9.649087403312561761e-01 7.990355529482402784e-04
7.017877101898193359e-01 9.645499044751364437e-01 7.933463842149764611e-04
7.071270346641540527e-01 9.642410593184214118e-01 7.919901893252418021e-04
7.138012647628784180e-01 9.638532995799231617e-01 7.949658802577427982e-04
7.150512337684631348e-01 9.637817164829799443e-01 7.948144087715754234e-04
7.239574790000915527e-01 9.632660105871775347e-01 8.084120258452400084e-04
7.281762361526489258e-01 9.630234127952939094e-01 8.252318889375717193e-04
7.323949933052062988e-01 9.627808368016802509e-01 8.398515837533133402e-04
7.355590462684631348e-01 9.625997464618984978e-01 8.650973675742981489e-04
7.403051257133483887e-01 9.623304603213356234e-01 9.079541478838239893e-04
7.450512647628784180e-01 9.620630851624504265e-01 9.757672037397111886e-04
7.521703839302062988e-01 9.616649954659598487e-01 1.133572109161861416e-03
7.552850246429443359e-01 9.614899941096229918e-01 1.233339688134571857e-03
7.619591951370239258e-01 9.611061459495907622e-01 1.463847595547872844e-03
7.659637331962585449e-01 9.608678448389447180e-01 1.601885046277727468e-03
7.708442211151123047e-01 9.605687023344493536e-01 1.754176616668701215e-03
7.759124636650085449e-01 9.602521793426029850e-01 1.879248732612246505e-03
7.809806466102600098e-01 9.599316091386098648e-01 1.975139171358138938e-03
7.860488891601562500e-01 9.596087331620474226e-01 2.049108157082209659e-03
7.902724146842956543e-01 9.593388681563119746e-01 2.099052875761002034e-03
7.953405976295471191e-01 9.590132116892980951e-01 2.149470268733917611e-03
8.004088401794433594e-01 9.586849878704736261e-01 2.192741727072095026e-03
8.054770231246948242e-01 9.583537510463170372e-01 2.228845111907474738e-03
8.105452656745910645e-01 9.580186292860244368e-01 2.254865283057803319e-03
8.162469863891601562e-01 9.576374792674231529e-01 2.271520523797898247e-03
8.205826878547668457e-01 9.573475428989954850e-01 2.264966472746834068e-03
8.251931071281433105e-01 9.570451330760167963e-01 2.239611224522666377e-03
8.301542997360229492e-01 9.567321099175346566e-01 2.199628050365145127e-03
8.355664610862731934e-01 9.564028300936259219e-01 2.155329689146980466e-03
8.409786820411682129e-01 9.560796973818824762e-01 2.117938465542263358e-03
8.450378179550170898e-01 9.558380417596726852e-01 2.095658060104128081e-03
8.504500389099121094e-01 9.555156598772320820e-01 2.071788008250887575e-03
8.565387725830078125e-01 9.551509941948784776e-01 2.051841834234812735e-03
8.605979084968566895e-01 9.549069698273189299e-01 2.041397208259219248e-03
8.666866421699523926e-01 9.545400710332960781e-01 2.028717124272906396e-03
8.742975592613220215e-01 9.540814693390377021e-01 2.016969900282602340e-03
8.788641095161437988e-01 9.538057115342881698e-01 2.012742890252007186e-03
8.834306597709655762e-01 9.535319301060267705e-01 2.011725448426746055e-03
8.879971504211425781e-01 9.532587784055680524e-01 2.013758629087418050e-03
8.902804255485534668e-01 9.531221420045883352e-01 2.018740252842978963e-03
8.965594768524169922e-01 9.527499922495039630e-01 2.042485986437116152e-03
9.016968011856079102e-01 9.524496508401536499e-01 2.084553998614114417e-03
9.051217436790466309e-01 9.522519114660837891e-01 2.130833504691956575e-03
9.102590680122375488e-01 9.519586423843625633e-01 2.239947470407637267e-03
9.168948531150817871e-01 9.515817648266988726e-01 2.470098223005022433e-03
9.212896823883056641e-01 9.513256884378099576e-01 2.674398724994962208e-03
9.261661767959594727e-01 9.510314360119046517e-01 2.915697627597385166e-03
9.310426712036132812e-01 9.507230292426214202e-01 3.138615593077644268e-03
9.350048303604125977e-01 9.504621959867931569e-01 3.292448180062430146e-03
9.404908418655395508e-01 9.500910295758927537e-01 3.452542849949427964e-03
9.450625777244567871e-01 9.497760687934027057e-01 3.546550160362606750e-03
9.505485892295837402e-01 9.493942745148189477e-01 3.622475502982972113e-03
9.560346603393554688e-01 9.490104747953868047e-01 3.664653263394794611e-03
9.601491689682006836e-01 9.487228635757688489e-01 3.675280298505510627e-03
9.656351804733276367e-01 9.483427259657117858e-01 3.662789057171534062e-03
9.701354503631591797e-01 9.480356949094742580e-01 3.635089359586200861e-03
9.759215116500854492e-01 9.476499914744543895e-01 3.587427971855042426e-03
9.804238080978393555e-01 9.473558649941097309e-01 3.547690028236025975e-03
9.855499267578125000e-01 9.470262945265996990e-01 3.505125121464804788e-03
9.906759858131408691e-01 9.467004152328248878e-01 3.465808384002201040e-03
9.950240254402160645e-01 9.464256262400793096e-01 3.435108018299889900e-03
1.000000000000000000e+00 9.461108785962301093e-01 3.400793908134339474e-03
