0.000000000000000000e+00 1.000000000000000000e+00 0.000000000000000000e+00
5.750000011175870895e-03 9.998566403728107455e-01 1.019184467089683600e-08
1.412499975413084030e-02 9.996482676730072958e-01 3.247795387418089878e-08
1.912499964237213135e-02 9.995242030456148452e-01 5.171729110864770111e-08
2.412500046193599701e-02 9.994003687953126880e-01 7.757069334761110993e-08
2.912499941885471344e-02 9.992767471691657022e-01 1.133177240011844307e-07
3.412500023841857910e-02 9.991533196691808616e-01 1.652419682770790963e-07
3.912499919533729553e-02 9.990300691333310334e-01 2.469167251045542746e-07
4.412499815225601196e-02 9.989069784509725380e-01 4.085983038811687764e-07
4.912500083446502686e-02 9.987840894995064778e-01 8.303714852884475712e-07
5.412499979138374329e-02 9.986632755090451008e-01 3.879137411472741077e-06
5.912499874830245972e-02 9.985591636649493452e-01 1.260245736720490074e-05
6.412500143051147461e-02 9.984556368712720342e-01 1.812513700911197204e-05
6.912499666213989258e-02 9.983490847308059690e-01 2.228541315758022804e-05
7.412499934434890747e-02 9.982392177499572750e-01 2.573225004919644013e-05
7.912500202655792236e-02 9.981260612093170170e-01 2.871422450347193450e-05
8.412499725818634033e-02 9.980094315676852901e-01 3.136589055367071263e-05
8.912499994039535522e-02 9.978892949120752309e-01 3.376470252486138835e-05
9.412500262260437012e-02 9.977656487760873105e-01 3.596260774366814725e-05
9.912499785423278809e-02 9.976385223454442563e-01 3.799662026094979323e-05
1.041250005364418030e-01 9.975079799520558677e-01 3.989475602605219498e-05
1.091250032186508179e-01 9.973741128526885102e-01 4.167938283805189438e-05
1.141249984502792358e-01 9.972370299799688809e-01 4.337015080040899120e-05
1.191250011324882507e-01 9.970968277289949944e-01 4.498629654147501603e-05
1.241249963641166687e-01 9.969535332301567854e-01 4.655246799490575179e-05
1.291249990463256836e-01 9.968058871811834587e-01 4.819965648368514560e-05
1.303749978542327881e-01 9.967676029123108128e-01 4.868135899947634965e-05
1.353749930858612061e-01 9.963668839684848288e-01 5.442950601593173526e-05
1.412416994571685791e-01 9.960077857149057801e-01 5.746917831229752578e-05
1.479158997535705566e-01 9.957012406710920027e-01 6.013596028988731459e-05
1.529158949851989746e-01 9.954847800320593132e-01 6.201412079149279475e-05
1.579158902168273926e-01 9.952783161196215866e-01 6.381714122434114307e-05
1.629159003496170044e-01 9.950812434328012435e-01 6.555288564413785934e-05
1.679158955812454224e-01 9.948936898132849649e-01 6.722363819978360519e-05
1.729158908128738403e-01 9.947167162237496862e-01 6.882680965394808814e-05
1.779159009456634521e-01 9.945497586809356472e-01 7.035711715961324617e-05
1.829158961772918701e-01 9.943951253233285215e-01 7.180407932349320069e-05
1.851033866405487061e-01 9.943311259664338042e-01 7.242079952667499691e-05
1.900252699851989746e-01 9.942058834536322554e-01 6.702728569507598877e-05
1.956612616777420044e-01 9.939732251496151694e-01 6.617404167251340181e-05
2.010006159543991089e-01 9.936965683410907690e-01 6.508310566303031385e-05
2.050051242113113403e-01 9.934854482782297103e-01 6.423770562456599504e-05
2.103444784879684448e-01 9.931991737464379577e-01 6.384646182815576702e-05
2.153501212596893311e-01 9.929254655180306255e-01 6.397910705157395020e-05
2.248552143573760986e-01 9.923909006447628744e-01 6.447620449009640277e-05
2.298552095890045166e-01 9.921015073513161919e-01 6.485442582774779126e-05
2.348552048206329346e-01 9.918064035218338015e-01 6.531915579248091504e-05
2.398552149534225464e-01 9.915055184528744903e-01 6.586562135610086978e-05
2.448552101850509644e-01 9.911987674647363411e-01 6.648728318897814259e-05
2.498552054166793823e-01 9.908860543678545962e-01 6.717450691965119779e-05
2.548552155494689941e-01 9.905672624193389009e-01 6.791506893932819366e-05
2.598552107810974121e-01 9.902423266706795735e-01 6.869501145235423431e-05
2.648552060127258301e-01 9.899111081813943835e-01 6.949823702974566191e-05
2.698552012443542480e-01 9.895735124061847410e-01 7.030694617022727817e-05
2.748551964759826660e-01 9.892294308234905742e-01 7.110197450323351592e-05
2.761051952838897705e-01 9.891417988415422968e-01 7.152843995597855985e-05
2.807927131652832031e-01 9.888110070393002493e-01 7.190339363597589880e-05
2.854802012443542480e-01 9.884735625365685951e-01 7.173992243820223689e-05
2.901677191257476807e-01 9.881293559896535683e-01 7.092630779691811219e-05
2.957926988601684570e-01 9.877062846874368196e-01 6.806259525233301997e-05
3.004802167415618896e-01 9.873440158778222786e-01 6.269884359990728453e-05
3.051677048206329346e-01 9.869706268968252427e-01 5.160048122292962871e-05
3.107927143573760986e-01 9.865013920027634331e-01 2.109972109761217650e-05
3.154802024364471436e-01 9.860814127428778608e-01 -3.183464688281046793e-05
3.201677203178405762e-01 9.856337909040779888e-01 -7.716311013390277714e-05
3.250895738601684570e-01 9.852101441087393052e-01 4.197298227969942398e-05
3.305388092994689941e-01 9.847816927679653443e-01 1.946030473657723084e-04
3.352848887443542480e-01 9.843954859108761113e-01 2.589247928097330141e-04
3.400309979915618896e-01 9.839951580968395728e-01 2.919299656461024845e-04
3.455680906772613525e-01 9.835138485349457227e-01 3.126024364911276793e-04
3.507097065448760986e-01 9.830553761843976446e-01 3.237078159019864988e-04
3.554557859897613525e-01 9.826241526110418567e-01 3.303371947901002199e-04
3.602018952369689941e-01 9.821838362463589656e-01 3.343694361633268064e-04
3.661344945430755615e-01 9.816225068322543823e-01 3.371429469051032287e-04
3.708806037902832031e-01 9.811652759025836223e-01 3.384328607855171937e-04
3.750334382057189941e-01 9.807598048243029165e-01 3.390600583676634276e-04
3.817076385021209717e-01 9.800946268542058970e-01 3.396753093291973507e-04
3.867076337337493896e-01 9.795874118804931419e-01 3.398403782269050354e-04
3.917076289653778076e-01 9.790714214588034370e-01 3.396266878678880739e-04
3.967076241970062256e-01 9.785472261494604362e-01 3.389247596777718568e-04
4.017076194286346436e-01 9.780149246084279824e-01 3.376750532409240478e-04
4.067076146602630615e-01 9.774745546538253782e-01 3.358791742859215516e-04
4.117076396942138672e-01 9.769262576925343833e-01 3.335608875957028806e-04
4.167076349258422852e-01 9.763706240160712202e-01 3.308520556010048890e-04
4.204576313495635986e-01 9.759500092473523125e-01 3.287067058785208434e-04
4.279576241970062256e-01 9.751044191163161790e-01 3.246080515713527042e-04
4.307701289653778076e-01 9.747929934797616713e-01 3.234292541084618348e-04
4.355162084102630615e-01 9.743114537206188919e-01 3.217260899214909237e-04
4.402623176574707031e-01 9.739204521836904993e-01 3.221073220002240354e-04
4.450083971023559570e-01 9.735537775631609714e-01 3.239187122932795596e-04
4.503477513790130615e-01 9.731379114348313042e-01 3.260012137992628783e-04
4.570219516754150391e-01 9.726150463367331245e-01 3.283977637003207767e-04
4.620219469070434570e-01 9.722210588126346531e-01 3.303361350092394412e-04
4.670219719409942627e-01 9.718254714176571829e-01 3.316743813198188293e-04
4.720219671726226807e-01 9.714278089589086784e-01 3.332372048291666567e-04
4.770219624042510986e-01 9.710283016336374029e-01 3.348452135406691527e-04
4.820219576358795166e-01 9.706269297106512317e-01 3.363696280224570006e-04
4.870219528675079346e-01 9.702237260752710757e-01 3.378154581476902401e-04
4.920219480991363525e-01 9.698186216683224448e-01 3.391871036126695681e-04
4.957719445228576660e-01 9.695134853494578042e-01 3.392174197682019162e-04
5.004594326019287109e-01 9.691307429609627988e-01 3.392085561464572513e-04
5.096781849861145020e-01 9.683733479730014526e-01 3.383751187858910340e-04
5.146781802177429199e-01 9.679599630421605871e-01 3.370536362816547787e-04
5.184282064437866211e-01 9.676487166306066978e-01 3.354139947171868837e-04
5.212407112121582031e-01 9.674146487795074467e-01 3.337347558860121214e-04
5.268657207489013672e-01 9.669447734438140207e-01 3.289165103743815982e-04
5.324907302856445312e-01 9.664726586177432299e-01 3.212031683531300962e-04
5.367094278335571289e-01 9.661170729275407876e-01 3.125091757753799683e-04
5.409281849861145020e-01 9.657602277295342930e-01 3.000078080543156552e-04
5.451469421386718750e-01 9.654020046365671126e-01 2.818235099829476380e-04
5.514751076698303223e-01 9.648619158514615268e-01 2.373078966449046966e-04
5.556938052177429199e-01 9.644995820933374153e-01 1.893321951401644805e-04
5.620219707489013672e-01 9.639510056068157917e-01 7.238610776077057034e-05
5.662407279014587402e-01 9.635801611275509604e-01 -4.639234072689352341e-05
5.708549618721008301e-01 9.631678120843295554e-01 -2.093788653869053376e-04
5.756010413169860840e-01 9.627364947878082058e-01 -3.808674177732961118e-04
5.800505280494689941e-01 9.623261945001010398e-01 -5.104409787675429511e-04
5.853898525238037109e-01 9.618283271789550559e-01 -5.917709706158473873e-04
5.907292366027832031e-01 9.613269509940310931e-01 -6.159001254829866946e-04
5.960685610771179199e-01 9.608306950536267266e-01 -6.172803455385668337e-04
6.000730991363525391e-01 9.604652996720938196e-01 -6.230652075389336419e-04
6.054124832153320312e-01 9.599855028349777442e-01 -6.496975647992100835e-04
6.107518076896667480e-01 9.595131150607404402e-01 -6.941292948763946044e-04
6.160911917686462402e-01 9.590442295732168887e-01 -7.487030635619985235e-04
6.214305162429809570e-01 9.585760182347791147e-01 -8.054908750386073971e-04
6.254350543022155762e-01 9.582238295982623555e-01 -8.456945290853237545e-04
6.314418315887451172e-01 9.576931690347605386e-01 -9.002534608388768804e-04
6.354463100433349609e-01 9.573374222064841010e-01 -9.312144769676800656e-04
6.414530873298645020e-01 9.568009869805698120e-01 -9.698407917187131834e-04
6.454576253890991211e-01 9.564415471307162742e-01 -9.904637418944261217e-04
6.514644026756286621e-01 9.558999028699151079e-01 -1.014683267165874658e-03
6.554689407348632812e-01 9.555372862980282544e-01 -1.027354970574378967e-03
6.624768376350402832e-01 9.549001496413659362e-01 -1.044539734721183777e-03
6.654801964759826660e-01 9.546261984726477356e-01 -1.050104483448225951e-03
6.714869737625122070e-01 9.540768162957553589e-01 -1.058872275311371338e-03
6.774937510490417480e-01 9.535256451573864700e-01 -1.065356143075844300e-03
6.804971694946289062e-01 9.532494183244375474e-01 -1.067957937203604674e-03
6.865039467811584473e-01 9.526958827314706557e-01 -1.072096670496052806e-03
6.940124034881591797e-01 9.520020287612389609e-01 -1.076003408123706994e-03
6.985174417495727539e-01 9.515847008803796081e-01 -1.077584601167974696e-03
7.030225396156311035e-01 9.511663930169467207e-01 -1.079083002846816528e-03
7.075276374816894531e-01 9.507477957626868648e-01 -1.080182605776293554e-03
7.125276327133178711e-01 9.502824651783911003e-01 -1.081148098255025952e-03
7.175276279449462891e-01 9.498164308482202056e-01 -1.081764826486850562e-03
7.225276231765747070e-01 9.493496927721747358e-01 -1.082124509688081517e-03
7.275276184082031250e-01 9.488823101438323970e-01 -1.082282256463478441e-03
7.325276136398315430e-01 9.484143290026434414e-01 -1.082291762376653759e-03
7.375276088714599609e-01 9.479456704238365949e-01 -1.082197345536330688e-03
7.425276041030883789e-01 9.474768474184234179e-01 -1.082572957565044579e-03
7.475276589393615723e-01 9.470073403983280125e-01 -1.083291681676075294e-03
7.525276541709899902e-01 9.465374256002492270e-01 -1.084255375738801732e-03
7.575276494026184082e-01 9.460672674507930591e-01 -1.085877033143207862e-03
7.625276446342468262e-01 9.455969284320699941e-01 -1.088121070944029784e-03
7.675276398658752441e-01 9.451265992789432691e-01 -1.091616292451990039e-03
7.712776064872741699e-01 9.447739042084792871e-01 -1.095266306194765844e-03
7.750276327133178711e-01 9.444214393352640124e-01 -1.099754381796409254e-03
7.815901041030883789e-01 9.438055104222791147e-01 -1.111068730724268849e-03
7.872151136398315430e-01 9.432790887766870913e-01 -1.124886731649267285e-03
7.900276184082031250e-01 9.430167033754546235e-01 -1.133502685818178930e-03
7.956526279449462891e-01 9.424941885060278413e-01 -1.155384398739913452e-03
8.012776374816894531e-01 9.419758698035931577e-01 -1.186723339146581249e-03
8.069026470184326172e-01 9.414638585057751863e-01 -1.239638004837365038e-03
8.069026470184326172e-01 9.414638585057751863e-01 -1.239638004837365038e-03
