0.000000000000000000e+00 1.000000000000000000e+00 0.000000000000000000e+00
4.999999888241291046e-03 9.997957776374175598e-01 -3.376152096639050624e-09
9.999999776482582092e-03 9.995902569554433459e-01 -6.495963493724032474e-09
1.499999966472387314e-02 9.993839297575108915e-01 -8.835694406567015704e-09
1.999999955296516418e-02 9.991767246983632722e-01 -9.229059272177689272e-09
2.500000037252902985e-02 9.989685661251804794e-01 -3.233360664179438957e-09
2.999999932944774628e-02 9.987598501734373801e-01 8.607752564433617201e-08
3.500000014901161194e-02 9.985906015925045676e-01 1.108581630685249365e-06
3.999999910593032837e-02 9.984243389738708396e-01 1.760167187126744694e-06
4.500000178813934326e-02 9.982454290309874523e-01 2.248932709213064509e-06
5.000000074505805969e-02 9.980543202312052165e-01 2.658124934850620595e-06
5.499999970197677612e-02 9.978522640516777065e-01 3.016194790413900502e-06
5.999999865889549255e-02 9.976406991782308387e-01 3.335307579205817709e-06
6.499999761581420898e-02 9.973397395991477898e-01 2.537375832555674838e-06
7.000000029802322388e-02 9.970964951074423599e-01 2.226569815030117821e-06
7.500000298023223877e-02 9.968753673649635161e-01 2.738425680318800216e-06
7.999999821186065674e-02 9.966970565539448046e-01 3.703447262279125844e-06
8.500000089406967163e-02 9.964869847017177040e-01 4.557937289736851824e-06
9.000000357627868652e-02 9.962466908302627377e-01 4.932223701802622456e-06
9.499999880790710449e-02 9.960020863508978195e-01 5.190940417286728386e-06
1.000000014901161194e-01 9.957551359929958101e-01 5.429429823861402365e-06
1.049999967217445374e-01 9.955059638143588518e-01 5.664738255138156702e-06
1.099999994039535522e-01 9.952552343416615210e-01 5.894778844188240999e-06
1.150000020861625671e-01 9.950028190292229402e-01 6.123284316238235384e-06
1.199999973177909851e-01 9.947488085963145377e-01 6.349899751298567698e-06
1.250000000000000000e-01 9.944932376637177773e-01 6.575240683154899923e-06
1.299999952316284180e-01 9.942361655355501648e-01 6.799745772566114371e-06
1.350000053644180298e-01 9.939775822743648348e-01 7.023751547857493048e-06
1.400000005960464478e-01 9.937175000615481313e-01 7.247574189129997682e-06
1.449999958276748657e-01 9.934559073568391963e-01 7.471335003105531799e-06
1.500000059604644775e-01 9.931927862087217562e-01 7.695365039741291859e-06
1.550000011920928955e-01 9.929281231535582730e-01 7.919793431999302749e-06
1.599999964237213135e-01 9.926618765181853821e-01 8.144810357514549345e-06
1.650000065565109253e-01 9.923940251454584915e-01 8.370575471585538224e-06
1.700000017881393433e-01 9.921245382613494979e-01 8.597215559302257609e-06
1.749999970197677612e-01 9.918533793216994798e-01 8.824790882713654422e-06
1.800000071525573730e-01 9.915805278104894427e-01 9.053482227966564352e-06
1.850000023841857910e-01 9.913059260264164285e-01 9.283252029108400805e-06
1.899999976158142090e-01 9.910295573002150249e-01 9.514285768030071098e-06
1.949999928474426270e-01 9.907513735474658967e-01 9.746554487643122218e-06
2.000000029802322388e-01 9.904713555344011322e-01 9.980199060269764056e-06
2.049999982118606567e-01 9.901894846683789719e-01 1.021514513662883141e-05
2.099999934434890747e-01 9.899056981190913485e-01 1.045149210996988393e-05
2.150000035762786865e-01 9.896199965276638588e-01 1.068923606717285967e-05
2.199999988079071045e-01 9.893323343741793341e-01 1.092840753057423778e-05
2.249999940395355225e-01 9.890426853724887390e-01 1.116902215265426266e-05
2.300000041723251343e-01 9.887510334944524804e-01 1.141099149689954916e-05
2.349999994039535522e-01 9.884573607885537294e-01 1.165439617358335853e-05
2.399999946355819702e-01 9.881616095534893063e-01 1.189917748590477338e-05
2.450000047683715820e-01 9.878638067165341763e-01 1.214533152074373007e-05
2.500000000000000000e-01 9.875638932941340764e-01 1.239290523554096691e-05
2.549999952316284180e-01 9.872618987780658051e-01 1.264172019202168235e-05
2.599999904632568359e-01 9.869577641847755434e-01 1.289179439053816000e-05
2.649999856948852539e-01 9.866514689982437414e-01 1.314317948427520812e-05
2.700000107288360596e-01 9.863430170652245366e-01 1.339575886225499989e-05
2.750000059604644775e-01 9.860324032567128194e-01 1.364945582732433092e-05
2.800000011920928955e-01 9.857196198792017583e-01 1.390429542345159226e-05
2.849999964237213135e-01 9.854046233361508644e-01 1.416013990881062291e-05
2.899999916553497314e-01 9.850874213210675245e-01 1.441693919546463904e-05
2.949999868869781494e-01 9.847679984469372982e-01 1.467481380751152943e-05
3.000000119209289551e-01 9.844463675362723487e-01 1.493342095563391599e-05
3.050000071525573730e-01 9.841225119198069304e-01 1.519283890223302757e-05
3.100000023841857910e-01 9.837963828719964443e-01 1.545298781965961089e-05
3.149999976158142090e-01 9.834680047556132454e-01 1.571387396890576031e-05
3.199999928474426270e-01 9.831374211671972674e-01 1.597517021313434726e-05
3.249999880790710449e-01 9.828045564539292789e-01 1.623688750908154453e-05
3.300000131130218506e-01 9.824694234383206659e-01 1.649891628938562766e-05
3.350000083446502686e-01 9.821320157091155689e-01 1.676107655052377403e-05
3.400000035762786865e-01 9.817923576290867871e-01 1.702349038184190023e-05
3.449999988079071045e-01 9.814504261177127153e-01 1.728577742807003482e-05
3.499999940395355225e-01 9.811062083524817456e-01 1.754787194879115126e-05
3.549999892711639404e-01 9.807597197204076522e-01 1.780975985677302450e-05
3.600000143051147461e-01 9.804109602214909902e-01 1.807126897473295242e-05
3.650000095367431641e-01 9.800598875414424649e-01 1.833207216583380137e-05
3.700000047683715820e-01 9.797065593815650342e-01 1.859200194853694426e-05
3.750000000000000000e-01 9.793509000890395777e-01 1.885042283214440704e-05
3.799999952316284180e-01 9.789929994214482400e-01 1.910766977973345069e-05
3.849999904632568359e-01 9.786327855727252611e-01 1.936296486303585836e-05
3.899999856948852539e-01 9.782702764943869145e-01 1.961594337926191319e-05
3.950000107288360596e-01 9.779054657751773405e-01 1.986628445256657927e-05
4.000000059604644775e-01 9.775383854713760590e-01 2.011311623980017329e-05
4.050000011920928955e-01 9.771690048089547442e-01 2.035544793896314423e-05
4.099999964237213135e-01 9.767972955783875699e-01 2.059212126651731734e-05
4.149999916553497314e-01 9.764233270212381299e-01 2.082177602192934973e-05
4.199999868869781494e-01 9.760470350249474958e-01 2.101456136012277653e-05
4.250000119209289551e-01 9.756684426700367174e-01 2.124147693149181963e-05
4.300000071525573730e-01 9.752875371339941868e-01 2.154507556883227009e-05
4.350000023841857910e-01 9.749043466263458413e-01 2.190873590337128195e-05
4.399999976158142090e-01 9.745189403886553858e-01 2.170138123656521279e-05
4.449999928474426270e-01 9.741312671308758331e-01 2.161704723824973954e-05
4.499999880790710449e-01 9.737413473690257337e-01 2.108230216412985053e-05
4.550000131130218506e-01 9.733493606182707092e-01 1.918305055934841778e-05
4.600000083446502686e-01 9.729554222812172304e-01 1.277738102093464159e-05
4.650000035762786865e-01 9.725599247267266989e-01 -5.577334022822500239e-06
4.699999988079071045e-01 9.721629371963629307e-01 -4.976808774371106861e-05
4.749999940395355225e-01 9.717636313558626338e-01 -1.077977423908329835e-04
4.799999892711639404e-01 9.713606813575038634e-01 -1.298302612384828270e-04
4.850000143051147461e-01 9.709541897813812605e-01 -1.073812236305044486e-04
4.900000095367431641e-01 9.705447644145548391e-01 -6.337217798753946364e-05
4.950000047683715820e-01 9.701329899635634524e-01 -9.810187298209727038e-06
5.000000000000000000e-01 9.697189715730042403e-01 5.246265908750165732e-05
5.049999952316284180e-01 9.693027400169051955e-01 1.263739682045303479e-04
5.099999904632568359e-01 9.688841516831342426e-01 2.193196230575818109e-04
5.149999856948852539e-01 9.684635245699843020e-01 3.563681570421747564e-04
5.199999809265136719e-01 9.680403688575038856e-01 5.796122951667849682e-04
5.249999761581420898e-01 9.676143896279214562e-01 1.081323924184847277e-03
5.299999713897705078e-01 9.671815913865545733e-01 2.669175332333861145e-03
5.350000262260437012e-01 9.666024523823202319e-01 1.350734614524520816e-02
5.400000214576721191e-01 9.655062763630842815e-01 3.122167827702370183e-02
5.450000166893005371e-01 9.643530940208113744e-01 4.295651411809841419e-02
5.500000119209289551e-01 9.633095544125852561e-01 5.088381406639804622e-02
5.550000071525573730e-01 9.622954091304490865e-01 5.746145809397978227e-02
5.600000023841857910e-01 9.612864133690586232e-01 6.334352252864036692e-02
5.649999976158142090e-01 9.602774406881893210e-01 6.875385957605698040e-02
5.699999928474426270e-01 9.592671344660910204e-01 7.380573689436711882e-02
5.749999880790710449e-01 9.582549561572676344e-01 7.856984499121914822e-02
5.799999833106994629e-01 9.572428983800550517e-01 8.307802216345522295e-02
5.849999785423278809e-01 9.562291044347427382e-01 8.737755142340139503e-02
5.899999737739562988e-01 9.551947380514705932e-01 9.161302582556460350e-02
5.950000286102294922e-01 9.541424406676732861e-01 9.579388914989823978e-02
6.000000238418579102e-01 9.531311189026391295e-01 9.961920986656380705e-02
6.050000190734863281e-01 9.521593725380776974e-01 1.031306290826877609e-01
6.100000143051147461e-01 9.511855950876444421e-01 1.065669468470982206e-01
6.150000095367431641e-01 9.501924351283481673e-01 1.100216264484309286e-01
6.200000047683715820e-01 9.491868270745797975e-01 1.134608805680475258e-01
6.250000000000000000e-01 9.481767106256565603e-01 1.168489856880252087e-01
6.299999952316284180e-01 9.471623832638524920e-01 1.201845056870404355e-01
6.349999904632568359e-01 9.461422857717305401e-01 1.234784551027442168e-01
6.399999856948852539e-01 9.451146332556460417e-01 1.267402328362985942e-01
6.449999809265136719e-01 9.440784409466911331e-01 1.299728393554687444e-01
6.499999761581420898e-01 9.430356373506434409e-01 1.331666834214154382e-01
6.549999713897705078e-01 9.419909360228466699e-01 1.363031595694918496e-01
6.600000262260437012e-01 9.409469886587447096e-01 1.393767412971047837e-01
6.650000214576721191e-01 9.399002357290571208e-01 1.424057391511291959e-01
6.700000166893005371e-01 9.388430452747504873e-01 1.454196705537683931e-01
6.750000119209289551e-01 9.377744376559217221e-01 1.484357689609046849e-01
6.800000071525573730e-01 9.367119540687369739e-01 1.514131305598411248e-01
6.850000023841857910e-01 9.356617082868303736e-01 1.543289056345194254e-01
6.899999976158142090e-01 9.346127242400866786e-01 1.572162532004989510e-01
6.949999928474426270e-01 9.335589702189469596e-01 1.600888933454241159e-01
6.999999880790710449e-01 9.324990972951681112e-01 1.629517114462972760e-01
7.049999833106994629e-01 9.314326130842962570e-01 1.658067334599855613e-01
7.099999785423278809e-01 9.303610357717305712e-01 1.686466633772649715e-01
7.149999737739562988e-01 9.292820162733061995e-01 1.714884012687106218e-01
7.200000286102294922e-01 9.281984781217174074e-01 1.743178808388589907e-01
7.250000238418579102e-01 9.271096468372505006e-01 1.771391540014443378e-01
7.300000190734863281e-01 9.260153941947872891e-01 1.799529259946165971e-01
7.350000143051147461e-01 9.249154329700630672e-01 1.827597738314075682e-01
7.400000095367431641e-01 9.238085886209953523e-01 1.855646598238905043e-01
7.450000047683715820e-01 9.226980154854910188e-01 1.883554795209099186e-01
7.500000000000000000e-01 9.215775536288735026e-01 1.911465941357011478e-01
7.549999952316284180e-01 9.204454643185397966e-01 1.939350929580816729e-01
7.599999904632568359e-01 9.193003165621718153e-01 1.967188218060661742e-01
7.649999856948852539e-01 9.181552457408745926e-01 1.994885356486344463e-01
7.699999809265136719e-01 9.170198430934874967e-01 2.022399132993041027e-01
7.749999761581420898e-01 9.158921647272191269e-01 2.049769810267857151e-01
7.799999713897705078e-01 9.147669482832195831e-01 2.077138179490546355e-01
7.850000262260437012e-01 9.136292016806721872e-01 2.104766076352415916e-01
7.900000214576721191e-01 9.124788069524685241e-01 2.132482833221178986e-01
7.950000166893005371e-01 9.113284429982930757e-01 2.159996994403230175e-01
8.000000119209289551e-01 9.101723858488707242e-01 2.187520772469143948e-01
8.050000071525573730e-01 9.090107791163341000e-01 2.214970949317226767e-01
8.100000023841857910e-01 9.078428534499737301e-01 2.242389069885766806e-01
8.149999976158142090e-01 9.066667521500788585e-01 2.269866686909138564e-01
8.199999928474426270e-01 9.054847319787290294e-01 2.297321223411239455e-01
8.249999880790710449e-01 9.042963620995273510e-01 2.324790121126575626e-01
8.299999833106994629e-01 9.031021861869747980e-01 2.352274149405856052e-01
8.349999785423278809e-01 9.019010143119748912e-01 2.379809467732405537e-01
8.399999737739562988e-01 9.006941184676996448e-01 2.407372995584952657e-01
8.450000286102294922e-01 8.994836015460870859e-01 2.434928060579700515e-01
8.500000238418579102e-01 8.982659245338761034e-01 2.462552623588497858e-01
8.550000190734863281e-01 8.970439904477416349e-01 2.490179238199185796e-01
8.600000143051147461e-01 8.958154296874999423e-01 2.517874837923450571e-01
8.650000095367431641e-01 8.945813603761816335e-01 2.545589158514968697e-01
8.700000047683715820e-01 8.933416594176734060e-01 2.573339638589811074e-01
8.750000000000000000e-01 8.920963883600314670e-01 2.601123200745141806e-01
8.799999952316284180e-01 8.908449624967174074e-01 2.628949846540178381e-01
8.849999904632568359e-01 8.895879460182509746e-01 2.656808292164521967e-01
8.899999856948852539e-01 8.883253902146795999e-01 2.684700332769826558e-01
8.949999809265136719e-01 8.870566077993696785e-01 2.712642381171218586e-01
8.999999761581420898e-01 8.857819270286239055e-01 2.740623410008534711e-01
9.049999713897705078e-01 8.845013991924893793e-01 2.768649830537683876e-01
9.100000262260437012e-01 8.832146755186449649e-01 2.796722925009847427e-01
9.150000214576721191e-01 8.819219098772321797e-01 2.824837820870535476e-01
9.200000166893005371e-01 8.806230920102416926e-01 2.853000672925420367e-01
9.250000119209289551e-01 8.793181603696165194e-01 2.881215840828518782e-01
9.300000071525573730e-01 8.780069918592436906e-01 2.909474605271796244e-01
9.350000023841857910e-01 8.766895249310661109e-01 2.937788762966123679e-01
9.399999976158142090e-01 8.753656467469801417e-01 2.966155492958902351e-01
9.449999928474426270e-01 8.740356753052782590e-01 2.994576846852022300e-01
9.499999880790710449e-01 8.726990771894694854e-01 3.023055645598082819e-01
9.549999833106994629e-01 8.713561806558560718e-01 3.051590350495667070e-01
9.599999785423278809e-01 8.700067908022584007e-01 3.080181474445246592e-01
9.649999737739562988e-01 8.686509076286764719e-01 3.108822349740677504e-01
9.700000286102294922e-01 8.672880490086660732e-01 3.137533492400866320e-01
9.750000238418579102e-01 8.659186970686711948e-01 3.166294386406906525e-01
9.800000190734863281e-01 8.645422158121061074e-01 3.195117854270614344e-01
9.850000143051147461e-01 8.631588001411503175e-01 3.224002613740808987e-01
9.900000095367431641e-01 8.617684500558036031e-01 3.252944048713235503e-01
9.950000047683715820e-01 8.603707039456407468e-01 3.281933439879858305e-01
1.000000000000000000e+00 8.589650181361607739e-01 3.310966940487132248e-01
