0.000000000000000000e+00 1.000000000000000000e+00 0.000000000000000000e+00
5.750000011175870895e-03 9.998757482142675013e-01 -1.003490834836921997e-08
1.412499975413084030e-02 9.996958264471992317e-01 -2.875310042688238559e-08
1.912499964237213135e-02 9.995890727497283024e-01 -4.341410016105140976e-08
2.412500046193599701e-02 9.994828026256863396e-01 -6.187779829829989916e-08
2.912499941885471344e-02 9.993770073330591197e-01 -8.561035515629642621e-08
3.412500023841857910e-02 9.992716773351032478e-01 -1.168282843926655387e-07
3.912499919533729553e-02 9.991668013163975681e-01 -1.590194953014216754e-07
4.412499815225601196e-02 9.990623704213945633e-01 -2.179841329861018381e-07
4.912500083446502686e-02 9.989583712532406068e-01 -3.040894322718182953e-07
5.412499979138374329e-02 9.988547907935249048e-01 -4.377244742557643064e-07
5.912499874830245972e-02 9.987516060329617584e-01 -6.646400646469185762e-07
6.412500143051147461e-02 9.986487288702102783e-01 -1.200558229659994500e-06
6.912499666213989258e-02 9.985456686171273466e-01 -2.907256462744304294e-06
7.412499934434890747e-02 9.984171790168397953e-01 -1.748948993663939291e-05
7.912500202655792236e-02 9.982243519737605819e-01 -3.607425956972061721e-05
8.412499725818634033e-02 9.980230532752143446e-01 -4.838324846729399507e-05
8.912499994039535522e-02 9.978199194348047474e-01 -5.798513099314674417e-05
9.412500262260437012e-02 9.976150306822761937e-01 -6.610729864665439918e-05
9.912499785423278809e-02 9.974073243519615550e-01 -7.327809220268613152e-05
1.041250005364418030e-01 9.971967382279652847e-01 -7.975785032151236906e-05
1.091250032186508179e-01 9.969830967131114718e-01 -8.571044438415103639e-05
1.141249984502792358e-01 9.967661936320956206e-01 -9.124292622482965394e-05
1.191250011324882507e-01 9.965458791218105850e-01 -9.641961327620915314e-05
1.200527325272560120e-01 9.965308813064817084e-01 -8.867450413249788476e-05
1.270740330219268799e-01 9.962145281594896318e-01 -9.204511722875020278e-05
1.304528415203094482e-01 9.960555518619598203e-01 -9.452055489260053321e-05
1.354528367519378662e-01 9.958160930209689621e-01 -9.828419202849978699e-05
1.404528319835662842e-01 9.955726541791642958e-01 -1.021762570691487157e-04
1.454528421163558960e-01 9.953262459285674435e-01 -1.061726775434282085e-04
1.504528373479843140e-01 9.950776554289317843e-01 -1.102487364458659382e-04
1.554528325796127319e-01 9.948275048392160036e-01 -1.143713200849200015e-04
1.604528427124023438e-01 9.945761695740715780e-01 -1.186378063663603717e-04
1.654528379440307617e-01 9.943242505996947589e-01 -1.229284065110342928e-04
1.704528331756591797e-01 9.940720694405692504e-01 -1.273955735895368794e-04
1.754528433084487915e-01 9.938202770172603895e-01 -1.319950771710229212e-04
1.804528385400772095e-01 9.935696326361762587e-01 -1.368421883810134272e-04
1.854528337717056274e-01 9.933213503398592437e-01 -1.421549135730380148e-04
1.904528439044952393e-01 9.930762602790952354e-01 -1.487382465884798984e-04
1.970153450965881348e-01 9.927324779449946401e-01 -1.564104050870925608e-04
2.007067501544952393e-01 9.925407724531870590e-01 -1.589462397590516211e-04
2.054528445005416870e-01 9.922954801529172419e-01 -1.619345257206568659e-04
2.113854587078094482e-01 9.919884182157969743e-01 -1.656023164590199770e-04
2.163854539394378662e-01 9.917292367844353640e-01 -1.686527970291319407e-04
2.213854491710662842e-01 9.914702648586697364e-01 -1.716749653929755721e-04
2.263854593038558960e-01 9.912105481586758193e-01 -1.746544644000038295e-04
2.313854545354843140e-01 9.909510815332807088e-01 -1.776007314523061207e-04
2.363854497671127319e-01 9.906915162101623817e-01 -1.805180831561012899e-04
2.413854598999023438e-01 9.904319539145817197e-01 -1.834042370319366347e-04
2.463854551315307617e-01 9.901723583160885189e-01 -1.862605649327474960e-04
2.513854503631591797e-01 9.899127718002077581e-01 -1.890875162586333372e-04
2.563854455947875977e-01 9.896531979999844131e-01 -1.918852802306886805e-04
2.613854706287384033e-01 9.893936593191965390e-01 -1.946536794541374113e-04
2.663854658603668213e-01 9.891341581798733795e-01 -1.973930450658949707e-04
2.713854610919952393e-01 9.888746970040458439e-01 -2.001025137447175466e-04
2.763854563236236572e-01 9.886152648925781161e-01 -2.027812931272718539e-04
2.813854515552520752e-01 9.883558763776505440e-01 -2.054278812711200948e-04
2.863854467868804932e-01 9.880965350923084367e-01 -2.080403150074065734e-04
2.903307676315307617e-01 9.878911978100972657e-01 -2.102006758962358848e-04
2.952526509761810303e-01 9.876327284555586061e-01 -2.105642169240921316e-04
3.001745045185089111e-01 9.873667386978391969e-01 -2.031152210538349548e-04
3.050963878631591797e-01 9.870798177567738918e-01 -1.497451275114029226e-04
3.100182712078094482e-01 9.867882743714349036e-01 3.084865590882679784e-05
3.152917027473449707e-01 9.865156421964129674e-01 2.057025593424600344e-04
3.202135860919952393e-01 9.862741113087487577e-01 2.835433634500654867e-04
3.251354694366455078e-01 9.860335213797432052e-01 3.206724212283179956e-04
3.300573229789733887e-01 9.857921043274894268e-01 3.377800896054222388e-04
3.355065584182739258e-01 9.855233764648436701e-01 3.437276633958968072e-04
3.402526378631591797e-01 9.852878679547991680e-01 3.424421189323304405e-04
3.455260694026947021e-01 9.850244528149800782e-01 3.371245094708033877e-04
3.510631918907165527e-01 9.847459690154545253e-01 3.296885935087052544e-04
3.558092713356018066e-01 9.845059167771111897e-01 3.231479771553523754e-04
3.602587580680847168e-01 9.842800237262059326e-01 3.167113141408042548e-04
3.655981123447418213e-01 9.840078614250062916e-01 3.106146577804807640e-04
3.702700436115264893e-01 9.837687283470517574e-01 3.069486173372420112e-04
3.762768208980560303e-01 9.834603760734437206e-01 3.035644453669350995e-04
3.807818889617919922e-01 9.832284957643538936e-01 3.014496394566127356e-04
3.864132463932037354e-01 9.829386090475414894e-01 2.988004731753516013e-04
3.914132416248321533e-01 9.826811278812469519e-01 2.965083434468223744e-04
3.964132368564605713e-01 9.824233948238312308e-01 2.943211131625705175e-04
4.014132320880889893e-01 9.821654655819846980e-01 2.922292976152329378e-04
4.064132571220397949e-01 9.819074140276228269e-01 2.902601446424211713e-04
4.114132523536682129e-01 9.816491880870999998e-01 2.884172494449312499e-04
4.164132475852966309e-01 9.813908119807168706e-01 2.866974189167931101e-04
4.214132428169250488e-01 9.811323038736979862e-01 2.850925638562157066e-04
4.264132380485534668e-01 9.808736286466084309e-01 2.835899354919554916e-04
4.314132332801818848e-01 9.806147996206131534e-01 2.821730242835150692e-04
4.364132583141326904e-01 9.803558313278925018e-01 2.808222695002480346e-04
4.414132535457611084e-01 9.800967104472810831e-01 2.795125520418560651e-04
4.464132487773895264e-01 9.798374454558841373e-01 2.782167659865485165e-04
4.514132440090179443e-01 9.795780533079117003e-01 2.769038790748232985e-04
4.564132392406463623e-01 9.793189009409102308e-01 2.761988412766229776e-04
4.614132344722747803e-01 9.790593004983568770e-01 2.749717424786279982e-04
4.664132595062255859e-01 9.787993730817522442e-01 2.735347501815311262e-04
4.706319868564605713e-01 9.785804482111855052e-01 2.667483119737534456e-04
4.759054481983184814e-01 9.783075314476376017e-01 2.569280446521819803e-04
4.801241755485534668e-01 9.780897909497457965e-01 2.453859363283429672e-04
4.853976070880889893e-01 9.778185865614149597e-01 2.227347048502119819e-04
4.906710684299468994e-01 9.775485931880890655e-01 1.866251230239868272e-04
4.959444999694824219e-01 9.772791932121155378e-01 1.310693129660591165e-04
5.001632571220397949e-01 9.770625741141183429e-01 7.092972833012777369e-05
5.054366588592529297e-01 9.767869592091393827e-01 -2.032729190966439607e-05
5.107101202011108398e-01 9.765012299068389634e-01 -1.179439917443290536e-04
5.159835815429687500e-01 9.761996072436135430e-01 -2.054352135885329422e-04
5.202022790908813477e-01 9.759397985064793835e-01 -2.545055179368881787e-04
5.250143408775329590e-01 9.756136648995535898e-01 -2.328327014332725860e-04
5.303536653518676758e-01 9.752734932066902118e-01 -5.868372344781481802e-05
5.350997447967529297e-01 9.750151861281622923e-01 8.378220455987112243e-05
5.404391288757324219e-01 9.747354925246465296e-01 1.606194154610709568e-04
5.451852083206176758e-01 9.744864521329364981e-01 1.903917108263288287e-04
5.508211851119995117e-01 9.741893513997395004e-01 2.076592710283067431e-04
5.552706718444824219e-01 9.739541311112661637e-01 2.155364505828372948e-04
5.606099963188171387e-01 9.736713373093378587e-01 2.220937656977820104e-04
5.657268762588500977e-01 9.733999706449962819e-01 2.269547137003096219e-04
5.717336535453796387e-01 9.730810135129898120e-01 2.321218214337787808e-04
5.792421698570251465e-01 9.726818121047247079e-01 2.381753826898241682e-04
5.842421650886535645e-01 9.724156770252045945e-01 2.421964965169391866e-04
5.892421603202819824e-01 9.721494644407242536e-01 2.466860744688245829e-04
5.942421555519104004e-01 9.718828183128719322e-01 2.507652318666851558e-04
5.992421507835388184e-01 9.716159202938987605e-01 2.548038959503173611e-04
6.042421460151672363e-01 9.713488648429748906e-01 2.588832662219092717e-04
6.092421412467956543e-01 9.710814969501798677e-01 2.630242516124059265e-04
6.104921698570251465e-01 9.710145641508557413e-01 2.630235893385750984e-04
6.158827543258666992e-01 9.707262311662946397e-01 2.686244154733324636e-04
6.237929463386535645e-01 9.703027682834202139e-01 2.775779319187951597e-04
6.287929415702819824e-01 9.700346665155320514e-01 2.831789709272838624e-04
6.337929368019104004e-01 9.697662401956226308e-01 2.887025238975646007e-04
6.350429058074951172e-01 9.696989247155567426e-01 2.880158168928963983e-04
6.404335498809814453e-01 9.694098142593625678e-01 2.962396021873231803e-04
6.483436822891235352e-01 9.689849223787823096e-01 3.087289040050809463e-04
6.519032716751098633e-01 9.687938605414496696e-01 3.152261887277875690e-04
6.565752029418945312e-01 9.685433015369234733e-01 3.249899735526433158e-04
6.605797410011291504e-01 9.683288574218750222e-01 3.352487607607765991e-04
6.665865182876586914e-01 9.680082072908916535e-01 3.539801116973634852e-04
6.705909967422485352e-01 9.677957322862413836e-01 3.693868006978716432e-04
6.760972142219543457e-01 9.675072200714595061e-01 3.944593289541819810e-04
6.806023120880126953e-01 9.672775874062189416e-01 4.165884048219711008e-04
6.851074099540710449e-01 9.670609925285218456e-01 4.264595016600593769e-04
6.903633475303649902e-01 9.668392605251735494e-01 3.500320135600983149e-04
6.951499581336975098e-01 9.666571795751177643e-01 6.788199737904564136e-05
7.004293799400329590e-01 9.663895501030814739e-01 -3.457759344388568472e-04
7.054975628852844238e-01 9.660798717680432190e-01 -5.683851147454882036e-04
7.108825445175170898e-01 9.657413494776164731e-01 -6.613235625009687745e-04
7.156339883804321289e-01 9.654432629782055963e-01 -6.756953303776089791e-04
7.203854918479919434e-01 9.651490371946304103e-01 -6.531810949719140877e-04
7.260872125625610352e-01 9.648048812624008264e-01 -5.939214475571163348e-04
7.303635478019714355e-01 9.645540098160031439e-01 -5.394323477669367298e-04
7.360652685165405273e-01 9.642278253464471316e-01 -4.609737604383438514e-04
7.417669892311096191e-01 9.639092775375124322e-01 -3.804550757483830727e-04
7.465778589248657227e-01 9.636449589804996219e-01 -2.966007069935874254e-04
7.507873177528381348e-01 9.634189254518539247e-01 -2.190826194626944382e-04
7.552974820137023926e-01 9.631856597415984211e-01 -1.171019460473741769e-04
7.604842185974121094e-01 9.629480440654452078e-01 1.384992806595705808e-06
7.650507688522338867e-01 9.628015257820250472e-01 -7.174400583146111037e-05
7.703784108161926270e-01 9.626177179245722915e-01 -6.273992950954134385e-04
7.750876545906066895e-01 9.623384215339780834e-01 -1.002843890871320514e-03
7.800109386444091797e-01 9.620190575009299749e-01 -1.148522278619190998e-03
7.851483225822448730e-01 9.616852242606027668e-01 -1.175843534015473969e-03
7.909278273582458496e-01 9.613167802114335192e-01 -1.117963544906131748e-03
7.957441210746765137e-01 9.610227675664992919e-01 -1.019584659546140604e-03
8.005604147911071777e-01 9.607446555485801287e-01 -8.871621555752224513e-04
8.050154447555541992e-01 9.605057222881013823e-01 -7.254525309517270487e-04
8.102531433105468750e-01 9.602735246930803603e-01 -4.955415214811052099e-04
8.151454925537109375e-01 9.601713537791418673e-01 -6.175164665494646717e-04
8.201600909233093262e-01 9.599876621791294529e-01 -1.317618385193839933e-03
8.251746892929077148e-01 9.596569412473648919e-01 -1.645186023106650795e-03
8.305749893188476562e-01 9.592783561585441765e-01 -1.675082388378324990e-03
8.352038264274597168e-01 9.589744398328992059e-01 -1.528965386133345318e-03
8.404113054275512695e-01 9.586923653738839146e-01 -1.247340913802858463e-03
8.451085686683654785e-01 9.585398307679191543e-01 -9.691013230217828149e-04
8.501843810081481934e-01 9.585005066886781444e-01 -1.545180593218122142e-03
8.551695942878723145e-01 9.582091800750248689e-01 -2.158997361622159473e-03
8.600082397460937500e-01 9.578635612366690477e-01 -2.240845892164442139e-03
8.652867078781127930e-01 9.575250825427827905e-01 -1.995210798959883361e-03
8.700978755950927734e-01 9.573539176819816365e-01 -1.597653873383052823e-03
8.750464320182800293e-01 9.573913913302950496e-01 -2.101543214586045968e-03
8.802424669265747070e-01 9.570930505177331904e-01 -2.845765295482817134e-03
8.851910829544067383e-01 9.567375546409969678e-01 -2.802065819028824213e-03
8.901396989822387695e-01 9.565360029916915030e-01 -2.382092816489083525e-03
8.950882554054260254e-01 9.566429743691096110e-01 -2.751080195109049508e-03
9.000368714332580566e-01 9.563718910822792685e-01 -3.662058285304478113e-03
9.052329063415527344e-01 9.560572984483506342e-01 -3.422173999604724657e-03
9.100577831268310547e-01 9.561405484638516583e-01 -3.222936297219897162e-03
9.151841998100280762e-01 9.560545663984993947e-01 -4.611447879246302790e-03
9.201946258544921875e-01 9.557586282397073640e-01 -4.530533533247690578e-03
9.239003062248229980e-01 9.558578830295137996e-01 -4.277963108486599123e-03
