0.000000000000000000e+00 1.000000000000000000e+00 0.000000000000000000e+00
5.750000011175870895e-03 9.998413986618779337e-01 -1.969638602730344740e-09
1.412499975413084030e-02 9.996101947191382564e-01 -5.911411759722391096e-09
1.912499964237213135e-02 9.994721779302387921e-01 -9.614367849005684131e-09
2.412500046193599701e-02 9.993341349353309644e-01 -1.528166167725644455e-08
2.912499941885471344e-02 9.991960363628484831e-01 -2.489233651920417439e-08
3.412500023841857910e-02 9.990578532018581370e-01 -4.425198901170754838e-08
3.912499919533729553e-02 9.989195519134778101e-01 -1.166325733613441982e-07
4.412499815225601196e-02 9.987806005237482854e-01 -1.108275037728437765e-06
4.912500083446502686e-02 9.986351761697720431e-01 -2.491831810784940768e-06
5.412499979138374329e-02 9.984838841542476029e-01 -3.356991351402106309e-06
5.912499874830245972e-02 9.983269015079786479e-01 -4.030581360228923506e-06
6.412500143051147461e-02 9.981642237430861098e-01 -4.596030339598655531e-06
6.912499666213989258e-02 9.979955150700415833e-01 -5.090537582751081867e-06
7.412499934434890747e-02 9.978208597968606375e-01 -5.533330205107937633e-06
7.912500202655792236e-02 9.976404385606782999e-01 -5.936757622271024570e-06
8.412499725818634033e-02 9.974545533316476753e-01 -6.309449046599764901e-06
8.912499994039535522e-02 9.972636032104492676e-01 -6.657665861504418655e-06
9.412500262260437012e-02 9.970680701632460563e-01 -6.986165247043641631e-06
9.912499785423278809e-02 9.968684765471129694e-01 -7.298249876549264379e-06
1.041250005364418030e-01 9.966653435971556396e-01 -7.596408494380341850e-06
1.091250032186508179e-01 9.964591761997768637e-01 -7.882254871250200183e-06
1.141249984502792358e-01 9.962504314775226799e-01 -8.157170338540517334e-06
1.191250011324882507e-01 9.960395239180878102e-01 -8.422587880817782063e-06
1.241249963641166687e-01 9.958264349288299400e-01 -8.680446840384428036e-06
1.291249990463256836e-01 9.956122367922999317e-01 -8.930790261561129934e-06
1.341249942779541016e-01 9.953967916664957505e-01 -9.175379048375521552e-06
1.391250044107437134e-01 9.951803386912626559e-01 -9.414631122050164320e-06
1.441249996423721313e-01 9.949630410330636554e-01 -9.649381542406162946e-06
1.491249948740005493e-01 9.947450503181007875e-01 -9.880216494828712240e-06
1.541250050067901611e-01 9.945264845134831333e-01 -1.010751868245982285e-05
1.591250002384185791e-01 9.943074535722491447e-01 -1.033175063609075195e-05
1.641249954700469971e-01 9.940880251331488671e-01 -1.055330523297566311e-05
1.691250056028366089e-01 9.938682556152343972e-01 -1.077245952201490620e-05
1.741250008344650269e-01 9.936481943851760423e-01 -1.098959542372647370e-05
1.791249960660934448e-01 9.934278811927603758e-01 -1.120475363455900618e-05
1.841250061988830566e-01 9.932073288604993389e-01 -1.141833094488672918e-05
1.891250014305114746e-01 9.929865655979188688e-01 -1.163052770645678474e-05
1.941249966621398926e-01 9.927655933283958678e-01 -1.184145583450293314e-05
1.991250067949295044e-01 9.925444216688139587e-01 -1.205134933360484446e-05
2.041250020265579224e-01 9.923230448490431010e-01 -1.226030211864399366e-05
2.091249972581863403e-01 9.921014558167016162e-01 -1.246854506370400193e-05
2.141250073909759521e-01 9.918796577774176004e-01 -1.267606329892863792e-05
2.191250026226043701e-01 9.916576282917952678e-01 -1.288315422144256753e-05
2.241249978542327881e-01 9.914353487671924148e-01 -1.308984913620628297e-05
2.291249930858612061e-01 9.912128243326139287e-01 -1.329623100136508472e-05
2.341250032186508179e-01 9.909900120326451400e-01 -1.350239451442446081e-05
2.391249984502792358e-01 9.907669163551651170e-01 -1.370859089769235185e-05
2.441249936819076538e-01 9.905435052438944510e-01 -1.391471527955111351e-05
2.491250038146972656e-01 9.903197620295676185e-01 -1.412093514153937287e-05
2.541249990463256836e-01 9.900956655550403607e-01 -1.432736631201094876e-05
2.591249942779541016e-01 9.898711869696608101e-01 -1.453407609663089725e-05
2.641249895095825195e-01 9.896463179387966491e-01 -1.474110362659983275e-05
2.691250145435333252e-01 9.894210167892840690e-01 -1.494853655580712906e-05
2.741250097751617432e-01 9.891952848033744861e-01 -1.515643436367772174e-05
2.791250050067901611e-01 9.889690738966484540e-01 -1.536480487645173299e-05
2.841250002384185791e-01 9.887423872747340692e-01 -1.557380305368359438e-05
2.891249954700469971e-01 9.885151839055934531e-01 -1.578354628897514746e-05
2.941249907016754150e-01 9.882874689182313821e-01 -1.599401423410207282e-05
2.991249859333038330e-01 9.880591833290933712e-01 -1.620541976279571143e-05
3.041250109672546387e-01 9.878303348316865851e-01 -1.641767365591866504e-05
3.091250061988830566e-01 9.876008734182150084e-01 -1.663081974041562139e-05
3.141250014305114746e-01 9.873708003709296133e-01 -1.684486114678262599e-05
3.191249966621398926e-01 9.871400990205652093e-01 -1.705978848353153558e-05
3.241249918937683105e-01 9.869087244883305576e-01 -1.727579427616936830e-05
3.291249871253967285e-01 9.866766908789882384e-01 -1.749291922114476301e-05
3.341250121593475342e-01 9.864439353622309614e-01 -1.771112731775315927e-05
3.391250073909759521e-01 9.862104835830816096e-01 -1.793042952273072308e-05
3.441250026226043701e-01 9.859762945095029707e-01 -1.815104810129694544e-05
3.491249978542327881e-01 9.857413540367317983e-01 -1.837287505133813144e-05
3.541249930858612061e-01 9.855056416487493198e-01 -1.859587906789378884e-05
3.591249883174896240e-01 9.852691445230435940e-01 -1.882005702046786878e-05
3.641250133514404297e-01 9.850318472726004027e-01 -1.904539482182815297e-05
3.691250085830688477e-01 9.847937268168985847e-01 -1.927192534218315299e-05
3.741250038146972656e-01 9.845547626399191454e-01 -1.949969240847755997e-05
3.791249990463256836e-01 9.843149739754301075e-01 -1.972861932355816781e-05
3.841249942779541016e-01 9.840743120978860947e-01 -1.995856991084683825e-05
3.891249895095825195e-01 9.838327693137802754e-01 -2.018968973840985960e-05
3.941250145435333252e-01 9.835903520343685091e-01 -2.042138557724591943e-05
3.991250097751617432e-01 9.833470089696033645e-01 -2.065370908053983277e-05
4.041250050067901611e-01 9.831027785870206648e-01 -2.088633780719853083e-05
4.091250002384185791e-01 9.828576019030659250e-01 -2.111887731471983403e-05
4.141249954700469971e-01 9.826114904579995590e-01 -2.135122273148608955e-05
4.191249907016754150e-01 9.823644250180540993e-01 -2.158245838740292634e-05
4.203749895095825195e-01 9.823024948504792686e-01 -2.183480767392310829e-05
4.253750145435333252e-01 9.820542087074087823e-01 -2.222797136847712513e-05
4.303750097751617432e-01 9.818049262551700185e-01 -2.277451841270222387e-05
4.353750050067901611e-01 9.815546038972229326e-01 -2.363418393275317107e-05
4.403750002384185791e-01 9.813031352067194124e-01 -2.515592745372227299e-05
4.453749954700469971e-01 9.810502816849396845e-01 -2.809704414435795414e-05
4.503749907016754150e-01 9.807954393915769842e-01 -3.326307324802173953e-05
4.553749859333038330e-01 9.805370914234835533e-01 -4.133287535495116594e-05
4.600625038146972656e-01 9.802911133325400428e-01 -4.758126720660874509e-05
4.656875133514404297e-01 9.799952172030922393e-01 -3.428836705303993425e-05
4.703750014305114746e-01 9.797500661641610487e-01 -9.771273667071045128e-06
4.750624895095825195e-01 9.795066718093486946e-01 1.505165666091342015e-05
4.806874990463256836e-01 9.792154251226857786e-01 3.722385511177928367e-05
4.863125085830688477e-01 9.789236155277540874e-01 5.179663040056949741e-05
4.905312359333038330e-01 9.787038697314862645e-01 5.901129681523106579e-05
4.968593716621398926e-01 9.783726257837118689e-01 6.641426882823975731e-05
5.010781288146972656e-01 9.781506860556723471e-01 7.001118374471904300e-05
5.052968859672546387e-01 9.779278282357865004e-01 7.279344967433383983e-05
5.105702877044677734e-01 9.776480384634321785e-01 7.549495506687324943e-05
5.168984532356262207e-01 9.773105140493697496e-01 7.841235198894468551e-05
5.200625061988830566e-01 9.771409106855631910e-01 7.970429518643547013e-05
5.298085808753967285e-01 9.766158519071691524e-01 8.326278013341567542e-05
5.348085761070251465e-01 9.763448763294381161e-01 8.529594340244260760e-05
5.398085713386535645e-01 9.760727595481550889e-01 8.740574747574429910e-05
5.448085665702819824e-01 9.757994810473016312e-01 8.956101887366351517e-05
5.498086214065551758e-01 9.755252459870666915e-01 9.119836222223875186e-05
5.548086166381835938e-01 9.752497748366926178e-01 9.278885456694274257e-05
5.598086118698120117e-01 9.749731650472689415e-01 9.429410976522108450e-05
5.648086071014404297e-01 9.746954704733455932e-01 9.548282172499584608e-05
5.698086023330688477e-01 9.744166859859177965e-01 9.623290736134312092e-05
5.735585689544677734e-01 9.742069173860951059e-01 9.632806191925241646e-05
5.773085951805114746e-01 9.739965512572215101e-01 9.574416805716121515e-05
5.810586214065551758e-01 9.737855747767856229e-01 9.444036654063634091e-05
5.876210927963256836e-01 9.734148349281118717e-01 8.773478139348390439e-05
5.904335975646972656e-01 9.732553254456078884e-01 8.243101985514664470e-05
5.960586071014404297e-01 9.729344882484243229e-01 6.361985657395434653e-05
6.009804606437683105e-01 9.726503285640427654e-01 3.108226639382979760e-05
6.051992177963256836e-01 9.723994330398175734e-01 -4.221297440533878685e-06
6.103408336639404297e-01 9.720787061162354803e-01 -8.054654419171709752e-06
6.150869131088256836e-01 9.717774283785779454e-01 4.926633183695689172e-05
6.210195422172546387e-01 9.714212446453190930e-01 1.795624734974708865e-04
6.257656216621398926e-01 9.711483097877822157e-01 2.371532325985051108e-04
6.305117011070251465e-01 9.708771803399093292e-01 2.527819962060751970e-04
6.352578401565551758e-01 9.705996011685924518e-01 2.085545608977309670e-04
6.400039196014404297e-01 9.703062067112000477e-01 1.408213201691122635e-04
6.453432440757751465e-01 9.699408933495273777e-01 2.639251847227080277e-04
6.500151753425598145e-01 9.696562156356683948e-01 4.532241019882073856e-04
6.551320552825927734e-01 9.693697914956999062e-01 4.116959682031839755e-04
6.601377129554748535e-01 9.690631949801404854e-01 4.471596048659637183e-04
6.651433706283569336e-01 9.687687926733193899e-01 6.966845828945897323e-04
6.701490283012390137e-01 9.684887926117712320e-01 6.571419098797966988e-04
6.751546859741210938e-01 9.681827731092436107e-01 9.604858751056574977e-04
6.801602840423583984e-01 9.679082482602415771e-01 1.022939521725438295e-03
6.851659417152404785e-01 9.676329130284926361e-01 1.371852890783999092e-03
6.900464296340942383e-01 9.673911240521599897e-01 1.780029104537322838e-03
6.950520873069763184e-01 9.672061336741727411e-01 2.024590668558072775e-03
7.000577449798583984e-01 9.670745413643972999e-01 2.443880994780724646e-03
7.050634026527404785e-01 9.670162809997044917e-01 3.067819210661559652e-03
7.100690603256225586e-01 9.670484578108586859e-01 3.423623477711397120e-03
7.150746583938598633e-01 9.671886463325565231e-01 4.550190132205225897e-03
7.200490236282348633e-01 9.675946993787748474e-01 5.261595108929802665e-03
7.250468730926513672e-01 9.682886357668067934e-01 6.292763477613945618e-03
7.300447225570678711e-01 9.693685400185465539e-01 7.631823595832375878e-03
7.350425124168395996e-01 9.709539897501968664e-01 8.416912335307658727e-03
7.400403618812561035e-01 9.731887509642529466e-01 9.225950321229565640e-03
7.450029850006103516e-01 9.761644969267002647e-01 9.114461786606731925e-03
7.500007748603820801e-01 9.797031332064076725e-01 8.361596820735129817e-03
7.550382018089294434e-01 9.836235815737428556e-01 7.051222664969308135e-03
7.600272297859191895e-01 9.876925210391773735e-01 4.711204817315109775e-03
7.650162577629089355e-01 9.916837586475019117e-01 9.447494474779657503e-04
7.700052857398986816e-01 9.953702413735270316e-01 -5.526311457658014681e-03
7.750338912010192871e-01 9.985619508118188659e-01 -1.047779692321264451e-02
7.800229191780090332e-01 1.001159776559396919e+00 -1.969202666723427614e-02
7.850119471549987793e-01 1.003133116649980172e+00 -2.599610240519547796e-02
7.900009751319885254e-01 1.004516661507742770e+00 -2.632338900526030867e-02
7.950097918510437012e-01 1.005587081909179670e+00 -3.603730722635734018e-02
8.000582456588745117e-01 1.006207203584558840e+00 -3.676857507529378982e-02
8.050769567489624023e-01 1.006595413464458133e+00 -4.048731186810661936e-02
8.100659847259521484e-01 1.006838909758239087e+00 -4.612288595247669709e-02
8.150550127029418945e-01 1.006890188265247676e+00 -5.361101807666426161e-02
8.201033473014831543e-01 1.006752102635487756e+00 -4.860595254337086307e-02
8.250504732131958008e-01 1.006651401038931137e+00 -5.539284714129792675e-02
8.300768136978149414e-01 1.006458467755998898e+00 -5.494051380317752087e-02
8.350430130958557129e-01 1.006145761954684303e+00 -5.423903264919249095e-02
8.400535583496093750e-01 1.005815429687499929e+00 -5.430379274512539545e-02
8.451220989227294922e-01 1.005477196188534039e+00 -5.452878935998227428e-02
8.500945568084716797e-01 1.005144876752580796e+00 -5.481020502683495166e-02
8.550192117691040039e-01 1.004817887314227498e+00 -5.508560693564535510e-02
8.600128889083862305e-01 1.004501617175190376e+00 -5.530072380514705621e-02
8.650592565536499023e-01 1.004290956449108041e+00 -7.145397923573726384e-02
8.700150847434997559e-01 1.004026528045910860e+00 -6.844957495937828429e-02
8.750043511390686035e-01 1.003681290890990230e+00 -6.896834173122373679e-02
8.800356984138488770e-01 1.003315032510196492e+00 -7.102239913299304708e-02
8.851109147071838379e-01 1.002936369310907905e+00 -7.370828580455619783e-02
8.900374770164489746e-01 1.002557684954475059e+00 -7.698227698061646529e-02
8.950489163398742676e-01 1.002155896996249629e+00 -8.121132730435924596e-02
9.000526070594787598e-01 1.001729177266609927e+00 -8.664843134519432943e-02
9.050353765487670898e-01 1.001264993523349300e+00 -9.364122663225446508e-02
9.100956320762634277e-01 1.000734164774918833e+00 -1.026761287400702466e-01
9.150559902191162109e-01 1.000137591051454278e+00 -1.134075517413996870e-01
9.200081825256347656e-01 9.994660621130165845e-01 -1.253382193942030043e-01
9.250770211219787598e-01 9.987425958809732496e-01 -1.375339796563156414e-01
9.300305843353271484e-01 9.978794716586586455e-01 -1.593965033523174757e-01
9.350032806396484375e-01 9.974043033503685596e-01 -1.636105321034663773e-01
9.399908185005187988e-01 9.965966630182346853e-01 -1.735913316742712653e-01
