0.000000000000000000e+00 1.000000000000000000e+00 0.000000000000000000e+00
5.750000011175870895e-03 9.999430709385446203e-01 4.345301769197769081e-08
1.412499975413084030e-02 9.998626937025359984e-01 1.123526901989992347e-07
1.912499964237213135e-02 9.998161723172026560e-01 1.573531238006710645e-07
2.412500046193599701e-02 9.997707518881984168e-01 2.058458384064059552e-07
2.912499941885471344e-02 9.997264369523950478e-01 2.584018830020795576e-07
3.412500023841857910e-02 9.996832323127560205e-01 3.156994482976317711e-07
3.912499919533729553e-02 9.996411428121584342e-01 3.785360799416334160e-07
4.412499815225601196e-02 9.996001732402615136e-01 4.478507824907345280e-07
4.912500083446502686e-02 9.995603282802871803e-01 5.247557380373888746e-07
5.412499979138374329e-02 9.995216128549404555e-01 6.105755606508214637e-07
5.912499874830245972e-02 9.994840315942253861e-01 7.069015087576449528e-07
6.412500143051147461e-02 9.994475897933755570e-01 8.156561567115463927e-07
6.912499666213989258e-02 9.994122912841183481e-01 9.391851563123054802e-07
7.412499934434890747e-02 9.993781418140444961e-01 1.080374399212554926e-06
7.912500202655792236e-02 9.993451454809733070e-01 1.242813206252841485e-06
8.412499725818634033e-02 9.993133073938744726e-01 1.431014295251640800e-06
8.912499994039535522e-02 9.992826323956250922e-01 1.650725477832435939e-06
9.412500262260437012e-02 9.992531253291028204e-01 1.909380703831889981e-06
9.912499785423278809e-02 9.992247910904031860e-01 2.216739241183469278e-06
1.041250005364418030e-01 9.991976349481515030e-01 2.585860524309931940e-06
1.091250032186508179e-01 9.991716621177536561e-01 3.034588059693175888e-06
1.141249984502792358e-01 9.991468732910495643e-01 3.615183751597734374e-06
1.191250011324882507e-01 9.991232848060983551e-01 4.328307373465836870e-06
1.241249963641166687e-01 9.991008998027869348e-01 5.257373621654031169e-06
1.291249990463256836e-01 9.990797289780207757e-01 6.482361121535566938e-06
1.341249942779541016e-01 9.990597898406642363e-01 8.191040251404047012e-06
1.391250044107437134e-01 9.990411136831556238e-01 1.066267057987196081e-05
1.441249996423721313e-01 9.990237776722226126e-01 1.456808760329814918e-05
1.491249948740005493e-01 9.990080142659800710e-01 2.144990139640867710e-05
1.541250050067901611e-01 9.989946975239686333e-01 3.519070950070661964e-05
1.591250002384185791e-01 9.989870738770280090e-01 6.350713166674333153e-05
1.641249954700469971e-01 9.989877156913280487e-01 1.012617888461266226e-04
1.691250056028366089e-01 9.989928492477961885e-01 1.360636753296213413e-04
1.741250008344650269e-01 9.989992524896349479e-01 1.651729357295802700e-04
1.791249960660934448e-01 9.990063691777842925e-01 1.907089525567633843e-04
1.841250061988830566e-01 9.990138527538094948e-01 2.135964542893426681e-04
1.891250014305114746e-01 9.990215746419769394e-01 2.344068738498858082e-04
1.941249966621398926e-01 9.990293938134398033e-01 2.536761707493236854e-04
1.991250067949295044e-01 9.990373884992939102e-01 2.716043964028358459e-04
2.041250020265579224e-01 9.990454902606350496e-01 2.884664240160158470e-04
2.091249972581863403e-01 9.990536652505397353e-01 3.044319871280874680e-04
2.141250073909759521e-01 9.990619058055537627e-01 3.196237209652151535e-04
2.191250026226043701e-01 9.990702062845230325e-01 3.341418424887316490e-04
2.241249978542327881e-01 9.990785623235363122e-01 3.480680419930389717e-04
2.291249930858612061e-01 9.990869714745453933e-01 3.614692083959068726e-04
2.341250032186508179e-01 9.990954326731819046e-01 3.744013540978942444e-04
2.391249984502792358e-01 9.991039446422032011e-01 3.869120430733476211e-04
2.441249936819076538e-01 9.991125076477016531e-01 3.990405571780034706e-04
2.491250038146972656e-01 9.991211221154246980e-01 4.108208896858351494e-04
2.541249990463256836e-01 9.991297891097408179e-01 4.222821111657789543e-04
2.591249942779541016e-01 9.991385094289269020e-01 4.334512964955398247e-04
2.641249895095825195e-01 9.991472844566617884e-01 4.443506976323468422e-04
2.691250145435333252e-01 9.991561157362800483e-01 4.550010697650058006e-04
2.741250097751617432e-01 9.991650047046798377e-01 4.654205404222011566e-04
2.791250050067901611e-01 9.991739533841610399e-01 4.756246427340166832e-04
2.841250002384185791e-01 9.991829631584030480e-01 4.856283443846872642e-04
2.891249954700469971e-01 9.991920359964880927e-01 4.954457815204348038e-04
2.941249907016754150e-01 9.992011737610612121e-01 5.050881300121545792e-04
2.991249859333038330e-01 9.992103786340781335e-01 5.145658007157700867e-04
3.041250109672546387e-01 9.992196524781841172e-01 5.238897366715329499e-04
3.091250061988830566e-01 9.992289966238396826e-01 5.330688519669431061e-04
3.141250014305114746e-01 9.992384138916220460e-01 5.421109297978026062e-04
3.191249966621398926e-01 9.992479050798076523e-01 5.510241857596806427e-04
3.241249918937683105e-01 9.992574731686285627e-01 5.598158043410096695e-04
3.291249871253967285e-01 9.992671192224535925e-01 5.684922715382916122e-04
3.341250121593475342e-01 9.992768454232386910e-01 5.770595744252204895e-04
3.391250073909759521e-01 9.992866531546626963e-01 5.855241657367774109e-04
3.441250026226043701e-01 9.992965442261525499e-01 5.938918995005744309e-04
3.491249978542327881e-01 9.993065199681691047e-01 6.021669001451560119e-04
3.541249930858612061e-01 9.993165820837021096e-01 6.103542234216417740e-04
3.591249883174896240e-01 9.993267318499940988e-01 6.184589250811509033e-04
3.641250133514404297e-01 9.993369704378503027e-01 6.264845973678997895e-04
3.691250085830688477e-01 9.993472990180765070e-01 6.344328368348735184e-04
3.741250038146972656e-01 9.993577188146967050e-01 6.423094975096839280e-04
3.791249990463256836e-01 9.993682305727686899e-01 6.501202338508196930e-04
3.841249942779541016e-01 9.993788353034428473e-01 6.578675737338406234e-04
3.891249895095825195e-01 9.993895334324666146e-01 6.655524484813213348e-04
3.941250145435333252e-01 9.994003255984612588e-01 6.731770533536161850e-04
3.991250097751617432e-01 9.994112122803926468e-01 6.807454462562288712e-04
4.041250050067901611e-01 9.994221935846976379e-01 6.882600885416780044e-04
4.091250002384185791e-01 9.994332697774682694e-01 6.957244394080979019e-04
4.141249954700469971e-01 9.994444407522677931e-01 7.031390975628580521e-04
4.191249907016754150e-01 9.994557061897856309e-01 7.105057260819844147e-04
4.241249859333038330e-01 9.994670657707113159e-01 7.178257884723800034e-04
4.291250109672546387e-01 9.994785190692969667e-01 7.251022117478507370e-04
4.341250061988830566e-01 9.994900652340479308e-01 7.323362598461764664e-04
4.391250014305114746e-01 9.995017036795615928e-01 7.395310593502861648e-04
4.441249966621398926e-01 9.995134332350321671e-01 7.466882733362061172e-04
4.491249918937683105e-01 9.995252527296543121e-01 7.538102966334138443e-04
4.541249871253967285e-01 9.995371611522776423e-01 7.608979940414428711e-04
4.591250121593475342e-01 9.995491566934756600e-01 7.679512990372521072e-04
4.641250073909759521e-01 9.995612379163503203e-01 7.749722738351140549e-04
4.691250026226043701e-01 9.995734029848660773e-01 7.819625815110546737e-04
4.741249978542327881e-01 9.995856500097684005e-01 7.889242842793464661e-04
4.791249930858612061e-01 9.995979768889290407e-01 7.958585795547280838e-04
4.841249883174896240e-01 9.996103814403924925e-01 8.027657334293637802e-04
4.891250133514404297e-01 9.996228614023753289e-01 8.096462115645408630e-04
4.941250085830688477e-01 9.996354143002204040e-01 8.165002800524234772e-04
4.991250038146972656e-01 9.996480374996151719e-01 8.233294023999146363e-04
5.041249990463256836e-01 9.996605956394757353e-01 8.301281902406897019e-04
5.091249942779541016e-01 9.996733592024871218e-01 8.369125425815582275e-04
5.141249895095825195e-01 9.996861591935157776e-01 8.436714165977069000e-04
5.191249847412109375e-01 9.996990579313465020e-01 8.504164538213185211e-04
5.241249799728393555e-01 9.997119749230998220e-01 8.571351479206766556e-04
5.291249752044677734e-01 9.997249754145741685e-01 8.638355481837477158e-04
5.341249704360961914e-01 9.997379962354898675e-01 8.705107362142630676e-04
5.391250252723693848e-01 9.997510898326125162e-01 8.771694265305995941e-04
5.441250205039978027e-01 9.997642007523349639e-01 8.838150118078504135e-04
5.491250157356262207e-01 9.997773738711007718e-01 8.904425028179373215e-04
5.541250109672546387e-01 9.997905597888998575e-01 8.970604810331549118e-04
5.591250061988830566e-01 9.998037986324301851e-01 9.036477921264511734e-04
5.641250014305114746e-01 9.998170445007937834e-01 9.102380967565945526e-04
5.691249966621398926e-01 9.998303348996809836e-01 9.167782430137906601e-04
5.741249918937683105e-01 9.998436254848327431e-01 9.233552430357251694e-04
5.791249871253967285e-01 9.998569529769676389e-01 9.298327911112989853e-04
5.841249823570251465e-01 9.998702729386943489e-01 9.364286836768899490e-04
5.891249775886535645e-01 9.998836229289216337e-01 9.427958700273718308e-04
5.941249728202819824e-01 9.998969568671393082e-01 9.494930771844727188e-04
5.991250276565551758e-01 9.999103147802609337e-01 9.556131969605173538e-04
6.041250228881835938e-01 9.999236474744975789e-01 9.626524655946663758e-04
6.091250181198120117e-01 9.999369987818811367e-01 9.681121446192264557e-04
6.141250133514404297e-01 9.999503150715358668e-01 9.762188419699668884e-04
6.191250085830688477e-01 9.999637434757980836e-01 9.827647757317339600e-04
6.241250038146972656e-01 9.999769319730278383e-01 9.869869931467942139e-04
6.291249990463256836e-01 9.999903159349091686e-01 9.927895984479359528e-04
6.341249942779541016e-01 1.000003585978577414e+00 9.996135985212667267e-04
6.391249895095825195e-01 1.000016689736263009e+00 1.007473694958857221e-03
6.441249847412109375e-01 1.000029914387102759e+00 1.011903796877179889e-03
6.491249799728393555e-01 1.000043171870389269e+00 1.017827341066939459e-03
6.541249752044677734e-01 1.000056300072797777e+00 1.024649345449038821e-03
6.591249704360961914e-01 1.000069270715383540e+00 1.032857024776084051e-03
6.641250252723693848e-01 1.000082413825605476e+00 1.040037122688123065e-03
6.691250205039978027e-01 1.000095427940998594e+00 1.046340114303997678e-03
6.741250157356262207e-01 1.000108375540003092e+00 1.052064089370625391e-03
6.791250109672546387e-01 1.000121157363589308e+00 1.056689702506576328e-03
6.841250061988830566e-01 1.000134022853204296e+00 1.065181102603673935e-03
6.891250014305114746e-01 1.000146896884377634e+00 1.068224664777517319e-03
6.941249966621398926e-01 1.000159617353763020e+00 1.076928938605955762e-03
6.991249918937683105e-01 1.000172272843441679e+00 1.080513798764773685e-03
7.041249871253967285e-01 1.000184861371027578e+00 1.086520829371043521e-03
7.091249823570251465e-01 1.000197388431323331e+00 1.092722905533654318e-03
7.141249775886535645e-01 1.000209727963166539e+00 1.100680258657251148e-03
7.191249728202819824e-01 1.000222232445542314e+00 1.107084032680307178e-03
7.228749990463256836e-01 1.000231479427644121e+00 1.109457242169550580e-03
7.228749990463256836e-01 1.000231479427644121e+00 1.109457242169550580e-03
