0.000000000000000000e+00 1.000000000000000000e+00 0.000000000000000000e+00
5.750000011175870895e-03 9.998271504059212944e-01 3.864845302030453985e-10
1.412499975413084030e-02 9.995745026419315948e-01 3.574263214902422437e-09
1.912499964237213135e-02 9.994233413870110549e-01 8.351475421455115398e-09
2.412500046193599701e-02 9.992718807582197105e-01 1.819022333526437989e-08
2.912499941885471344e-02 9.991200865783127494e-01 4.230550895479457367e-08
3.412500023841857910e-02 9.989683859454000503e-01 2.030155973008884336e-07
3.912499919533729553e-02 9.988443671776157107e-01 -1.624546855633041612e-06
4.412499815225601196e-02 9.987424256179133764e-01 -2.730366535337981380e-06
4.912500083446502686e-02 9.984895309203951630e-01 7.675566683004935865e-06
5.006249994039535522e-02 9.984408840170047039e-01 8.634355244928685797e-06
5.545312538743019104e-02 9.981775772395392599e-01 1.121596823184948205e-05
6.037500128149986267e-02 9.979320561357318820e-01 9.123378162607182813e-06
6.512109190225601196e-02 9.976954375581789103e-01 1.206817856664067485e-06
7.164697349071502686e-02 9.973652663489280812e-01 -7.849709667595736073e-06
7.565148919820785522e-02 9.971606346186746572e-01 -1.120477630366832760e-05
8.099084347486495972e-02 9.968875570250261831e-01 -1.526321169778043944e-05
8.552721142768859863e-02 9.967119470605709797e-01 -2.281467104560048724e-05
9.059542417526245117e-02 9.964375568728142119e-01 -2.498196878383312361e-05
9.629716724157333374e-02 9.961232605826090269e-01 -2.783746573284929079e-05
1.000983342528343201e-01 9.959110753289583950e-01 -2.959265781961051086e-05
1.058000773191452026e-01 9.955890575653226771e-01 -3.219938153410192741e-05
1.129272580146789551e-01 9.951779647413733221e-01 -3.586550302840218595e-05
1.172035634517669678e-01 9.949287034020635190e-01 -3.842590606124530398e-05
1.204107925295829773e-01 9.947540579171016972e-01 -3.914947947257845596e-05
1.280279606580734253e-01 9.943391297251131800e-01 -4.122120883370854931e-05
1.316360980272293091e-01 9.941420010157994147e-01 -4.208372364490490028e-05
1.352442353963851929e-01 9.939445284199832642e-01 -4.285133989720508806e-05
1.424605101346969604e-01 9.935485543875858250e-01 -4.399631154067410778e-05
1.460686326026916504e-01 9.933500609374398271e-01 -4.430406089193128266e-05
1.532849073410034180e-01 9.929520560015598907e-01 -4.418153003812423380e-05
1.568930447101593018e-01 9.927525459251966833e-01 -4.361250112062604233e-05
1.605011820793151855e-01 9.925526788082029706e-01 -4.263060727142935376e-05
1.677174419164657593e-01 9.921517968765034556e-01 -3.902464554521250470e-05
1.713255792856216431e-01 9.919507585722824317e-01 -3.619788884382529615e-05
1.785418540239334106e-01 9.915472397076084965e-01 -2.838585645033808196e-05
1.821499764919281006e-01 9.913447610263166343e-01 -2.296591232636291871e-05
1.857581138610839844e-01 9.911416302760833741e-01 -1.702386555560116751e-05
1.943662464618682861e-01 9.906545150456169679e-01 2.655917718396361295e-07
1.993662565946578979e-01 9.903696755470313695e-01 1.203537611244934564e-05
2.043662518262863159e-01 9.900833120487005923e-01 2.460639116358874447e-05
2.093662470579147339e-01 9.897952873718562916e-01 3.749954977572844971e-05
2.143662571907043457e-01 9.895054953438895406e-01 5.001563744004724034e-05
2.193662524223327637e-01 9.892140139499907558e-01 6.074258332769271742e-05
2.231162488460540771e-01 9.889942178585260368e-01 6.719209308841545133e-05
2.268662452697753906e-01 9.887738476833100032e-01 7.234415122000454668e-05
2.318662554025650024e-01 9.884790824551886734e-01 7.723781092119921484e-05
2.368662506341934204e-01 9.881829708080573926e-01 8.018437791340456654e-05
2.418662458658218384e-01 9.878853746235665145e-01 8.143235016338930775e-05
2.468662559986114502e-01 9.875873171049972532e-01 8.111988455791191020e-05
2.518662512302398682e-01 9.872877515595535058e-01 7.966380988435792752e-05
2.568662464618682861e-01 9.869877810548679520e-01 7.731522538979065376e-05
2.618662416934967041e-01 9.866863748710142934e-01 7.429477653186309380e-05
2.668662667274475098e-01 9.863845947340792453e-01 7.084901605186790928e-05
2.718662619590759277e-01 9.860814014679105677e-01 6.710550761575181629e-05
2.768662571907043457e-01 9.857777741155013818e-01 6.320896865845900838e-05
2.818662524223327637e-01 9.854727637004382368e-01 5.921964611619563799e-05
2.868662476539611816e-01 9.851669922250831934e-01 5.517941280245193807e-05
2.918662428855895996e-01 9.848602539212831797e-01 5.112025024268427269e-05
2.968662381172180176e-01 9.845524942933632229e-01 4.706403304790628508e-05
3.018662631511688232e-01 9.842437236767096476e-01 4.301936792329027305e-05
3.068662583827972412e-01 9.839338913339699122e-01 3.898402520001228170e-05
3.118662536144256592e-01 9.836229878693378836e-01 3.494581739817347136e-05
3.168662488460540771e-01 9.833109869745564335e-01 3.089292406154970597e-05
3.218662440776824951e-01 9.829978905287870550e-01 2.680164922414154854e-05
3.268662393093109131e-01 9.826836665862886955e-01 2.265081332601937196e-05
3.318662643432617188e-01 9.823683264220288702e-01 1.841745674243114173e-05
3.368662595748901367e-01 9.820518456069120550e-01 1.407043522067845165e-05
3.418662548065185547e-01 9.817344139362204070e-01 9.550588558717020043e-06
3.468662500381469727e-01 9.814157476566107707e-01 4.825249355598330073e-06
3.518662452697753906e-01 9.810959557594337577e-01 -2.191467358320125535e-07
3.568662405014038086e-01 9.807751228069436777e-01 -5.595021871987528648e-06
3.618662655353546143e-01 9.804532788657202014e-01 -1.134503784181155514e-05
3.668662607669830322e-01 9.801304521231815059e-01 -1.747825004050297245e-05
3.718662559986114502e-01 9.798066651292621776e-01 -2.401746038732857551e-05
3.768662512302398682e-01 9.794820400294412810e-01 -3.093615715653438500e-05
3.818662464618682861e-01 9.791565711862346699e-01 -3.814594498996076889e-05
3.868662416934967041e-01 9.788303882617668261e-01 -4.542666244242578555e-05
3.918662667274475098e-01 9.785035100476495717e-01 -5.244130149410276311e-05
3.968662619590759277e-01 9.781760323811047320e-01 -5.860554210364525004e-05
4.018662571907043457e-01 9.778480172744525856e-01 -6.303056762576690348e-05
4.068662524223327637e-01 9.775193388238916370e-01 -6.442372526588111415e-05
4.118662476539611816e-01 9.771899105880061942e-01 -6.110140402328791229e-05
4.168662428855895996e-01 9.768594394176464135e-01 -5.129056757894055784e-05
4.218662381172180176e-01 9.765274968640558217e-01 -3.370029961901345033e-05
4.268662631511688232e-01 9.761934496499048430e-01 -8.242890087364636282e-06
4.318662583827972412e-01 9.758568298640509786e-01 2.357639656792133304e-05
4.368662536144256592e-01 9.755172541576065948e-01 5.897547902878869216e-05
4.418662488460540771e-01 9.751745966267704180e-01 9.463957781568536724e-05
4.468662440776824951e-01 9.748289437129580293e-01 1.278368049654467437e-04
4.518662393093109131e-01 9.744803367577162811e-01 1.566236095475445947e-04
4.568662643432617188e-01 9.741294052800520964e-01 1.801426150822287183e-04
4.618662595748901367e-01 9.737763334377647073e-01 1.978863746368239053e-04
4.668662548065185547e-01 9.734214688756782641e-01 2.099099601137226960e-04
4.718662500381469727e-01 9.730649807183026079e-01 2.166451932174231641e-04
4.768662452697753906e-01 9.727072053354948178e-01 2.187632684930791889e-04
4.818662405014038086e-01 9.723482761477015845e-01 2.170172084141247298e-04
4.868662655353546143e-01 9.719885238872960631e-01 2.123326650394007455e-04
4.918662607669830322e-01 9.716276403718394628e-01 2.052756806312523567e-04
4.968662559986114502e-01 9.712658398257101311e-01 1.963851744024624265e-04
5.018662810325622559e-01 9.709032650651602259e-01 1.861261102953567777e-04
5.068662762641906738e-01 9.705398465612251613e-01 1.748594010404765444e-04
5.118662714958190918e-01 9.701757290093182551e-01 1.627052101889267239e-04
5.168662667274475098e-01 9.698109255635680714e-01 1.497103516104185980e-04
5.218662619590759277e-01 9.694454888404884230e-01 1.357938598823077653e-04
5.268662571907043457e-01 9.690795353480747831e-01 1.207028373415247011e-04
5.306162238121032715e-01 9.688044862794171763e-01 1.082534401728014691e-04
5.362412333488464355e-01 9.683917078478583296e-01 8.819883533299263515e-05
5.418662428855895996e-01 9.679786907628251669e-01 6.557453717357419648e-05
5.456162691116333008e-01 9.677032207620553939e-01 4.935519668856278009e-05
5.512412786483764648e-01 9.672901360272186944e-01 2.362445602422864581e-05
5.568662285804748535e-01 9.668772429668257562e-01 -2.751512260272585200e-06
5.606162548065185547e-01 9.666019646404999666e-01 -1.990381775084387620e-05
5.662412643432617188e-01 9.661891241966209520e-01 -4.354558811692768654e-05
5.718662738800048828e-01 9.657759379870786143e-01 -6.259808986645027241e-05
5.756162405014038086e-01 9.655000846374210965e-01 -7.142954657377281052e-05
5.812412500381469727e-01 9.650853048991686611e-01 -7.644090159186001435e-05
5.868662595748901367e-01 9.646685482833186054e-01 -6.969006998198372784e-05
5.906162261962890625e-01 9.643892823768954736e-01 -5.728115093678676700e-05
5.962412357330322266e-01 9.639675046422798710e-01 -2.751739126781524712e-05
6.018662452697753906e-01 9.635417055026650468e-01 1.246250220780889335e-05
6.056162714958190918e-01 9.632553476418180827e-01 4.206486321581995276e-05
6.112412810325622559e-01 9.628218965577375332e-01 8.690421437395030662e-05
6.158115863800048828e-01 9.624660172485952625e-01 1.217865756726617236e-04
6.200303435325622559e-01 9.621347962929110986e-01 1.493848566644884700e-04
6.253037452697753906e-01 9.617171902961919594e-01 1.762003954408204157e-04
6.305772066116333008e-01 9.612961078512258783e-01 1.919926350633499037e-04
6.358506083488464355e-01 9.608719661318023686e-01 1.944197075707571770e-04
6.400693655014038086e-01 9.605308382381947396e-01 1.854900215646903422e-04
6.453428268432617188e-01 9.601026525638373110e-01 1.609847316601006179e-04
6.506162285804748535e-01 9.596731477183073622e-01 1.228720023127024912e-04
6.558896899223327637e-01 9.592429513414504338e-01 7.391995360404987267e-05
6.601084470748901367e-01 9.588986175988107874e-01 2.882175670542153260e-05
6.653818488121032715e-01 9.584684061886641349e-01 -3.307740538945339243e-05
6.706553101539611816e-01 9.580387547685594862e-01 -1.013188673357658250e-04
6.756650805473327637e-01 9.576313112756889012e-01 -1.719200919414388853e-04
6.807078123092651367e-01 9.572225185450662366e-01 -2.534091839649407329e-04
6.851572394371032715e-01 9.568633694954107316e-01 -3.349932984178289230e-04
6.902741789817810059e-01 9.564521977466903246e-01 -4.344589164104367728e-04
6.954762935638427734e-01 9.560365723858913478e-01 -5.393843051835233750e-04
7.000198960304260254e-01 9.556755065917968972e-01 -6.332779899606563257e-04
7.052316069602966309e-01 9.552621850826470418e-01 -7.423263024814023055e-04
7.101184129714965820e-01 9.548739278257774021e-01 -8.404637351999141382e-04
7.151755094528198242e-01 9.544698780980602759e-01 -9.356621157359607194e-04
7.202326059341430664e-01 9.540607583933862212e-01 -1.022332701189764600e-03
7.252897024154663086e-01 9.536443062016528582e-01 -1.118497675275567649e-03
7.303467988967895508e-01 9.532193714761968417e-01 -1.247266243244039624e-03
7.354038953781127930e-01 9.527855445598734097e-01 -1.427334664490422693e-03
7.400997281074523926e-01 9.523751733338304826e-01 -1.661645221005519663e-03
7.453967332839965820e-01 9.519050635727754894e-01 -2.037494347013276124e-03
7.501969933509826660e-01 9.514747882711477311e-01 -2.539867838028029255e-03
7.555831074714660645e-01 9.509892656298106761e-01 -3.386630800557254017e-03
7.605261206626892090e-01 9.505441787794893793e-01 -4.512206380590429340e-03
7.654691338539123535e-01 9.500988175716307271e-01 -6.183664786991814773e-03
7.704121470451354980e-01 9.496486081278382452e-01 -8.810576546955578570e-03
7.752218246459960938e-01 9.491868005010294373e-01 -1.336590292418531577e-02
7.804591059684753418e-01 9.485687894774187390e-01 -2.341130214371704710e-02
7.854695320129394531e-01 9.476156300511853203e-01 -4.106698247599484264e-02
7.904800176620483398e-01 9.463029983595674377e-01 -6.005610386139066670e-02
7.950729131698608398e-01 9.451261623739608542e-01 -7.288467707892357095e-02
8.000833392143249512e-01 9.438972548310979871e-01 -8.396217271024958295e-02
8.050938248634338379e-01 9.426864285774418928e-01 -9.347596192007581739e-02
8.101042509078979492e-01 9.414758691646782918e-01 -1.020074196049732540e-01
8.151147365570068359e-01 9.402475103368900244e-01 -1.099499199777988351e-01
8.201251626014709473e-01 9.389994315913158252e-01 -1.174861269044171347e-01
8.251355886459350586e-01 9.377506274895127669e-01 -1.245974366888036866e-01
8.301460742950439453e-01 9.365183938313000889e-01 -1.312560095575642793e-01
8.351565003395080566e-01 9.353069963126345865e-01 -1.375073493995102869e-01
8.401669859886169434e-01 9.341124811783212412e-01 -1.434354547209340247e-01
8.451774120330810547e-01 9.329287449127348086e-01 -1.491193818341335076e-01
8.501878976821899414e-01 9.317508265302686388e-01 -1.546233228861992048e-01
8.551983237266540527e-01 9.305752984408673933e-01 -1.599910717292372109e-01
8.600000143051147461e-01 9.294509962861761121e-01 -1.650262654121286143e-01
8.650104403495788574e-01 9.282835711399322065e-01 -1.701626143432015958e-01
8.700209259986877441e-01 9.271269925122190836e-01 -1.751560530639047208e-01
8.750313520431518555e-01 9.259838085456435497e-01 -1.799899134142645407e-01
8.800418376922607422e-01 9.248509900323276245e-01 -1.846711107075507952e-01
8.850522637367248535e-01 9.237231099546836521e-01 -1.892244686634082518e-01
8.900626897811889648e-01 9.225965678398244663e-01 -1.936690795597771630e-01
8.950731754302978516e-01 9.214698227755542259e-01 -1.980120842092730205e-01
9.000836014747619629e-01 9.203432130108912812e-01 -2.022503256210552713e-01
9.050940871238708496e-01 9.192173173274900133e-01 -2.063759676928590692e-01
9.101045131683349609e-01 9.180911585615186832e-01 -2.103901191298010176e-01
9.151149988174438477e-01 9.169611587900245997e-01 -2.143178103592595363e-01
9.201254248619079590e-01 9.158207935652710185e-01 -2.182112444797760231e-01
9.251358509063720703e-01 9.146665751640432607e-01 -2.221200877222521686e-01
9.301463365554809570e-01 9.135015252775746664e-01 -2.260615907866379282e-01
9.351567625999450684e-01 9.123311686398359877e-01 -2.300236518747113545e-01
9.401672482490539551e-01 9.111594289394435719e-01 -2.339870471672471641e-01
9.451776742935180664e-01 9.099879673549107206e-01 -2.379411218201585576e-01
9.501881599426269531e-01 9.088167688529479316e-01 -2.418793927272552269e-01
9.551985859870910645e-01 9.076453072684150802e-01 -2.458005256840748165e-01
9.600002765655517578e-01 9.065221626770320063e-01 -2.495420672036156862e-01
9.650315046310424805e-01 9.053439285954818505e-01 -2.534457991275881339e-01
9.700785279273986816e-01 9.041600269637084519e-01 -2.573451713975427046e-01
9.750542044639587402e-01 9.029905948732874776e-01 -2.611750710773937945e-01
9.800503849983215332e-01 9.018141948530826735e-01 -2.650065304610529360e-01
9.850301146507263184e-01 9.006385915972329181e-01 -2.688122641276843305e-01
9.901415109634399414e-01 8.994286598243149689e-01 -2.727058861643222865e-01
9.950054287910461426e-01 8.982740806241340525e-01 -2.763994714896667038e-01
1.000000000000000000e+00 8.970851804235298044e-01 -2.801815277249942171e-01
