0.000000000000000000e+00 1.000000000000000000e+00 0.000000000000000000e+00
5.750000011175870895e-03 9.997950482985068499e-01 1.070718206598577040e-08
1.412499975413084030e-02 9.994953434455571273e-01 3.257594968816219726e-08
1.912499964237213135e-02 9.993159197821406270e-01 5.115780457819862378e-08
2.412500046193599701e-02 9.991360788274867843e-01 7.667059153077545910e-08
2.912499941885471344e-02 9.989557824111336970e-01 1.139244353719826430e-07
3.412500023841857910e-02 9.987749904247340549e-01 1.737411940250123629e-07
3.912499919533729553e-02 9.985936615854648091e-01 2.859877864027331415e-07
4.412499815225601196e-02 9.984117408104131730e-01 6.418145867293985077e-07
4.912500083446502686e-02 9.982294133144058446e-01 4.749799897352903339e-06
5.412499979138374329e-02 9.980441576154360783e-01 1.376752599413171782e-05
5.912499874830245972e-02 9.978506790593340003e-01 1.919406163391515114e-05
6.412500143051147461e-02 9.976488376485891374e-01 2.334060679588999019e-05
6.912499666213989258e-02 9.974389285289595453e-01 2.681498135912594507e-05
7.412499934434890747e-02 9.972208455278368522e-01 2.986641389689422078e-05
7.912500202655792236e-02 9.969951552123271776e-01 3.261882536516988489e-05
8.412499725818634033e-02 9.967625622678859543e-01 3.514984127115733598e-05
8.912499994039535522e-02 9.965238265803295636e-01 3.751083345982828514e-05
9.412500262260437012e-02 9.962797373973677484e-01 3.973827720275653554e-05
9.912499785423278809e-02 9.960310452090108679e-01 4.186026586834433070e-05
1.041250005364418030e-01 9.957784225200784212e-01 4.389874288454431825e-05
1.091250032186508179e-01 9.955224741855864812e-01 4.586927923075671213e-05
1.141249984502792358e-01 9.952636995926278374e-01 4.778125694966668506e-05
1.191250011324882507e-01 9.950020714933648369e-01 4.964169078125742576e-05
1.241249963641166687e-01 9.947388733549070716e-01 5.146062341082859379e-05
1.291249990463256836e-01 9.944738994091014694e-01 5.324454656962690659e-05
1.341249942779541016e-01 9.942073784438261175e-01 5.499848848199609505e-05
1.391250044107437134e-01 9.939394786440093332e-01 5.672708740962549800e-05
1.441249996423721313e-01 9.936703489331776273e-01 5.843339423681127474e-05
1.491249948740005493e-01 9.934001138057615421e-01 6.012031303837968955e-05
1.541250050067901611e-01 9.931288573542251807e-01 6.179047720919688487e-05
1.591250002384185791e-01 9.928566500471143197e-01 6.344621276180145155e-05
1.641249954700469971e-01 9.925835473196846781e-01 6.508951079962876343e-05
1.691250056028366089e-01 9.923095895739024730e-01 6.672203669260288387e-05
1.741250008344650269e-01 9.920348087555082017e-01 6.834556591775029410e-05
1.791249960660934448e-01 9.917592203675820173e-01 6.996105273662529128e-05
1.841250061988830566e-01 9.914828577652352593e-01 7.157016251915193877e-05
1.891250014305114746e-01 9.912057171901459407e-01 7.317372565639430686e-05
1.941249966621398926e-01 9.909278042797972086e-01 7.477274687566193821e-05
1.991250067949295044e-01 9.906491293695760536e-01 7.636830430899934328e-05
2.041250020265579224e-01 9.903696868219986627e-01 7.796116870612346066e-05
2.091249972581863403e-01 9.900894512683887649e-01 7.955195941948538403e-05
2.141250073909759521e-01 9.898084668690347865e-01 8.114155730590444273e-05
2.191250026226043701e-01 9.895266640949719195e-01 8.273042114497405355e-05
2.241249978542327881e-01 9.892440899252303854e-01 8.431930333522739615e-05
2.291249930858612061e-01 9.889606814079096031e-01 8.590867183184976001e-05
2.341250032186508179e-01 9.886764770658145185e-01 8.749887530733211694e-05
2.391249984502792358e-01 9.883914402553013456e-01 8.909047347277842892e-05
2.441249936819076538e-01 9.881055465472743382e-01 9.068391593219024007e-05
2.491250038146972656e-01 9.878188053375394073e-01 9.227935867062930450e-05
2.541249990463256836e-01 9.875311997136458908e-01 9.387718706295408472e-05
2.591249942779541016e-01 9.872427080652397269e-01 9.547784153757423863e-05
2.641249895095825195e-01 9.869533313319014400e-01 9.708140467481660672e-05
2.691250145435333252e-01 9.866630460241158085e-01 9.868792235264049815e-05
2.741250097751617432e-01 9.863718314711096280e-01 1.002978900530068204e-04
2.791250050067901611e-01 9.860796895520440586e-01 1.019113536538748962e-04
2.841250002384185791e-01 9.857865817441140432e-01 1.035280011851212037e-04
2.891249954700469971e-01 9.854925287180933413e-01 1.051482088460123598e-04
2.941249907016754150e-01 9.851975116823694645e-01 1.067717197199760383e-04
2.991249859333038330e-01 9.849015109057497330e-01 1.083984879290529027e-04
3.041250109672546387e-01 9.846044953820740631e-01 1.100281464495682360e-04
3.091250061988830566e-01 9.843064801446322898e-01 1.116605759988277476e-04
3.141250014305114746e-01 9.840074548580377556e-01 1.132949415979714173e-04
3.191249966621398926e-01 9.837073922744525856e-01 1.149308853989164278e-04
3.241249918937683105e-01 9.834062792397485486e-01 1.165674256133328502e-04
3.291249871253967285e-01 9.831041101164418317e-01 1.182035437505233466e-04
3.341250121593475342e-01 9.828008792670489546e-01 1.198377717157890075e-04
3.391250073909759521e-01 9.824965848124085355e-01 1.214683661466748791e-04
3.441250026226043701e-01 9.821911760151680326e-01 1.230932900617862579e-04
3.491249978542327881e-01 9.818846885793902635e-01 1.247088548731921322e-04
3.503749966621398926e-01 9.818078797439049321e-01 1.252405345439910889e-04
3.553749918937683105e-01 9.814997743503213190e-01 1.265901998786503530e-04
3.603749871253967285e-01 9.811903234773081683e-01 1.275534718641506751e-04
3.653750121593475342e-01 9.808792414923607206e-01 1.276897477545761706e-04
3.703750073909759521e-01 9.805660135053061444e-01 1.259360168808199519e-04
3.753750026226043701e-01 9.802497581895348588e-01 1.195509243628074402e-04
3.803749978542327881e-01 9.799289759743977646e-01 1.017557998449344296e-04
3.853749930858612061e-01 9.796033718315838579e-01 5.990287903788054795e-05
3.903749883174896240e-01 9.792787711608585965e-01 -6.953863945463901737e-06
3.956093788146972656e-01 9.789469526319081183e-01 -7.873297361611145671e-05
4.008828103542327881e-01 9.786189431627395630e-01 -1.284308327829896648e-04
4.051015675067901611e-01 9.783576796207521520e-01 -1.511726198084835989e-04
4.103749990463256836e-01 9.780299031675742105e-01 -1.631182769836463250e-04
4.151211082935333252e-01 9.777326743591008285e-01 -1.642666023059431463e-04
4.214492142200469971e-01 9.773325276492265123e-01 -1.591213524635202265e-04
4.269863367080688477e-01 9.769789070918643015e-01 -1.523980843316158145e-04
4.317324161529541016e-01 9.766734832613339634e-01 -1.469672900702565692e-04
4.364785254001617432e-01 9.763662404027477759e-01 -1.421603901779710491e-04
4.412246048450469971e-01 9.760573457614540871e-01 -1.381459769797442562e-04
4.459707140922546387e-01 9.757467843041631728e-01 -1.346475531902219290e-04
4.519033133983612061e-01 9.753570368724503448e-01 -1.314818730642055634e-04
4.554629027843475342e-01 9.751218485714765460e-01 -1.296712259940913190e-04
4.625820219516754150e-01 9.746499028699151523e-01 -1.275130258551959380e-04
4.661416113376617432e-01 9.744128767492735710e-01 -1.265971641528782692e-04
4.711416065692901611e-01 9.740787280604170650e-01 -1.254538028257820971e-04
4.761416018009185791e-01 9.737433447626424599e-01 -1.246439559119088387e-04
4.811415970325469971e-01 9.734066798769195339e-01 -1.241079270105643765e-04
4.861415922641754150e-01 9.730687597115051934e-01 -1.237971221872151059e-04
4.911415874958038330e-01 9.727295222540794928e-01 -1.236682326482434527e-04
4.961416125297546387e-01 9.723890163628338135e-01 -1.236705173706186098e-04
5.011416077613830566e-01 9.720472514335745107e-01 -1.237613373789294097e-04
5.067666172981262207e-01 9.716613825906087465e-01 -1.229812469094844832e-04
5.137978792190551758e-01 9.711769667752270241e-01 -1.215650034802300531e-04
5.159072279930114746e-01 9.710311307108460133e-01 -1.209442838659427412e-04
5.234218835830688477e-01 9.705099660187519461e-01 -1.183593269492605080e-04
5.269814729690551758e-01 9.702621854584793093e-01 -1.163988699907152576e-04
5.305410027503967285e-01 9.700138298748749444e-01 -1.138603599200695078e-04
5.376601815223693848e-01 9.695153748460590970e-01 -1.065631860435889845e-04
5.412197113037109375e-01 9.692652434551070062e-01 -1.013257490296669142e-04
5.483388900756835938e-01 9.687631296994062557e-01 -8.562349443658819233e-05
5.518984198570251465e-01 9.685110082767278694e-01 -7.404334696349251907e-05
5.572378039360046387e-01 9.681309216128195505e-01 -4.997710912979294991e-05
5.625771284103393555e-01 9.677471931344768796e-01 -1.512965637034383278e-05
5.652468204498291016e-01 9.675531396724907918e-01 7.185390508123513218e-06
5.702524781227111816e-01 9.671836965777016459e-01 5.469321654054331525e-05
5.752581357955932617e-01 9.668010993544104981e-01 9.495953070412715220e-05
5.802637338638305664e-01 9.664013115643280694e-01 6.215746876935065600e-05
5.852693915367126465e-01 9.660049137810767794e-01 -9.391943148791495762e-05
5.902750492095947266e-01 9.656346288220636342e-01 -2.541295229801403331e-04
5.962818264961242676e-01 9.652076608441733097e-01 -3.699309793599133474e-04
6.007869243621826172e-01 9.648906350723042147e-01 -4.173263246789941754e-04
6.060428619384765625e-01 9.645205680959918482e-01 -4.489913289182878814e-04
6.102663278579711914e-01 9.642229653344365214e-01 -4.612081523599295837e-04
6.153345704078674316e-01 9.638666350266028582e-01 -4.614655827653818911e-04
6.204028129577636719e-01 9.635082226081435053e-01 -4.314090230782043891e-04
6.254709959030151367e-01 9.631365357948642458e-01 -3.480249144173607877e-04
6.305392384529113770e-01 9.627307422055398911e-01 -2.388241953156851772e-04
6.356074213981628418e-01 9.622873917001808497e-01 -3.381310939201580333e-04
6.406756639480590820e-01 9.618830751315712302e-01 -6.817108745058182142e-04
6.457438468933105469e-01 9.615374485260159698e-01 -8.992038190071218904e-04
6.508120894432067871e-01 9.612089034959012679e-01 -9.534870609274051978e-04
6.550356149673461914e-01 9.609118983076123666e-01 -8.841693548146139668e-04
6.601037979125976562e-01 9.604688409514027247e-01 -7.875717332210446829e-04
6.651720404624938965e-01 9.600329507160656473e-01 -1.271018253758623116e-03
6.702402234077453613e-01 9.597152634794487991e-01 -1.580638544900076761e-03
6.753084659576416016e-01 9.593885036524880672e-01 -1.557737588882446289e-03
6.803766489028930664e-01 9.589074458981968752e-01 -1.657789710707265182e-03
6.850225329399108887e-01 9.585948361551819286e-01 -2.335548841307315705e-03
6.900907754898071289e-01 9.582900888226889569e-01 -2.371148963279912005e-03
6.951589584350585938e-01 9.578164537551956403e-01 -3.006433912098701450e-03
7.002272009849548340e-01 9.575720312560133118e-01 -3.388502034060473459e-03
7.052953839302062988e-01 9.571207882735530692e-01 -4.212027700076549815e-03
7.101524472236633301e-01 9.568545411960244218e-01 -4.504682101639620635e-03
7.150095105171203613e-01 9.565737306190829070e-01 -5.650448094447845133e-03
7.200776934623718262e-01 9.561957899572813835e-01 -6.569571095734394114e-03
7.251459360122680664e-01 9.559150808550453959e-01 -7.281108442785704481e-03
7.300029397010803223e-01 9.557211927592460521e-01 -8.377531479144918747e-03
7.350711822509765625e-01 9.555251624196621218e-01 -9.919016232044238976e-03
7.400338053703308105e-01 9.553890284646321396e-01 -1.188381669556566080e-02
7.451020479202270508e-01 9.553978003891817616e-01 -1.391807682995725715e-02
7.500646710395812988e-01 9.554942652509718082e-01 -1.570977718372063014e-02
7.550272941589355469e-01 9.555354226398937723e-01 -1.734259445679011552e-02
7.600954771041870117e-01 9.559342633327240213e-01 -1.990810403682915369e-02
7.650581002235412598e-01 9.563024849727236321e-01 -2.184413571663090803e-02
7.700207829475402832e-01 9.568804924123981426e-01 -2.316015459633813042e-02
7.750889658927917480e-01 9.577259683843903915e-01 -2.524484202192334853e-02
7.800515890121459961e-01 9.586395977753137121e-01 -2.680318343815545068e-02
7.850142121315002441e-01 9.595113369044412366e-01 -2.655278285735933677e-02
7.900032401084899902e-01 9.605320145931151021e-01 -2.522620544057761413e-02
7.950186729431152344e-01 9.613203189643145796e-01 -2.350548100588943992e-02
8.000077009201049805e-01 9.621817114317945396e-01 -2.265753064836774702e-02
8.050231337547302246e-01 9.628982543945312500e-01 -1.806167428716650217e-02
8.100121617317199707e-01 9.634753448035329182e-01 -1.379396527858790453e-02
8.150011897087097168e-01 9.639341683223330293e-01 -1.141673355854203563e-02
8.200038075447082520e-01 9.641930340546105427e-01 -1.239767215522052067e-02
8.230306506156921387e-01 9.642692565917968528e-01 -7.982399663314442700e-03
