1.001372253417968750e+03 0.000000000000000000e+00
9.990784912109375000e+02 -3.198638441972434521e-04
9.957375488281250000e+02 -7.890960550867021084e-04
9.937429809570312500e+02 -1.071143313311040401e-03
9.917483520507812500e+02 -1.354623236693441868e-03
9.897537841796875000e+02 -1.639539143070578575e-03
9.877591552734375000e+02 -1.925889984704554081e-03
9.857645874023437500e+02 -2.213663654401898384e-03
9.837700195312500000e+02 -2.502769697457551956e-03
9.817753906250000000e+02 -2.792624756693840027e-03
9.797808227539062500e+02 -3.052187385037541389e-03
9.777860717773437500e+02 -3.070425009354948997e-03
9.757913208007812500e+02 -3.052452811971306801e-03
9.737966308593750000e+02 -3.033107612282037735e-03
9.718018798828125000e+02 -3.012083703652024269e-03
9.698071289062500000e+02 -2.991100773215293884e-03
9.678123779296875000e+02 -2.969894791021943092e-03
9.658176269531250000e+02 -2.948620356619358063e-03
9.638228759765625000e+02 -2.927358262240886688e-03
9.618281250000000000e+02 -2.906156238168478012e-03
9.598333740234375000e+02 -2.885049208998680115e-03
9.578386230468750000e+02 -2.864067675545811653e-03
9.558439331054687500e+02 -2.843242138624191284e-03
9.538491821289062500e+02 -2.822605194523930550e-03
9.518543701171875000e+02 -2.801763359457254410e-03
9.498596801757812500e+02 -2.781677292659878731e-03
9.478649291992187500e+02 -2.761848503723740578e-03
9.458701782226562500e+02 -2.742378041148185730e-03
9.438754272460937500e+02 -2.723307814449071884e-03
9.418806762695312500e+02 -2.704697893932461739e-03
9.398859252929687500e+02 -2.686600200831890106e-03
9.378912353515625000e+02 -2.669071080163121223e-03
9.358964843750000000e+02 -2.652163850143551826e-03
9.339017333984375000e+02 -2.635928802192211151e-03
9.319069824218750000e+02 -2.620409941300749779e-03
9.299122314453125000e+02 -2.605644753202795982e-03
9.279174804687500000e+02 -2.591662574559450150e-03
9.259227905273437500e+02 -2.578484825789928436e-03
9.239280395507812500e+02 -2.566124545410275459e-03
9.219332885742187500e+02 -2.554587554186582565e-03
9.199385375976562500e+02 -2.543871756643056870e-03
9.179437866210937500e+02 -2.533969003707170486e-03
9.159490966796875000e+02 -2.524866024032235146e-03
9.139543457031250000e+02 -2.516544889658689499e-03
9.119595947265625000e+02 -2.508984412997961044e-03
9.099648437500000000e+02 -2.502161078155040741e-03
9.079701538085937500e+02 -2.496049273759126663e-03
9.059754028320312500e+02 -2.490622457116842270e-03
9.039806518554687500e+02 -2.485853852704167366e-03
9.019859008789062500e+02 -2.481715986505150795e-03
8.999912109375000000e+02 -2.478182082995772362e-03
8.979964599609375000e+02 -2.475226065143942833e-03
8.960017089843750000e+02 -2.472821855917572975e-03
8.940069580078125000e+02 -2.470945240929722786e-03
8.920122680664062500e+02 -2.469572005793452263e-03
8.900175170898437500e+02 -2.468679798766970634e-03
8.880227661132812500e+02 -2.468246733769774437e-03
8.860280151367187500e+02 -2.468252088874578476e-03
8.840333251953125000e+02 -2.468676539137959480e-03
8.820385742187500000e+02 -2.469501458108425140e-03
8.800438232421875000e+02 -2.470709383487701416e-03
8.780491333007812500e+02 -2.472283551469445229e-03
8.760543823242187500e+02 -2.474208595231175423e-03
8.740596313476562500e+02 -2.476469613611698151e-03
8.720649414062500000e+02 -2.479052636772394180e-03
8.700701904296875000e+02 -2.481944393366575241e-03
8.680754394531250000e+02 -2.485132776200771332e-03
8.660806884765625000e+02 -2.488605910912156105e-03
8.640859985351562500e+02 -2.492352854460477829e-03
8.620912475585937500e+02 -2.496362896636128426e-03
8.600964965820312500e+02 -2.500626491382718086e-03
8.581018066406250000e+02 -2.505134325474500656e-03
8.561070556640625000e+02 -2.509877551347017288e-03
8.541123046875000000e+02 -2.514848019927740097e-03
8.536604003906250000e+02 -2.516051288694143295e-03
8.517669677734375000e+02 -2.521017100661993027e-03
8.496631469726562500e+02 -2.526753116399049759e-03
8.477697143554687500e+02 -2.532089361920952797e-03
8.456658935546875000e+02 -2.538081025704741478e-03
8.437724609375000000e+02 -2.543160226196050644e-03
8.416686401367187500e+02 -2.548605436459183693e-03
8.397752075195312500e+02 -2.554115373641252518e-03
8.376713867187500000e+02 -2.560804830864071846e-03
8.357779541015625000e+02 -2.567128511145710945e-03
8.337792968750000000e+02 -2.574027283117175102e-03
8.317280883789062500e+02 -2.581303240731358528e-03
8.291246337890625000e+02 -2.590794116258621216e-03
8.269945068359375000e+02 -2.598754363134503365e-03
8.248643798828125000e+02 -2.606881782412528992e-03
8.237993164062500000e+02 -2.610986353829503059e-03
8.211367187500000000e+02 -2.621496561914682388e-03
8.191397094726562500e+02 -2.629521535709500313e-03
8.173424072265625000e+02 -2.636860357597470284e-03
8.153477172851562500e+02 -2.645125845447182655e-03
8.133529663085937500e+02 -2.653515199199318886e-03
8.113582153320312500e+02 -2.662029117345809937e-03
8.093635253906250000e+02 -2.670665504410862923e-03
8.073687744140625000e+02 -2.679422264918684959e-03
8.053740844726562500e+02 -2.688296837732195854e-03
8.033793334960937500e+02 -2.697287127375602722e-03
8.013845825195312500e+02 -2.706391271203756332e-03
7.993898925781250000e+02 -2.715607173740863800e-03
7.973951416015625000e+02 -2.724933205172419548e-03
7.954003906250000000e+02 -2.734367735683917999e-03
7.935927124023437500e+02 -2.742986194789409637e-03
7.909278564453125000e+02 -2.755806548520922661e-03
7.897444458007812500e+02 -2.761705080047249794e-03
7.877031250000000000e+02 -2.771677915006875992e-03
7.857186279296875000e+02 -2.781632356345653534e-03
7.836966552734375000e+02 -2.791793784126639366e-03
7.816747436523437500e+02 -2.802041592076420784e-03
7.796527709960937500e+02 -2.812562743201851845e-03
7.772938232421875000e+02 -2.824797527864575386e-03
7.759669189453125000e+02 -2.831820631399750710e-03
7.736921997070312500e+02 -2.843801164999604225e-03
7.711331787109375000e+02 -2.857598476111888885e-03
7.694271850585937500e+02 -2.866810420528054237e-03
7.677211914062500000e+02 -2.876085694879293442e-03
7.658552246093750000e+02 -2.886254806071519852e-03
7.639359741210937500e+02 -2.896741963922977448e-03
7.615368652343750000e+02 -2.909862669184803963e-03
7.599774780273437500e+02 -2.918214537203311920e-03
7.577883300781250000e+02 -2.930082380771636963e-03
7.558990478515625000e+02 -2.940233098343014717e-03
7.540097656250000000e+02 -2.950633876025676727e-03
7.518505859375000000e+02 -2.962796948850154877e-03
7.498263549804687500e+02 -2.974684583023190498e-03
7.478021850585937500e+02 -2.986571285873651505e-03
7.457779541015625000e+02 -2.998569514602422714e-03
7.437537231445312500e+02 -3.010665997862815857e-03
7.419318847656250000e+02 -3.021623473614454269e-03
7.390473632812500000e+02 -3.039123490452766418e-03
7.370526733398437500e+02 -3.051321487873792648e-03
7.350579223632812500e+02 -3.063634503632783890e-03
7.330631713867187500e+02 -3.076046705245971680e-03
7.310684814453125000e+02 -3.088545054197311401e-03
7.290737304687500000e+02 -3.101129783317446709e-03
7.270790405273437500e+02 -3.113838844001293182e-03
7.255829467773437500e+02 -3.123397938907146454e-03
7.236193847656250000e+02 -3.136017359793186188e-03
7.219363403320312500e+02 -3.146900329738855362e-03
7.194118041992187500e+02 -3.163341199979186058e-03
7.177286987304687500e+02 -3.174380399286746979e-03
7.160456542968750000e+02 -3.185485722497105598e-03
7.135210571289062500e+02 -3.202278865501284599e-03
7.119432373046875000e+02 -3.212853567674756050e-03
7.100498046875000000e+02 -3.225742839276790619e-03
7.079985961914062500e+02 -3.239858429878950119e-03
7.060657348632812500e+02 -3.252931404858827591e-03
7.040539550781250000e+02 -3.266230458393692970e-03
7.021605224609375000e+02 -3.278848947957158089e-03
7.000599975585937500e+02 -3.293462563306093216e-03
6.979298706054687500e+02 -3.308780491352081299e-03
6.959661865234375000e+02 -3.322990844026207924e-03
6.938880004882812500e+02 -3.338046837598085403e-03
6.918660278320312500e+02 -3.352705622091889381e-03
6.899703979492187500e+02 -3.366628894582390785e-03
6.880748901367187500e+02 -3.381844144314527512e-03
6.861793823242187500e+02 -3.395429113879799843e-03
6.839047241210937500e+02 -3.410398727282881737e-03
6.820091552734375000e+02 -3.424747148528695107e-03
6.801134643554687500e+02 -3.439855994656682014e-03
6.782180175781250000e+02 -3.455469617620110512e-03
6.762276611328125000e+02 -3.468612907454371452e-03
6.742373657226562500e+02 -3.484564600512385368e-03
6.721522216796875000e+02 -3.501762170344591141e-03
6.702033081054687500e+02 -3.518672892823815346e-03
6.682041015625000000e+02 -3.532117698341608047e-03
6.662048950195312500e+02 -3.550039138644933701e-03
6.642231445312500000e+02 -3.567938925698399544e-03
6.622663574218750000e+02 -3.582732519134879112e-03
6.602379150390625000e+02 -3.602829761803150177e-03
6.582453613281250000e+02 -3.618155140429735184e-03
6.562812500000000000e+02 -3.638667054474353790e-03
6.542637329101562500e+02 -3.656912362203001976e-03
6.522942504882812500e+02 -3.674622159451246262e-03
6.502947998046875000e+02 -3.697591135278344154e-03
6.482952880859375000e+02 -3.718927735462784767e-03
6.463093261718750000e+02 -3.739934414625167847e-03
6.443157348632812500e+02 -3.761568572372198105e-03
6.422980957031250000e+02 -3.786297515034675598e-03
6.403146362304687500e+02 -3.812945447862148285e-03
6.383098144531250000e+02 -3.842470934614539146e-03
6.363189086914062500e+02 -3.872200148180127144e-03
6.343280029296875000e+02 -3.902193857356905937e-03
6.323397827148437500e+02 -3.929965663701295853e-03
6.303434448242187500e+02 -3.967064898461103439e-03
6.283471069335937500e+02 -3.999032545834779739e-03
6.263508300781250000e+02 -4.034915473312139511e-03
6.243544921875000000e+02 -4.072679672390222549e-03
6.223581542968750000e+02 -4.104493185877799988e-03
6.203618164062500000e+02 -4.143754485994577408e-03
6.183654785156250000e+02 -4.177046474069356918e-03
6.163692016601562500e+02 -4.209404811263084412e-03
6.143728637695312500e+02 -4.244685173034667969e-03
6.124008789062500000e+02 -4.280374851077795029e-03
6.104045410156250000e+02 -4.314287099987268448e-03
6.084082031250000000e+02 -4.345518071204423904e-03
6.064118652343750000e+02 -4.373542033135890961e-03
6.044155273437500000e+02 -4.400450270622968674e-03
6.024277954101562500e+02 -4.432685207575559616e-03
