6.282238769531250000e+03 0.000000000000000000e+00
6.269725097656250000e+03 -1.459171471651643515e-04
6.257211425781250000e+03 -2.893208875320851803e-04
6.244697265625000000e+03 -4.328601644374430180e-04
6.232183593750000000e+03 -5.765568930655717850e-04
6.219669921875000000e+03 -7.204035064205527306e-04
6.207156250000000000e+03 -8.643906330689787865e-04
6.194642578125000000e+03 -1.008504768833518028e-03
6.182128417968750000e+03 -1.152718788944184780e-03
6.169614746093750000e+03 -1.296899397857487202e-03
6.157101074218750000e+03 -1.439630403183400631e-03
6.144586914062500000e+03 -1.517935423180460930e-03
6.132072753906250000e+03 -1.475906930863857269e-03
6.119558593750000000e+03 -1.446037669666111469e-03
6.107043945312500000e+03 -1.431541400961577892e-03
6.094529785156250000e+03 -1.418834202922880650e-03
6.082015625000000000e+03 -1.408112468197941780e-03
6.069501464843750000e+03 -1.386399730108678341e-03
6.056986816406250000e+03 -1.364408410154283047e-03
6.044472656250000000e+03 -1.341915572993457317e-03
6.031958496093750000e+03 -1.330698491074144840e-03
6.019444335937500000e+03 -1.334450556896626949e-03
6.006930175781250000e+03 -1.341316848993301392e-03
5.994416015625000000e+03 -1.349245780147612095e-03
5.981901855468750000e+03 -1.358293113298714161e-03
5.969387695312500000e+03 -1.368453842587769032e-03
5.956873535156250000e+03 -1.379422377794981003e-03
5.944359375000000000e+03 -1.390752149745821953e-03
5.931844726562500000e+03 -1.401807530783116817e-03
5.919330566406250000e+03 -1.410455210134387016e-03
5.906816406250000000e+03 -1.409774296917021275e-03
5.894302246093750000e+03 -1.307555125094950199e-03
5.881787597656250000e+03 -1.299033290706574917e-03
5.869273437500000000e+03 -1.309050945565104485e-03
5.856759277343750000e+03 -1.317225978709757328e-03
5.844245117187500000e+03 -1.325601479038596153e-03
5.831730957031250000e+03 -1.334487111307680607e-03
5.819216796875000000e+03 -1.343843527138233185e-03
5.806702636718750000e+03 -1.353585044853389263e-03
5.794188476562500000e+03 -1.363801304250955582e-03
5.781674316406250000e+03 -1.374402083456516266e-03
5.769160156250000000e+03 -1.385369338095188141e-03
5.756645996093750000e+03 -1.396673615090548992e-03
5.744131835937500000e+03 -1.408298849128186703e-03
5.731617675781250000e+03 -1.420226879417896271e-03
5.719103515625000000e+03 -1.432442571967840195e-03
5.706589355468750000e+03 -1.444931374862790108e-03
5.694075195312500000e+03 -1.457680831663310528e-03
5.681561035156250000e+03 -1.470679068006575108e-03
5.669046875000000000e+03 -1.483954023569822311e-03
5.656532226562500000e+03 -1.497384626418352127e-03
5.644018066406250000e+03 -1.511104288510978222e-03
5.631503906250000000e+03 -1.524967141449451447e-03
5.618989746093750000e+03 -1.539105782285332680e-03
5.606475585937500000e+03 -1.553372945636510849e-03
5.593961425781250000e+03 -1.567908213473856449e-03
5.581447265625000000e+03 -1.582553144544363022e-03
5.568933105468750000e+03 -1.597457216121256351e-03
5.556418945312500000e+03 -1.612508436664938927e-03
5.543904785156250000e+03 -1.627732883207499981e-03
5.531390625000000000e+03 -1.643128111027181149e-03
5.518876464843750000e+03 -1.658694818615913391e-03
5.506362304687500000e+03 -1.674427650868892670e-03
5.493848144531250000e+03 -1.690323930233716965e-03
5.481333984375000000e+03 -1.706385868601500988e-03
5.468819824218750000e+03 -1.722605898976325989e-03
5.456305664062500000e+03 -1.738989027217030525e-03
5.443791503906250000e+03 -1.755528734065592289e-03
5.431277343750000000e+03 -1.772215124219655991e-03
5.418763183593750000e+03 -1.789074158295989037e-03
5.406249023437500000e+03 -1.806076033972203732e-03
5.393734863281250000e+03 -1.823233789764344692e-03
5.381220703125000000e+03 -1.840556273236870766e-03
5.368706542968750000e+03 -1.858012517914175987e-03
5.356192382812500000e+03 -1.875641290098428726e-03
5.343678222656250000e+03 -1.893414184451103210e-03
5.331164062500000000e+03 -1.911341212689876556e-03
5.318649902343750000e+03 -1.929409336298704147e-03
5.306135742187500000e+03 -1.947635668329894543e-03
5.293621582031250000e+03 -1.966007985174655914e-03
5.281107421875000000e+03 -1.984530827030539513e-03
5.268593261718750000e+03 -2.003157744184136391e-03
5.256079101562500000e+03 -2.021992113441228867e-03
5.243564941406250000e+03 -2.040966413915157318e-03
5.231050781250000000e+03 -2.060050144791603088e-03
5.218536621093750000e+03 -2.079300349578261375e-03
5.206022460937500000e+03 -2.098690951243042946e-03
5.193508300781250000e+03 -2.118145348504185677e-03
5.180994140625000000e+03 -2.137839561328291893e-03
5.168479980468750000e+03 -2.157654147595167160e-03
5.155965820312500000e+03 -2.177630318328738213e-03
5.143451660156250000e+03 -2.197648864239454269e-03
5.130937500000000000e+03 -2.217914210632443428e-03
5.118423339843750000e+03 -2.238295972347259521e-03
5.105909179687500000e+03 -2.258809516206383705e-03
5.093395019531250000e+03 -2.279414562508463860e-03
5.080880859375000000e+03 -2.300269901752471924e-03
5.068366699218750000e+03 -2.321268431842327118e-03
5.055852539062500000e+03 -2.342369873076677322e-03
5.043338378906250000e+03 -2.363676205277442932e-03
5.030824218750000000e+03 -2.385101513937115669e-03
5.018310058593750000e+03 -2.406724495813250542e-03
5.005795898437500000e+03 -2.428556792438030243e-03
4.993281738281250000e+03 -2.450439846143126488e-03
4.980767578125000000e+03 -2.472761319950222969e-03
4.968253417968750000e+03 -2.495116554200649261e-03
4.955739257812500000e+03 -2.517702523618936539e-03
4.943225097656250000e+03 -2.540499437600374222e-03
4.930710937500000000e+03 -2.563445130363106728e-03
4.918196777343750000e+03 -2.586615737527608871e-03
4.905682617187500000e+03 -2.610023133456707001e-03
4.893168457031250000e+03 -2.633595140650868416e-03
4.880654296875000000e+03 -2.657371340319514275e-03
4.868140136718750000e+03 -2.681293291971087456e-03
4.855625976562500000e+03 -2.705423859879374504e-03
4.843111816406250000e+03 -2.729750238358974457e-03
4.830598144531250000e+03 -2.754238666966557503e-03
4.818083984375000000e+03 -2.778909169137477875e-03
4.805569824218750000e+03 -2.803741022944450378e-03
4.793055664062500000e+03 -2.828786615282297134e-03
4.780541503906250000e+03 -2.853977261111140251e-03
4.768027343750000000e+03 -2.879339735954999924e-03
4.755513183593750000e+03 -2.904889406636357307e-03
4.742999023437500000e+03 -2.930607646703720093e-03
4.730484863281250000e+03 -2.956478856503963470e-03
4.717970703125000000e+03 -2.982527948915958405e-03
4.705456542968750000e+03 -3.008747473359107971e-03
4.692942382812500000e+03 -3.035121830180287361e-03
4.680428222656250000e+03 -3.061663592234253883e-03
4.667914062500000000e+03 -3.088371595367789268e-03
4.655399902343750000e+03 -3.115241648629307747e-03
4.642885742187500000e+03 -3.142271423712372780e-03
4.630371582031250000e+03 -3.169466741383075714e-03
4.617857421875000000e+03 -3.196816192939877510e-03
4.605343261718750000e+03 -3.224332816898822784e-03
4.592829101562500000e+03 -3.252012189477682114e-03
4.580314941406250000e+03 -3.279844531789422035e-03
4.567801269531250000e+03 -3.307835897430777550e-03
4.555287109375000000e+03 -3.335981629788875580e-03
4.542772949218750000e+03 -3.364294068887829781e-03
4.530258789062500000e+03 -3.392759244889020920e-03
4.517744628906250000e+03 -3.421378554776310921e-03
4.505230468750000000e+03 -3.450155491009354591e-03
4.492716308593750000e+03 -3.479085862636566162e-03
4.480202148437500000e+03 -3.508171532303094864e-03
4.467687988281250000e+03 -3.537409007549285889e-03
4.455173828125000000e+03 -3.566798521205782890e-03
4.442659667968750000e+03 -3.596343798562884331e-03
4.430145507812500000e+03 -3.626038320362567902e-03
4.417631347656250000e+03 -3.655882319435477257e-03
4.405117187500000000e+03 -3.685878356918692589e-03
4.392603027343750000e+03 -3.716021310538053513e-03
4.380089355468750000e+03 -3.746315604075789452e-03
4.367575195312500000e+03 -3.776756580919027328e-03
4.355061035156250000e+03 -3.807342844083905220e-03
4.342546875000000000e+03 -3.838073229417204857e-03
4.330032714843750000e+03 -3.868944011628627777e-03
4.317518554687500000e+03 -3.899958450347185135e-03
4.305004394531250000e+03 -3.931109327822923660e-03
4.292490234375000000e+03 -3.962385468184947968e-03
4.279976074218750000e+03 -3.993781749159097672e-03
4.267461914062500000e+03 -4.025268834084272385e-03
4.254947753906250000e+03 -4.056823905557394028e-03
4.242433593750000000e+03 -4.088347312062978745e-03
4.229919433593750000e+03 -4.119631368666887283e-03
4.217405761718750000e+03 -4.150198306888341904e-03
4.204891601562500000e+03 -4.178718663752079010e-03
4.192377441406250000e+03 -4.201450385153293610e-03
4.179863281250000000e+03 -4.207635298371315002e-03
4.167348632812500000e+03 -4.171859472990036011e-03
4.154833984375000000e+03 -4.076004028320312500e-03
4.142319824218750000e+03 -4.013394471257925034e-03
4.129805664062500000e+03 -4.076601006090641022e-03
4.117291992187500000e+03 -4.144233651459217072e-03
4.104777343750000000e+03 -4.127066582441329956e-03
4.092263183593750000e+03 -4.059947561472654343e-03
4.079748779296875000e+03 -4.058815073221921921e-03
4.067234863281250000e+03 -4.111595917493104935e-03
4.054720458984375000e+03 -4.113245755434036255e-03
4.042206298828125000e+03 -4.073470365256071091e-03
4.029691894531250000e+03 -4.071359988301992416e-03
4.017177734375000000e+03 -4.091621842235326767e-03
4.004663574218750000e+03 -4.068826325237751007e-03
3.992149169921875000e+03 -3.998383414000272751e-03
3.979634765625000000e+03 -3.936748020350933075e-03
3.967120605468750000e+03 -3.946973942220211029e-03
3.954606445312500000e+03 -3.999494947493076324e-03
3.942092285156250000e+03 -4.024401307106018066e-03
3.929578125000000000e+03 -3.995918668806552887e-03
3.917063720703125000e+03 -3.948013763874769211e-03
3.904549316406250000e+03 -3.936788532882928848e-03
3.892035156250000000e+03 -3.965985029935836792e-03
3.879520996093750000e+03 -3.986069932579994202e-03
3.867006835937500000e+03 -3.959567286074161530e-03
3.854492431640625000e+03 -3.904467448592185974e-03
3.841978027343750000e+03 -3.866858547553420067e-03
3.829463867187500000e+03 -3.855902468785643578e-03
3.816949462890625000e+03 -3.837244817987084389e-03
3.804435302734375000e+03 -3.799120662733912468e-03
3.791920898437500000e+03 -3.774531884118914604e-03
3.779406738281250000e+03 -3.775234567001461983e-03
