0.000000000000000000e+00 1.000000000000000000e+00 0.000000000000000000e+00
5.750000011175870895e-03 9.999062683184941625e-01 -3.086203890681702820e-09
1.412499975413084030e-02 9.997709645165336889e-01 1.780327036410906377e-09
1.912499964237213135e-02 9.996909513359977240e-01 1.555776295375951185e-08
2.412500046193599701e-02 9.996114932544648557e-01 4.971501882195413266e-08
2.912499941885471344e-02 9.995325832518320297e-01 1.643001197075973915e-07
3.412500023841857910e-02 9.994544546944753582e-01 1.243173074538982061e-06
3.912499919533729553e-02 9.993779611587523259e-01 -6.979617423244885109e-06
4.412499815225601196e-02 9.993011722110566319e-01 -1.065497404880940048e-05
4.912500083446502686e-02 9.992222000303723206e-01 -1.328722352073306065e-05
5.412499979138374329e-02 9.991408295101589232e-01 -1.543721125002891191e-05
5.912499874830245972e-02 9.990570950886560331e-01 -1.728524498286701532e-05
6.412500143051147461e-02 9.989707705331227761e-01 -1.891933174596892493e-05
6.912499666213989258e-02 9.988817606275043337e-01 -2.038939486420343866e-05
7.412499934434890747e-02 9.987899808278160041e-01 -2.172757235784379191e-05
7.912500202655792236e-02 9.986953733837793390e-01 -2.295580500411608716e-05
8.412499725818634033e-02 9.985979177081395486e-01 -2.408987206835595316e-05
8.912499994039535522e-02 9.984976340097094782e-01 -2.514152595448115505e-05
9.412500262260437012e-02 9.983945920732285595e-01 -2.611952700785228349e-05
9.912499785423278809e-02 9.982889057341075567e-01 -2.703048761874910364e-05
1.041250005364418030e-01 9.981807362087188329e-01 -2.787928318693524448e-05
1.091250032186508179e-01 9.980702828604076648e-01 -2.866905655652757790e-05
1.103750020265579224e-01 9.980423073541550005e-01 -2.886286921917446049e-05
1.150624975562095642e-01 9.979364051516093070e-01 -2.949420835763689187e-05
1.202187463641166687e-01 9.978181911650156888e-01 -3.017428079767832833e-05
1.256093680858612061e-01 9.976912212371825683e-01 -2.920544809765285765e-05
1.300038993358612061e-01 9.972706398131355732e-01 -2.505298526514144255e-05
1.350960731506347656e-01 9.970861525762648725e-01 4.280362248657241858e-07
1.402129530906677246e-01 9.969484516930957607e-01 3.965466564136838328e-05
1.452185958623886108e-01 9.968008204868861188e-01 4.897251547802062481e-05
1.502242386341094971e-01 9.966425287155878943e-01 4.991314832180265620e-05
1.557304561138153076e-01 9.964697120303199762e-01 5.085776367830851575e-05
1.602355390787124634e-01 9.963311446659147697e-01 5.186800918881855516e-05
1.651160418987274170e-01 9.961843641977461417e-01 5.308633877171410425e-05
1.731407195329666138e-01 9.959518211606950278e-01 5.525378953842889960e-05
1.759915798902511597e-01 9.958723440624417389e-01 5.622402661376529149e-05
1.816933304071426392e-01 9.957281321570986554e-01 6.072590393679482674e-05
1.854351013898849487e-01 9.956478131006634147e-01 1.008930423903086818e-04
1.904463917016983032e-01 9.954137702215286598e-01 4.744532089384775279e-05
1.968733817338943481e-01 9.951423681349981232e-01 4.443199861617315390e-05
2.014399319887161255e-01 9.949457725646004835e-01 4.500700308689995551e-05
2.071481198072433472e-01 9.946939117189437241e-01 4.596469243840565469e-05
2.121481150388717651e-01 9.944685012575179561e-01 4.679905694155465847e-05
2.171481102705001831e-01 9.942384326268756123e-01 4.771235029375742019e-05
2.221481204032897949e-01 9.940035968356661922e-01 4.868163239388238810e-05
2.271481156349182129e-01 9.937640059940399118e-01 4.969537849464113742e-05
2.321481108665466309e-01 9.935196316431438301e-01 5.074645436945415556e-05
2.371481060981750488e-01 9.932704562232608225e-01 5.182859206956530338e-05
2.421481162309646606e-01 9.930164512755379480e-01 5.293667671226320051e-05
2.471481114625930786e-01 9.927575865245999998e-01 5.406698300724937828e-05
2.521481215953826904e-01 9.924938486492823619e-01 5.521676133549402568e-05
2.571481168270111084e-01 9.922251946585518567e-01 5.638470488881307778e-05
2.621481120586395264e-01 9.919515979100786973e-01 5.757112706464434390e-05
2.671481072902679443e-01 9.916730335780552519e-01 5.877788459497785119e-05
2.721481025218963623e-01 9.913894780476887325e-01 6.000861407272399745e-05
2.771481275558471680e-01 9.911008901444692265e-01 6.126847768586780039e-05
2.821481227874755859e-01 9.908072480701264340e-01 6.256380842791662764e-05
2.871481180191040039e-01 9.905085282098680111e-01 6.390328090342264834e-05
2.921481132507324219e-01 9.902046966552735530e-01 6.529834890176380077e-05
2.971481084823608398e-01 9.898955305795821280e-01 6.681017222858610775e-05
3.021481037139892578e-01 9.895812528095548899e-01 6.858326849483308712e-05
3.071480989456176758e-01 9.892619360060919131e-01 7.040902735695006196e-05
3.121481239795684814e-01 9.889371744791667362e-01 7.263965431659940371e-05
3.171481192111968994e-01 9.886071692572698799e-01 7.520790492731427562e-05
3.221481144428253174e-01 9.882717834957063241e-01 7.826017127150580700e-05
3.271481096744537354e-01 9.879309735979353579e-01 8.187582568516806275e-05
3.321481049060821533e-01 9.875845748659164425e-01 8.641573644819713516e-05
3.358981013298034668e-01 9.873209296332465801e-01 9.086134414824228946e-05
3.415231108665466309e-01 9.869189428904701078e-01 9.943930402634635615e-05
3.450387418270111084e-01 9.866631971086775588e-01 1.072988150611756309e-04
3.506637513637542725e-01 9.862460145496185770e-01 1.226876463208879627e-04
3.555856049060821533e-01 9.858711945064484450e-01 1.412792101738944968e-04
3.605074882507324219e-01 9.854837205674913392e-01 1.665033045269194163e-04
3.654293715953826904e-01 9.850776490711030675e-01 1.997242607767619744e-04
3.703512251377105713e-01 9.846446228027343484e-01 2.387940647110106565e-04
3.752731084823608398e-01 9.841860550168961552e-01 2.696024756582956539e-04
3.808981180191040039e-01 9.836770072815911314e-01 2.622195652553013377e-04
3.851168751716613770e-01 9.833231353759765980e-01 2.347796918853880762e-04
3.906539678573608398e-01 9.828735448443699507e-01 2.055665330281333401e-04
3.954000771045684814e-01 9.824904717339408844e-01 1.930773258209228624e-04
4.001461565494537354e-01 9.821068124922496256e-01 1.894426369477832063e-04
4.056832790374755859e-01 9.816596536787729477e-01 1.910393081960223849e-04
4.100338518619537354e-01 9.813123842269655395e-01 1.946558200177692219e-04
4.159664809703826904e-01 9.808653017074343561e-01 2.015389383785308247e-04
4.201193153858184814e-01 9.805973440503317207e-01 2.064697089649382205e-04
4.254586696624755859e-01 9.802898055788069609e-01 2.086647446193392306e-04
4.307980239391326904e-01 9.799842156304252594e-01 2.085561080584450453e-04
4.361373782157897949e-01 9.796764603872147870e-01 2.080195479922824532e-04
4.414767324924468994e-01 9.793669564383369330e-01 2.074105872048272105e-04
4.450362920761108398e-01 9.791596815321181868e-01 2.070026265250312042e-04
4.503756463527679443e-01 9.788474261571490365e-01 2.063343922297159849e-04
4.570498466491699219e-01 9.784556749131944065e-01 2.052974133264450743e-04
4.620498418807983398e-01 9.781592838347904495e-01 2.048921017419724343e-04
4.657998383045196533e-01 9.779371110219804430e-01 2.040845770684499569e-04
4.745498597621917725e-01 9.774147251674106807e-01 2.029156164517478204e-04
4.795498549938201904e-01 9.771137685624380342e-01 2.023291966271778986e-04
4.832998514175415039e-01 9.768877108134921272e-01 2.015642230472867460e-04
4.870498478412628174e-01 9.766606527661521042e-01 2.009930118681892434e-04
4.920498430728912354e-01 9.763569108266679786e-01 2.001473827967567966e-04
4.970498383045196533e-01 9.760517689538380504e-01 1.993251698357718362e-04
5.020498633384704590e-01 9.757452925424727752e-01 1.985234873635428161e-04
5.070498585700988770e-01 9.754374743264818681e-01 1.977086658515627413e-04
5.120498538017272949e-01 9.751283167278955721e-01 1.968732665455530688e-04
5.170498490333557129e-01 9.748178512331039380e-01 1.960219135360112140e-04
5.220498442649841309e-01 9.745060681539868819e-01 1.951540982912457298e-04
5.270498394966125488e-01 9.741929626464843617e-01 1.942702229060823947e-04
5.320498347282409668e-01 9.738785371326266205e-01 1.933706303437550845e-04
5.370498299598693848e-01 9.735628400530134119e-01 1.924560420096866654e-04
5.420498251914978027e-01 9.732458568754649431e-01 1.915271320040263733e-04
5.470498204231262207e-01 9.729275585356212952e-01 1.905842432900080568e-04
5.520498752593994141e-01 9.726080128503223898e-01 1.896283811046963657e-04
5.570498704910278320e-01 9.722871980212983711e-01 1.886600894587380515e-04
5.620498657226562500e-01 9.719651334247891850e-01 1.876800424522823770e-04
5.670498609542846680e-01 9.716418505471849931e-01 1.866889496644338008e-04
5.720498561859130859e-01 9.713173324342758708e-01 1.856866691793714313e-04
5.770498514175415039e-01 9.709916251046317726e-01 1.846736740498315741e-04
5.820498466491699219e-01 9.706647067599826206e-01 1.836500825389983057e-04
5.870498418807983398e-01 9.703366282629588557e-01 1.826162612627422902e-04
5.920498371124267578e-01 9.700073920355902768e-01 1.815718790841481134e-04
5.970498323440551758e-01 9.696770029219370368e-01 1.805165812136634920e-04
6.020498275756835938e-01 9.693455020965091595e-01 1.794499064248705549e-04
6.070498228073120117e-01 9.690128919813367769e-01 1.783712279228936970e-04
6.120498180389404297e-01 9.686791919526600569e-01 1.772791975074344199e-04
6.170498728752136230e-01 9.683444770934089840e-01 1.758144724936712444e-04
6.207998394966125488e-01 9.680926755874876832e-01 1.750005734345269658e-04
6.282998323440551758e-01 9.675872802734375444e-01 1.728392427875882005e-04
6.320498585700988770e-01 9.673336404467386407e-01 1.711634652955191561e-04
6.376748681068420410e-01 9.669520399305555625e-01 1.687174515118674493e-04
6.404873728752136230e-01 9.667607189360118980e-01 1.672341236992487795e-04
6.461123228073120117e-01 9.663769482809400069e-01 1.635572621746668703e-04
6.517373323440551758e-01 9.659915669759113754e-01 1.582945504831889390e-04
6.573623418807983398e-01 9.656043546161955371e-01 1.504947505300007100e-04
6.601748466491699219e-01 9.654100230383495518e-01 1.451912143873789970e-04
6.657998561859130859e-01 9.650197419666108889e-01 1.303734050856696319e-04
6.714248657226562500e-01 9.646281021360367802e-01 1.088752396523006392e-04
6.763467192649841309e-01 9.642869010804190344e-01 8.527327861104692073e-05
6.810927987098693848e-01 9.639633348253038303e-01 6.922970688532269418e-05
6.854434013366699219e-01 9.636758979918464973e-01 6.288955254214150371e-05
6.901894807815551758e-01 9.633710007440475787e-01 6.203232185235099596e-05
6.961221098899841309e-01 9.629937913682725670e-01 5.572406308991568758e-05
7.008681893348693848e-01 9.626884387788319231e-01 3.511212943565278013e-05
7.056143283843994141e-01 9.623780750093006153e-01 -3.358718776513659893e-06
7.103604078292846680e-01 9.620628356933593750e-01 -5.788887658762553100e-05
7.156997323036193848e-01 9.617038375612289025e-01 -1.303521650178091789e-04
7.210391163825988770e-01 9.613401891314794501e-01 -2.079181727908906423e-04
7.263784408569335938e-01 9.609726509215340551e-01 -2.851797001702444708e-04
7.317178249359130859e-01 9.606025332496279656e-01 -3.570676796020023610e-04
7.370571494102478027e-01 9.602298143174913259e-01 -4.234721736302451511e-04
7.423965334892272949e-01 9.598548695397756125e-01 -4.844534964788527447e-04
7.464010715484619141e-01 9.595729573567707282e-01 -5.249323352934821959e-04
7.504055500030517578e-01 9.592900158110119202e-01 -5.628271708412775501e-04
7.584145665168762207e-01 9.587218414791045529e-01 -6.310865519538758290e-04
7.624191045761108398e-01 9.584368266756572163e-01 -6.615621229958912287e-04
7.664236426353454590e-01 9.581510804191468722e-01 -6.901831853957403470e-04
7.704281210899353027e-01 9.578649757021949762e-01 -7.168550813008868873e-04
7.754281163215637207e-01 9.575072128053696563e-01 -7.475153794364323891e-04
7.804281711578369141e-01 9.571484471881200884e-01 -7.760794862868294289e-04
7.854281663894653320e-01 9.567892068529886274e-01 -8.025019887893918968e-04
7.904281616210937500e-01 9.564286392454116603e-01 -8.271960985092889282e-04
7.954281568527221680e-01 9.560681782071552837e-01 -8.503092659844292992e-04
8.004281520843505859e-01 9.557071310376363815e-01 -8.720282524351090098e-04
8.054281473159790039e-01 9.553455461774553736e-01 -8.925211808038136137e-04
8.104281425476074219e-01 9.549834430028522059e-01 -9.119652566455659515e-04
8.154281377792358398e-01 9.546207246326264828e-01 -9.304601048666333134e-04
8.204281330108642578e-01 9.542580256386408166e-01 -9.485694151076059675e-04
8.263656497001647949e-01 9.538245500837053692e-01 -9.696315205286419863e-04
8.305844068527221680e-01 9.535182795448908788e-01 -9.845491439577132992e-04
8.390219211578369141e-01 9.529019746326264917e-01 -1.013030419273981903e-03
8.432406187057495117e-01 9.525932094029018193e-01 -1.026982636678786583e-03
8.474593758583068848e-01 9.522840324280753554e-01 -1.040756229370359397e-03
8.516781330108642578e-01 9.519744485522073640e-01 -1.054437103725614985e-03
8.558968901634216309e-01 9.516644141787574673e-01 -1.068106057151915452e-03
8.601156473159790039e-01 9.513539486839658332e-01 -1.081733760379609624e-03
8.685531616210937500e-01 9.507317582387772026e-01 -1.108997776394798733e-03
8.727719187736511230e-01 9.504199896918402724e-01 -1.122777234940301738e-03
8.769906163215637207e-01 9.501077997116815776e-01 -1.136675145890977652e-03
8.812093734741210938e-01 9.497951350136408788e-01 -1.150648177616180002e-03
8.854281306266784668e-01 9.494819810655382719e-01 -1.164762935941181504e-03
8.938656449317932129e-01 9.488542829241071175e-01 -1.193557088337247277e-03
8.980844020843505859e-01 9.485397823273189477e-01 -1.207701459763541952e-03
9.023031592369079590e-01 9.482248118567089268e-01 -1.222623624498882016e-03
9.059945344924926758e-01 9.479484533885168540e-01 -1.237311060466463703e-03
9.119271636009216309e-01 9.475040641663566854e-01 -1.259424667509775409e-03
9.150418043136596680e-01 9.472699894980778357e-01 -1.272348373655288970e-03
9.200474619865417480e-01 9.468936447870163198e-01 -1.292372979815044169e-03
9.260542392730712891e-01 9.464406622023808779e-01 -1.319408511358594136e-03
9.304537177085876465e-01 9.461084420340402090e-01 -1.340045153148590592e-03
9.362222552299499512e-01 9.456716531420511496e-01 -1.369656267620268306e-03
9.403377771377563477e-01 9.453585379464286564e-01 -1.393606454607040088e-03
9.453369379043579102e-01 9.449782017299106496e-01 -1.425109874634515779e-03
9.510816931724548340e-01 9.445392475430928192e-01 -1.468892419149005289e-03
9.561179280281066895e-01 9.441542464967758175e-01 -1.514547590225462023e-03
9.610223174095153809e-01 9.437774367559523814e-01 -1.573061186169821043e-03
9.651930332183837891e-01 9.434567842029389917e-01 -1.634734206729465027e-03
9.701782464981079102e-01 9.430742100306919173e-01 -1.725207813202388760e-03
9.752596020698547363e-01 9.426899065290179625e-01 -1.825844673883347206e-03
9.808963537216186523e-01 9.422750273204985039e-01 -1.904889137025863417e-03
9.855936169624328613e-01 9.419378323025172639e-01 -1.927231417761908570e-03
9.905551671981811523e-01 9.415848601810516971e-01 -1.927960675860208124e-03
9.955341219902038574e-01 9.412284100244916463e-01 -1.924475034077962167e-03
1.000000000000000000e+00 9.409054516989087125e-01 -1.922988702380468064e-03
