4.017489746093750000e+03 0.000000000000000000e+00
4.008286865234375000e+03 -1.853157009463757277e-04
3.994882568359375000e+03 -4.562530957628041506e-04
3.986880126953125000e+03 -6.185998208820819855e-04
3.978877685546875000e+03 -7.813828415237367153e-04
3.970875000000000000e+03 -9.445947944186627865e-04
3.962872558593750000e+03 -1.108223223127424717e-03
3.954870117187500000e+03 -1.272235414944589138e-03
3.946867675781250000e+03 -1.436328282579779625e-03
3.938864990234375000e+03 -1.576685113832354546e-03
3.930862060546875000e+03 -1.557355397380888462e-03
3.922859130859375000e+03 -1.523799262940883636e-03
3.914856201171875000e+03 -1.492179813794791698e-03
3.906853515625000000e+03 -1.463362481445074081e-03
3.898850585937500000e+03 -1.436602906323969364e-03
3.890847656250000000e+03 -1.412370475009083748e-03
3.882844726562500000e+03 -1.390779856592416763e-03
3.874841796875000000e+03 -1.371800433844327927e-03
3.866839111328125000e+03 -1.355331391096115112e-03
3.858836181640625000e+03 -1.341227092780172825e-03
3.850833251953125000e+03 -1.329318038187921047e-03
3.842830322265625000e+03 -1.319425529800355434e-03
3.834827636718750000e+03 -1.311372965574264526e-03
3.826824707031250000e+03 -1.304676523432135582e-03
3.818821777343750000e+03 -1.299857860431075096e-03
3.810819091796875000e+03 -1.296395552344620228e-03
3.802816162109375000e+03 -1.294178888201713562e-03
3.794813232421875000e+03 -1.293080858886241913e-03
3.786810546875000000e+03 -1.293006469495594501e-03
3.778807617187500000e+03 -1.293864450417459011e-03
3.770804931640625000e+03 -1.295575639232993126e-03
3.762802001953125000e+03 -1.298069139011204243e-03
3.754799072265625000e+03 -1.301282783970236778e-03
3.746796386718750000e+03 -1.305160927586257458e-03
3.738793457031250000e+03 -1.309654559008777142e-03
3.730790771484375000e+03 -1.314719906076788902e-03
3.722787841796875000e+03 -1.320317969657480717e-03
3.714784912109375000e+03 -1.326413941569626331e-03
3.706782226562500000e+03 -1.332976738922297955e-03
3.698779296875000000e+03 -1.339978422038257122e-03
3.690776611328125000e+03 -1.347394078038632870e-03
3.682773681640625000e+03 -1.355201005935668945e-03
3.674770996093750000e+03 -1.363379065878689289e-03
3.666768066406250000e+03 -1.371909864246845245e-03
3.658765136718750000e+03 -1.380776870064437389e-03
3.650762451171875000e+03 -1.389964949339628220e-03
3.642759521484375000e+03 -1.399460597895085812e-03
3.634756835937500000e+03 -1.409251242876052856e-03
3.626753906250000000e+03 -1.419325824826955795e-03
3.618751220703125000e+03 -1.429673749953508377e-03
3.610748291015625000e+03 -1.440285821445286274e-03
3.602745605468750000e+03 -1.451153308153152466e-03
3.594742675781250000e+03 -1.462268410250544548e-03
3.586739746093750000e+03 -1.473623793572187424e-03
3.578737060546875000e+03 -1.485212822444736958e-03
3.570734130859375000e+03 -1.497029443271458149e-03
3.562731445312500000e+03 -1.509067835286259651e-03
3.554728515625000000e+03 -1.521322992630302906e-03
3.546725830078125000e+03 -1.533789909444749355e-03
3.538722900390625000e+03 -1.546464394778013229e-03
3.530720214843750000e+03 -1.559342141263186932e-03
3.522717285156250000e+03 -1.572419423609972000e-03
3.514714599609375000e+03 -1.585692632943391800e-03
3.506711669921875000e+03 -1.599158626049757004e-03
3.498708984375000000e+03 -1.612814143300056458e-03
3.490706054687500000e+03 -1.626656507141888142e-03
3.482703369140625000e+03 -1.640683040022850037e-03
3.474700439453125000e+03 -1.654891297221183777e-03
3.466697753906250000e+03 -1.669278834015130997e-03
3.458694824218750000e+03 -1.683843554928898811e-03
3.456694091796875000e+03 -1.687544980086386204e-03
3.448691406250000000e+03 -1.702328212559223175e-03
3.440688476562500000e+03 -1.717283972539007664e-03
3.432685791015625000e+03 -1.732409815303981304e-03
3.424682861328125000e+03 -1.747700967825949192e-03
3.416680175781250000e+03 -1.763144624419510365e-03
3.408677246093750000e+03 -1.778696314431726933e-03
3.400674560546875000e+03 -1.794220414012670517e-03
3.392671630859375000e+03 -1.809514476917684078e-03
3.384293701171875000e+03 -1.825396204367280006e-03
3.375853271484375000e+03 -1.841772347688674927e-03
3.369100830078125000e+03 -1.855199923738837242e-03
3.360660400390625000e+03 -1.872416352853178978e-03
3.353063964843750000e+03 -1.888209953904151917e-03
3.342935546875000000e+03 -1.909615006297826767e-03
3.334072998046875000e+03 -1.928605255670845509e-03
3.326476562500000000e+03 -1.945042517036199570e-03
3.318880126953125000e+03 -1.961620058864355087e-03
3.311283691406250000e+03 -1.978334737941622734e-03
3.303687255859375000e+03 -1.995153026655316353e-03
3.294191894531250000e+03 -2.016435842961072922e-03
3.288494384765625000e+03 -2.029246417805552483e-03
3.277099853515625000e+03 -2.055187709629535675e-03
3.271402587890625000e+03 -2.068265108391642570e-03
3.263399902343750000e+03 -2.086749067530035973e-03
3.255396972656250000e+03 -2.105391118675470352e-03
3.247394287109375000e+03 -2.124188467860221863e-03
3.239391357421875000e+03 -2.143132500350475311e-03
3.231388671875000000e+03 -2.162222517654299736e-03
3.223385742187500000e+03 -2.181458519771695137e-03
3.215383056640625000e+03 -2.200840041041374207e-03
3.206379882812500000e+03 -2.222809940576553345e-03
3.195125976562500000e+03 -2.250588731840252876e-03
3.191749755859375000e+03 -2.258969238027930260e-03
3.179722167968750000e+03 -2.289036754518747330e-03
3.174024658203125000e+03 -2.303398912772536278e-03
3.168327392578125000e+03 -2.317838137969374657e-03
3.156932861328125000e+03 -2.346951281651854515e-03
3.151235595703125000e+03 -2.361626829952001572e-03
3.139840820312500000e+03 -2.391224261373281479e-03
3.134143554687500000e+03 -2.406149636954069138e-03
3.125597656250000000e+03 -2.428685082122683525e-03
3.117051757812500000e+03 -2.451401203870773315e-03
3.112778564453125000e+03 -2.462818054482340813e-03
3.104766845703125000e+03 -2.484144642949104309e-03
3.096755126953125000e+03 -2.505387179553508759e-03
3.088743164062500000e+03 -2.526220399886369705e-03
3.080731445312500000e+03 -2.546943258494138718e-03
3.072719482421875000e+03 -2.568372292444109917e-03
3.063105468750000000e+03 -2.594507997855544090e-03
3.055894775390625000e+03 -2.614398719742894173e-03
3.047482421875000000e+03 -2.637905068695545197e-03
3.040722412109375000e+03 -2.657257486134767532e-03
3.032610351562500000e+03 -2.680637640878558159e-03
3.024498291015625000e+03 -2.704395214095711708e-03
3.016386474609375000e+03 -2.728321822360157967e-03
3.008274414062500000e+03 -2.751961117610335350e-03
3.000162353515625000e+03 -2.774674911051988602e-03
2.992050537109375000e+03 -2.797400346025824547e-03
2.983938476562500000e+03 -2.820360474288463593e-03
2.975826416015625000e+03 -2.845087554305791855e-03
2.969066650390625000e+03 -2.866858383640646935e-03
2.960954589843750000e+03 -2.891341457143425941e-03
2.952842529296875000e+03 -2.913842909038066864e-03
2.944730712890625000e+03 -2.937913872301578522e-03
2.936618652343750000e+03 -2.965461462736129761e-03
2.928506591796875000e+03 -2.990007400512695312e-03
2.921070800781250000e+03 -3.011170774698257446e-03
2.912958740234375000e+03 -3.040375653654336929e-03
2.904846679687500000e+03 -3.064565360546112061e-03
2.896734863281250000e+03 -3.092660102993249893e-03
2.888622802734375000e+03 -3.118280554190278053e-03
2.880848876953125000e+03 -3.147131530568003654e-03
2.873074951171875000e+03 -3.170022275298833847e-03
2.864962890625000000e+03 -3.198508173227310181e-03
2.856850830078125000e+03 -3.229730064049363136e-03
2.849076904296875000e+03 -3.261166624724864960e-03
2.840965087890625000e+03 -3.292702371254563332e-03
2.833021972656250000e+03 -3.320748917758464813e-03
2.824910156250000000e+03 -3.352567320689558983e-03
2.816967041015625000e+03 -3.391653299331665039e-03
2.809024169921875000e+03 -3.426534356549382210e-03
2.800912353515625000e+03 -3.466480644419789314e-03
2.792969238281250000e+03 -3.502867650240659714e-03
2.785026367187500000e+03 -3.547271946445107460e-03
2.776914306640625000e+03 -3.587911371141672134e-03
2.768971435546875000e+03 -3.625807352364063263e-03
2.761028564453125000e+03 -3.661724273115396500e-03
2.753043212890625000e+03 -3.698424901813268661e-03
2.745015869140625000e+03 -3.735374659299850464e-03
2.737030761718750000e+03 -3.768854076042771339e-03
2.729003173828125000e+03 -3.797119017690420151e-03
2.721018066406250000e+03 -3.827265230938792229e-03
2.713032714843750000e+03 -3.856125054880976677e-03
2.705025878906250000e+03 -3.886798862367868423e-03
2.700181152343750000e+03 -3.904016222804784775e-03
