3.074958740234375000e+03 0.000000000000000000e+00
3.067914794921875000e+03 -1.148134033428505063e-04
3.057655029296875000e+03 -2.826960990205407143e-04
3.051530029296875000e+03 -3.832760266959667206e-04
3.045404296875000000e+03 -4.768768849316984415e-04
3.039279541015625000e+03 -4.772571555804461241e-04
3.033154052734375000e+03 -4.727301420643925667e-04
3.027028808593750000e+03 -4.500916402321308851e-04
3.020903320312500000e+03 -4.302285960875451565e-04
3.014778076171875000e+03 -4.200374532956629992e-04
3.008652832031250000e+03 -4.147919826209545135e-04
3.002527343750000000e+03 -4.122439713682979345e-04
2.996402099609375000e+03 -4.111639864277094603e-04
2.990276855468750000e+03 -4.107204149477183819e-04
2.988745361328125000e+03 -4.106212581973522902e-04
2.982868408203125000e+03 -3.953167470172047615e-04
2.974226562500000000e+03 -3.891089581884443760e-04
2.970087158203125000e+03 -3.882732708007097244e-04
2.961808593750000000e+03 -3.872285888064652681e-04
2.957669433593750000e+03 -3.869108913931995630e-04
2.949390869140625000e+03 -3.863143210764974356e-04
2.945251708984375000e+03 -3.857395786326378584e-04
2.939269775390625000e+03 -3.819002886302769184e-04
2.933718017578125000e+03 -3.603404038585722446e-04
2.927585693359375000e+03 -3.600415657274425030e-04
2.920227050781250000e+03 -3.601479693315923214e-04
2.912868408203125000e+03 -3.606984391808509827e-04
2.909189208984375000e+03 -3.611232386901974678e-04
2.901830322265625000e+03 -3.622435906436294317e-04
2.894471679687500000e+03 -3.636929905042052269e-04
2.890792480468750000e+03 -3.645306278485804796e-04
2.883433593750000000e+03 -3.664138494059443474e-04
2.876074951171875000e+03 -3.685522824525833130e-04
2.872395751953125000e+03 -3.697132342495024204e-04
2.865037109375000000e+03 -3.721972170751541853e-04
2.859518066406250000e+03 -3.742005210369825363e-04
2.853392578125000000e+03 -3.765515866689383984e-04
2.847267333984375000e+03 -3.790329210460186005e-04
2.841142089843750000e+03 -3.816375683527439833e-04
2.835016845703125000e+03 -3.843582526315003633e-04
2.828891357421875000e+03 -3.872094675898551941e-04
2.822766113281250000e+03 -3.901513118762522936e-04
2.816640625000000000e+03 -3.931967075914144516e-04
2.810515380859375000e+03 -3.963428316637873650e-04
2.804390136718750000e+03 -3.995742881670594215e-04
2.798264648437500000e+03 -4.029148549307137728e-04
2.792139404296875000e+03 -4.063481464982032776e-04
2.786014160156250000e+03 -4.098724166397005320e-04
2.779888916015625000e+03 -4.134849004913121462e-04
2.773763427734375000e+03 -4.171833279542624950e-04
2.767638183593750000e+03 -4.209653998259454966e-04
2.761512939453125000e+03 -4.248290497343987226e-04
2.755387695312500000e+03 -4.287724732421338558e-04
2.749262451171875000e+03 -4.327993083279579878e-04
2.743136962890625000e+03 -4.368922382127493620e-04
2.737011718750000000e+03 -4.410650581121444702e-04
2.730886474609375000e+03 -4.453116562217473984e-04
2.724761230468750000e+03 -4.496307519730180502e-04
2.718635742187500000e+03 -4.540211812127381563e-04
2.712510498046875000e+03 -4.584819835145026445e-04
2.706385253906250000e+03 -4.630122275557368994e-04
2.700260009765625000e+03 -4.676109820138663054e-04
2.694134521484375000e+03 -4.722774319816380739e-04
2.688009277343750000e+03 -4.770107625517994165e-04
2.681884033203125000e+03 -4.818103043362498283e-04
2.675758544921875000e+03 -4.866753879468888044e-04
2.669633300781250000e+03 -4.916087491437792778e-04
2.663508056640625000e+03 -4.966031410731375217e-04
2.657382812500000000e+03 -5.016615032218396664e-04
2.651257324218750000e+03 -5.067826714366674423e-04
2.645132080078125000e+03 -5.119665293022990227e-04
2.639006835937500000e+03 -5.172124365344643593e-04
2.632881347656250000e+03 -5.225199856795370579e-04
2.626756103515625000e+03 -5.278885946609079838e-04
2.620630859375000000e+03 -5.333178560249507427e-04
2.614505615234375000e+03 -5.388073041103780270e-04
2.608380126953125000e+03 -5.443564732559025288e-04
2.602254882812500000e+03 -5.499647813849151134e-04
2.596129638671875000e+03 -5.556323449127376080e-04
2.590004394531250000e+03 -5.613577668555080891e-04
2.583878906250000000e+03 -5.671407561749219894e-04
2.577753662109375000e+03 -5.729807307943701744e-04
2.571628417968750000e+03 -5.788772250525653362e-04
2.565503173828125000e+03 -5.848300061188638210e-04
2.559377685546875000e+03 -5.908373859710991383e-04
2.553252441406250000e+03 -5.968991899862885475e-04
2.547127197265625000e+03 -6.030149525031447411e-04
2.541001953125000000e+03 -6.091840914450585842e-04
2.534876464843750000e+03 -6.154067232273519039e-04
2.528751220703125000e+03 -6.216823821887373924e-04
2.522625976562500000e+03 -6.280117086134850979e-04
2.516500732421875000e+03 -6.343948771245777607e-04
2.510375244140625000e+03 -6.408313056454062462e-04
2.504250000000000000e+03 -6.473241955973207951e-04
2.498124755859375000e+03 -6.538721499964594841e-04
2.491999511718750000e+03 -6.604765658266842365e-04
2.485874023437500000e+03 -6.671356968581676483e-04
2.479748779296875000e+03 -6.738502415828406811e-04
2.473623535156250000e+03 -6.806178134866058826e-04
2.467498046875000000e+03 -6.874382379464805126e-04
2.461372802734375000e+03 -6.943097687326371670e-04
2.455247558593750000e+03 -7.012324640527367592e-04
2.449887939453125000e+03 -7.073158049024641514e-04
2.441274169921875000e+03 -7.171976030804216862e-04
2.436105957031250000e+03 -7.231652853079140186e-04
2.430937744140625000e+03 -7.291793590411543846e-04
2.420601318359375000e+03 -7.413008715957403183e-04
2.415433105468750000e+03 -7.474084850400686264e-04
2.412202880859375000e+03 -7.512461743317544460e-04
2.406570312500000000e+03 -7.579678785987198353e-04
2.399748291015625000e+03 -7.661629351787269115e-04
2.393733398437500000e+03 -7.734380196779966354e-04
2.388658447265625000e+03 -7.795824785716831684e-04
2.381889892578125000e+03 -7.878934848122298717e-04
2.376295654296875000e+03 -7.947828271426260471e-04
2.368836669921875000e+03 -8.040255634114146233e-04
2.363242431640625000e+03 -8.110010530799627304e-04
2.357647949218750000e+03 -8.180134464055299759e-04
2.351237792968750000e+03 -8.260901668108999729e-04
2.344944335937500000e+03 -8.340701460838317871e-04
2.338650634765625000e+03 -8.420925005339086056e-04
2.333242187500000000e+03 -8.490188047289848328e-04
2.327554687500000000e+03 -8.563375449739396572e-04
2.321481201171875000e+03 -8.641905733384191990e-04
2.315120605468750000e+03 -8.724568178877234459e-04
2.308367431640625000e+03 -8.812738233245909214e-04
2.302830566406250000e+03 -8.885384886525571346e-04
2.296734130859375000e+03 -8.965683518908917904e-04
2.290845458984375000e+03 -9.043613681569695473e-04
2.284697998046875000e+03 -9.125303477048873901e-04
2.278475585937500000e+03 -9.208339615724980831e-04
2.271859863281250000e+03 -9.296998032368719578e-04
2.266083007812500000e+03 -9.374756482429802418e-04
2.260175048828125000e+03 -9.454588871449232101e-04
2.254129638671875000e+03 -9.536498109810054302e-04
2.247850097656250000e+03 -9.621962090022861958e-04
2.241626464843750000e+03 -9.706919663585722446e-04
2.235588867187500000e+03 -9.789707837626338005e-04
2.229622070312500000e+03 -9.871779475361108780e-04
2.222821533203125000e+03 -9.965726640075445175e-04
2.217284179687500000e+03 -1.004261430352926254e-03
2.211192138671875000e+03 -1.012739841826260090e-03
2.205084472656250000e+03 -1.021277392283082008e-03
2.198687255859375000e+03 -1.030256855301558971e-03
2.192691162109375000e+03 -1.038703019730746746e-03
2.186515380859375000e+03 -1.047426369041204453e-03
2.180109375000000000e+03 -1.056458917446434498e-03
2.173734375000000000e+03 -1.065016374923288822e-03
2.168354003906250000e+03 -1.068650512024760246e-03
2.162106933593750000e+03 -1.050278195179998875e-03
2.155812500000000000e+03 -1.038806047290563583e-03
2.149648681640625000e+03 -1.034657121635973454e-03
2.143765625000000000e+03 -1.031666412018239498e-03
2.137645996093750000e+03 -1.029078266583383083e-03
2.131575683593750000e+03 -1.026947284117341042e-03
2.125429443359375000e+03 -1.025170669890940189e-03
2.119128906250000000e+03 -1.023677526973187923e-03
2.113272460937500000e+03 -1.022558542899787426e-03
2.106920166015625000e+03 -1.021599047817289829e-03
2.100721679687500000e+03 -1.020891475491225719e-03
2.094610107421875000e+03 -1.020395429804921150e-03
2.088446533203125000e+03 -1.020078663714230061e-03
2.082289062500000000e+03 -1.019932446070015430e-03
2.076533203125000000e+03 -1.019938732497394085e-03
2.070213867187500000e+03 -1.020096940919756889e-03
2.064174072265625000e+03 -1.020385650917887688e-03
2.058086669921875000e+03 -1.020771451294422150e-03
2.051999267578125000e+03 -1.021168660372495651e-03
2.045763793945312500e+03 -1.021276693791151047e-03
2.039581420898437500e+03 -1.020947354845702648e-03
2.033398925781250000e+03 -1.021009287796914577e-03
2.027216552734375000e+03 -1.021928736008703709e-03
2.021359497070312500e+03 -1.022718264721333981e-03
2.015177001953125000e+03 -1.023462275043129921e-03
2.008994628906250000e+03 -1.024296856485307217e-03
2.002968750000000000e+03 -1.025206409394741058e-03
1.996857910156250000e+03 -1.026291865855455399e-03
1.990628051757812500e+03 -1.027480699121952057e-03
1.984273803710937500e+03 -1.028768136166036129e-03
1.978256958007812500e+03 -1.030060113407671452e-03
1.972312988281250000e+03 -1.031380728818476200e-03
1.966198730468750000e+03 -1.032789004966616631e-03
1.960012695312500000e+03 -1.034257118590176105e-03
1.953957641601562500e+03 -1.035734312608838081e-03
1.947700073242187500e+03 -1.037301379255950451e-03
1.940763427734375000e+03 -1.039080321788787842e-03
1.935593750000000000e+03 -1.040438190102577209e-03
1.929361328125000000e+03 -1.042103976942598820e-03
1.923200317382812500e+03 -1.043777447193861008e-03
1.916631835937500000e+03 -1.045602373778820038e-03
1.908414184570312500e+03 -1.047935103997588158e-03
1.904952148437500000e+03 -1.048929640091955662e-03
1.897396484375000000e+03 -1.051127212122082710e-03
1.888033325195312500e+03 -1.053904299624264240e-03
1.882415283203125000e+03 -1.055596047081053257e-03
1.876797363281250000e+03 -1.057304907590150833e-03
1.871179443359375000e+03 -1.059038913808763027e-03
1.868229858398437500e+03 -1.059960923157632351e-03
1.862031494140625000e+03 -1.061893766745924950e-03
1.856016479492187500e+03 -1.063785282894968987e-03
1.849896728515625000e+03 -1.065711374394595623e-03
