0.000000000000000000e+00 1.000000000000000000e+00 0.000000000000000000e+00
5.750000011175870895e-03 9.999295710293567563e-01 -1.571362774950173344e-08
1.412499975413084030e-02 9.998287266291281394e-01 -3.613262519674546416e-08
1.912499964237213135e-02 9.997695659813674585e-01 -4.424347697868537975e-08
2.412500046193599701e-02 9.997111790997970093e-01 -4.344078419580470443e-08
2.912499941885471344e-02 9.996535820661535121e-01 1.169067016033093594e-09
3.412500023841857910e-02 9.995986890677668324e-01 9.274406579057663172e-07
3.912499919533729553e-02 9.995526777949310659e-01 2.738173290691226091e-06
4.412499815225601196e-02 9.995057284544055509e-01 3.822267635900905339e-06
4.912500083446502686e-02 9.994573710045375758e-01 4.672075864737448301e-06
5.412499979138374329e-02 9.994074133283273875e-01 5.449221249003917274e-06
5.537499859929084778e-02 9.993945638338723736e-01 5.645521664497068804e-06
6.100000068545341492e-02 9.992723269739013370e-01 1.032326532446819737e-05
6.662499904632568359e-02 9.990208571659768833e-01 1.391679035040779410e-05
7.131250202655792236e-02 9.988430107273341685e-01 1.536027510349013405e-05
7.553125172853469849e-02 9.986818448356959976e-01 1.645171992336782313e-05
8.053124696016311646e-02 9.984888834653844469e-01 1.759713083721589302e-05
8.553124964237213135e-02 9.982946422364976646e-01 1.862286230108300115e-05
9.053125232458114624e-02 9.980996209066270719e-01 1.955063842632920180e-05
9.553124755620956421e-02 9.979041864330641110e-01 2.039544923222007470e-05
1.005312502384185791e-01 9.977084933847620851e-01 2.116857519472278897e-05
1.055312529206275940e-01 9.975125457929527872e-01 2.187888187486768273e-05
1.105312481522560120e-01 9.973162773150752169e-01 2.253361289267954604e-05
1.155312508344650269e-01 9.971195997247374043e-01 2.313914578318019847e-05
1.205312535166740417e-01 9.969224176545073979e-01 2.370128893981809172e-05
1.255312561988830566e-01 9.967246458726227720e-01 2.422502291375312213e-05
1.305312514305114746e-01 9.965262014508823318e-01 2.471505380842996754e-05
1.355312466621398926e-01 9.963270201199296849e-01 2.517591001114983485e-05
1.405312567949295044e-01 9.961270410657505625e-01 2.561206816907090429e-05
1.455312520265579224e-01 9.959261617798735866e-01 2.600824244428372013e-05
1.505312472581863403e-01 9.957243974658025465e-01 2.633381167039779077e-05
1.555312573909759521e-01 9.955218296696022318e-01 2.678862327466840300e-05
1.605312526226043701e-01 9.953183367632437717e-01 2.722986321446400267e-05
1.655312478542327881e-01 9.951140053606263303e-01 2.767154407026111324e-05
1.705312430858612061e-01 9.949086788195918851e-01 2.790268303619490692e-05
1.780312508344650269e-01 9.946001218712847702e-01 2.886744099106765431e-05
1.830312460660934448e-01 9.943936103783943548e-01 2.949167681848945336e-05
1.880312561988830566e-01 9.941879028283455710e-01 3.031950785917936157e-05
1.905312538146972656e-01 9.940853690179649593e-01 3.009863818685213838e-05
1.954490840435028076e-01 9.938888176627781457e-01 4.196318613302304817e-05
2.015497088432312012e-01 9.936576506941789955e-01 4.719730448607661324e-05
2.063011676073074341e-01 9.934737108755802293e-01 5.365909945561690123e-05
2.105774730443954468e-01 9.933093144697844323e-01 6.190445364097466084e-05
2.162792086601257324e-01 9.930924185232263834e-01 7.660551095642329270e-05
2.205555289983749390e-01 9.929316506869551029e-01 8.882549793823905318e-05
2.262572646141052246e-01 9.927192701809648412e-01 9.848637245415489835e-05
2.305335700511932373e-01 9.925603286079738297e-01 9.355606772185523349e-05
2.369480282068252563e-01 9.923193678187862687e-01 6.790139716892426710e-05
2.406897991895675659e-01 9.921772638956705137e-01 4.202376709180177518e-05
2.471042722463607788e-01 9.919315660633326592e-01 -6.105250831927366250e-06
2.519150972366333008e-01 9.917458124206838255e-01 -4.793659914374927202e-05
2.567259669303894043e-01 9.915591907961932572e-01 -8.315269965768436113e-05
2.615368068218231201e-01 9.913722181089834606e-01 -1.113937744771800693e-04
2.663476467132568359e-01 9.911852491074715221e-01 -1.334516232572315845e-04
2.711584866046905518e-01 9.909985049335275908e-01 -1.502874068879850897e-04
2.759693562984466553e-01 9.908120924723897716e-01 -1.628029785582408716e-04
2.807801961898803711e-01 9.906260743809207625e-01 -1.720004503565709985e-04
2.855910360813140869e-01 9.904404810661280312e-01 -1.786752527462687581e-04
2.904018759727478027e-01 9.902553364850472661e-01 -1.833838577143811978e-04
2.952127158641815186e-01 9.900706065449738080e-01 -1.868269257787345057e-04
3.000235855579376221e-01 9.898862608389003004e-01 -1.894668068574822538e-04
3.072398304939270020e-01 9.896104093910992328e-01 -1.923790300525904981e-04
3.120507001876831055e-01 9.894268892813420369e-01 -1.939684692500294146e-04
3.168615400791168213e-01 9.892436409918007323e-01 -1.953451709758832256e-04
3.216723799705505371e-01 9.890606497796836649e-01 -1.965966705538800270e-04
3.276859223842620850e-01 9.888322046989405090e-01 -1.981432239214579174e-04
3.312940597534179688e-01 9.886952865526872358e-01 -1.990680677303369628e-04
3.399021923542022705e-01 9.883689926442317253e-01 -2.011409488277158750e-04
3.449022173881530762e-01 9.881796961245330468e-01 -2.022712055035835396e-04
3.499022126197814941e-01 9.879905488755967857e-01 -2.033486962318420410e-04
3.549022078514099121e-01 9.878015656402145961e-01 -2.043892759919742536e-04
3.599022030830383301e-01 9.876127206185014717e-01 -2.054048405177351247e-04
3.611522018909454346e-01 9.875655658003212878e-01 -2.052375803823056511e-04
3.655272126197814941e-01 9.874005783007341330e-01 -2.061627121363284994e-04
3.725584447383880615e-01 9.871356254614493952e-01 -2.076594869871646360e-04
3.775584399700164795e-01 9.869473406658080261e-01 -2.087226884376599590e-04
3.825584650039672852e-01 9.867591258984257374e-01 -2.098148463716829513e-04
3.875584602355957031e-01 9.865710124877340448e-01 -2.109086060005685675e-04
3.925584554672241211e-01 9.863829792409702923e-01 -2.119945731139989296e-04
3.975584506988525391e-01 9.861950316866815447e-01 -2.130743853999796707e-04
4.025584459304809570e-01 9.860071633748962450e-01 -2.141496265568019238e-04
4.075584411621093750e-01 9.858193908912549208e-01 -2.151625455865537430e-04
4.113084673881530762e-01 9.856786396192467326e-01 -2.159612694224297613e-04
4.150584638118743896e-01 9.855378874258142741e-01 -2.167901915052662784e-04
4.200584590435028076e-01 9.853502872485468966e-01 -2.178875144553069369e-04
4.250584542751312256e-01 9.851627441995962631e-01 -2.189906323013674221e-04
4.306834638118743896e-01 9.849518900332243643e-01 -2.199427589126255213e-04
4.377146959304809570e-01 9.846884077873783170e-01 -2.216175198554992676e-04
4.427146911621093750e-01 9.845010729803554961e-01 -2.228127801475893459e-04
4.477147161960601807e-01 9.843137566018219653e-01 -2.239775722441465864e-04
4.502147138118743896e-01 9.842201951621234457e-01 -2.238288485773519670e-04
4.552147090435028076e-01 9.840331128254028448e-01 -2.247124442443755382e-04
4.602147042751312256e-01 9.838461723880491672e-01 -2.254710717189715107e-04
4.652146995067596436e-01 9.836593978070983235e-01 -2.260448204146491187e-04
4.702146947383880615e-01 9.834728646393559037e-01 -2.262834729491800380e-04
4.752146899700164795e-01 9.832866834557574265e-01 -2.259244233513799810e-04
4.802147150039672852e-01 9.831004967436122177e-01 -2.238515782471440238e-04
4.852147102355957031e-01 9.829152222416827067e-01 -2.198051391304403233e-04
4.902147054672241211e-01 9.827308120358969612e-01 -2.111541512219802146e-04
4.952147006988525391e-01 9.825475849391182015e-01 -1.932970171677317708e-04
5.002146959304809570e-01 9.823657768360082310e-01 -1.579668858776921917e-04
5.050584673881530762e-01 9.821906398459908649e-01 -9.571239892123402598e-05
5.113865733146667480e-01 9.819620934085570019e-01 3.052317280916199863e-05
5.156053304672241211e-01 9.818063100179037495e-01 1.216037243892605113e-04
5.219334363937377930e-01 9.815657942767304078e-01 2.311786303773594306e-04
5.261521935462951660e-01 9.814020387216466634e-01 2.773813003503182309e-04
5.303709506988525391e-01 9.812371553430235815e-01 3.048807814501333841e-04
5.361717343330383301e-01 9.810102693124669315e-01 3.225340863356843417e-04
5.401268005371093750e-01 9.808557482733242239e-01 3.298832742488326812e-04
5.472459793090820312e-01 9.805793301494801772e-01 3.335367942201918371e-04
5.508055090904235840e-01 9.804413578936443940e-01 3.328122522519982450e-04
5.559223890304565430e-01 9.802433400914288830e-01 3.291609998486468014e-04
5.634309053421020508e-01 9.799537179550685817e-01 3.236886023899207500e-04
5.684309005737304688e-01 9.797612968850251125e-01 3.199884353052590696e-04
5.734308958053588867e-01 9.795690435142333508e-01 3.159718165075145555e-04
5.784308910369873047e-01 9.793775696685349530e-01 3.104363950554299726e-04
5.821808576583862305e-01 9.792334533543979314e-01 3.064857516887683087e-04
5.859308838844299316e-01 9.790897129814405409e-01 3.028242412396674969e-04
5.909308791160583496e-01 9.788980345795119664e-01 2.982454095485705548e-04
5.959308743476867676e-01 9.787064483200295095e-01 2.938021460305089371e-04
6.009308695793151855e-01 9.785149413030505006e-01 2.894972401540636241e-04
6.059308648109436035e-01 9.783234398146183342e-01 2.854123423640854570e-04
6.109308600425720215e-01 9.781319327976392142e-01 2.815951795681663158e-04
6.159308552742004395e-01 9.779403870808328625e-01 2.780815109538571422e-04
6.209308505058288574e-01 9.777488100355948841e-01 2.749229326916201527e-04
6.259309053421020508e-01 9.775572090333211062e-01 2.721906572148419636e-04
6.309309005737304688e-01 9.773655564312774269e-01 2.700167433651173301e-04
6.359308958053588867e-01 9.771738817150465994e-01 2.686594419433298905e-04
6.409308910369873047e-01 9.769826050541826623e-01 2.688167679712968080e-04
6.459308862686157227e-01 9.767902355839088724e-01 2.660201187582983385e-04
6.518684029579162598e-01 9.765631449971221567e-01 2.666939283914612313e-04
6.560871005058288574e-01 9.764013225905561200e-01 2.678886487864065775e-04
6.610871553421020508e-01 9.762103463140663351e-01 2.681407627564121672e-04
6.660871505737304688e-01 9.760190585961089349e-01 2.697748874408611086e-04
6.710871458053588867e-01 9.758279090918204890e-01 2.721907112045564639e-04
6.760871410369873047e-01 9.756368922726543769e-01 2.742837844551473275e-04
6.810871362686157227e-01 9.754460468384378302e-01 2.758309677027273783e-04
6.860871315002441406e-01 9.752553598892286235e-01 2.768470361324899993e-04
6.910871267318725586e-01 9.750648572249114299e-01 2.768939711909363267e-04
6.960871219635009766e-01 9.748745443740329808e-01 2.756413198323641239e-04
7.010871171951293945e-01 9.746844158080465448e-01 2.729070107430075793e-04
7.060871124267578125e-01 9.744944623127075323e-01 2.685342397954728808e-04
7.110871076583862305e-01 9.743048386873255362e-01 2.627210772555807245e-04
7.160871028900146484e-01 9.741154988606771647e-01 2.552150132287527712e-04
7.210870981216430664e-01 9.739266105320142364e-01 2.464731066411244079e-04
7.260871529579162598e-01 9.737383801004160233e-01 2.366922219882264830e-04
7.310871481895446777e-01 9.735511134788034093e-01 2.275438808300644857e-04
7.385871410369873047e-01 9.732724046937508700e-01 2.238285786287796009e-04
7.423371076583862305e-01 9.731346167228072108e-01 2.325356078608600309e-04
7.460871338844299316e-01 9.729979786895899263e-01 2.564663328410346889e-04
7.535871267318725586e-01 9.727263538157882028e-01 3.734820202928810498e-04
7.573371529579162598e-01 9.725893490556357657e-01 4.659192501634791474e-04
7.610871195793151855e-01 9.724496684788505041e-01 5.672229228964174213e-04
7.685871124267578125e-01 9.721598252006199425e-01 7.512145428265926432e-04
7.723371386528015137e-01 9.720102300966418918e-01 8.201925218969151939e-04
7.760871052742004395e-01 9.718585617876283056e-01 8.729926629918784717e-04
7.835870981216430664e-01 9.715519246271842047e-01 9.415035230526025336e-04
7.873371243476867676e-01 9.713979324856818476e-01 9.621475341815303919e-04
7.910871505737304688e-01 9.712438076590570457e-01 9.767520398909343080e-04
7.985871434211730957e-01 9.709358510187857672e-01 9.928306807642397862e-04
8.023371100425720215e-01 9.707821168761322506e-01 9.964998217596523784e-04
8.060871362686157227e-01 9.706285449041835989e-01 9.983304330116308557e-04
8.117121458053588867e-01 9.703982072175989515e-01 9.990723236747410269e-04
8.159309029579162598e-01 9.702258271295667313e-01 9.975167720214180890e-04
8.209308981895446777e-01 9.700220283102873875e-01 9.959843279658884933e-04
8.259308934211730957e-01 9.698180396775691881e-01 9.932460416342324492e-04
8.309308886528015137e-01 9.696141063303187480e-01 9.899002630353549367e-04
8.359308838844299316e-01 9.694101213832985176e-01 9.865439744387272895e-04
8.409308791160583496e-01 9.692060461366809321e-01 9.833021440367767808e-04
8.459308743476867676e-01 9.690018695333730836e-01 9.801329477973606558e-04
8.509308695793151855e-01 9.687974865309858519e-01 9.769090419806144947e-04
8.559308648109436035e-01 9.685929745291742554e-01 9.739930934952077072e-04
8.609308600425720215e-01 9.683882340140964606e-01 9.715557098388671875e-04
8.659308552742004395e-01 9.681833092141266528e-01 9.697109172885545053e-04
8.709308505058288574e-01 9.679782038149626899e-01 9.686399053260324370e-04
8.759309053421020508e-01 9.677729731020721093e-01 9.685314219930897918e-04
8.809309005737304688e-01 9.675669941925196804e-01 9.706181604505160695e-04
8.868683576583862305e-01 9.673234543362678739e-01 9.767955915939404224e-04
8.924933671951293945e-01 9.670922984247622978e-01 9.866488584573717205e-04
8.953058719635009766e-01 9.669768107686065317e-01 9.934230559114096224e-04
9.009308815002441406e-01 9.667461819118923216e-01 1.010727191316908606e-03
9.065558910369873047e-01 9.665162717662572067e-01 1.032123675092982843e-03
9.100714921951293945e-01 9.663728944345372218e-01 1.046096501143082376e-03
9.157844185829162598e-01 9.661407765558951422e-01 1.068495537923729900e-03
9.205304980278015137e-01 9.659488475265133323e-01 1.083102995070858244e-03
9.252765774726867676e-01 9.657576224654192965e-01 1.091085050417029377e-03
9.300226569175720215e-01 9.655669097163250836e-01 1.092126691974879427e-03
9.364998936653137207e-01 9.653067473628095252e-01 1.082657903864763741e-03
9.403538703918457031e-01 9.651519849104582827e-01 1.071337988411170949e-03
9.460555911064147949e-01 9.649228745612544733e-01 1.054603912404193959e-03
9.503318667411804199e-01 9.647512021272077742e-01 1.039344619437692317e-03
9.557217955589294434e-01 9.645346526362470474e-01 1.021478703056556692e-03
9.605326652526855469e-01 9.643413488415705226e-01 1.009294448267434446e-03
9.653435349464416504e-01 9.641481408750378623e-01 1.000900559379282791e-03
9.701543450355529785e-01 9.639550066224618075e-01 1.000017575595689781e-03
9.750521183013916016e-01 9.637581424436707511e-01 1.012231560720913649e-03
9.804918766021728516e-01 9.635393225628396952e-01 1.043210786897779069e-03
9.855667352676391602e-01 9.633346926186971970e-01 1.089005366615627057e-03
9.907233715057373047e-01 9.631253265528286756e-01 1.153565907247976457e-03
9.956663846969604492e-01 9.629231512834485196e-01 1.225371435644546101e-03
1.000000000000000000e+00 9.627443175384963192e-01 1.292637436862153133e-03
