0.000000000000000000e+00 1.000000000000000000e+00 0.000000000000000000e+00
5.750000011175870895e-03 9.999000583869823711e-01 -1.046244128284400017e-07
1.412499975413084030e-02 9.997561247164499232e-01 -2.722088116781273266e-07
1.912499964237213135e-02 9.996711687477313202e-01 -3.835611039174243554e-07
2.412500046193599701e-02 9.995869371338166331e-01 -5.065820462200881020e-07
2.912499941885471344e-02 9.995034269664598847e-01 -6.453235912618141922e-07
3.412500023841857910e-02 9.994206346751411951e-01 -8.061586694728924623e-07
3.912499919533729553e-02 9.993385567181352069e-01 -9.995961538178548315e-07
4.412499815225601196e-02 9.992571887186759705e-01 -1.244184674677137596e-06
4.912500083446502686e-02 9.991765251482165322e-01 -1.575782189847550583e-06
5.412499979138374329e-02 9.990965486724595612e-01 -2.113860134251307701e-06
5.912499874830245972e-02 9.990172374651627996e-01 -3.109407973372273787e-06
6.412500143051147461e-02 9.989383316270394886e-01 -5.950767699863023751e-06
6.912499666213989258e-02 9.988509484535252891e-01 -2.499767196711134674e-05
7.412499934434890747e-02 9.987349642647636028e-01 -5.322046901868737468e-05
7.912500202655792236e-02 9.986132678202384039e-01 -7.239554599287429889e-05
8.412499725818634033e-02 9.984897164330966968e-01 -8.750757301487208420e-05
8.912499994039535522e-02 9.983644579919639384e-01 -1.003491885708150070e-04
9.412500262260437012e-02 9.982378877879340973e-01 -1.116666924838282662e-04
9.912499785423278809e-02 9.981097861764511858e-01 -1.218881422050909196e-04
1.041250005364418030e-01 9.979801541941177856e-01 -1.312621333748822017e-04
1.091250032186508179e-01 9.978489788258133597e-01 -1.399550352983428730e-04
1.141249984502792358e-01 9.977162264395451619e-01 -1.480846805273046884e-04
1.191250011324882507e-01 9.975818592569101195e-01 -1.557377045569212446e-04
1.241249963641166687e-01 9.974458376566568418e-01 -1.629804967394197677e-04
1.291249990463256836e-01 9.973081185621917033e-01 -1.698647612246914206e-04
1.341249942779541016e-01 9.971683764803236372e-01 -1.764332218734538369e-04
1.391250044107437134e-01 9.970271720978371999e-01 -1.827164908538118102e-04
1.441249996423721313e-01 9.968841518180957539e-01 -1.887482937407378451e-04
1.491249948740005493e-01 9.967392760198473534e-01 -1.945492905983026610e-04
1.541250050067901611e-01 9.965925244317539455e-01 -2.001404834254352262e-04
1.591250002384185791e-01 9.964438813895994951e-01 -2.055397788107683158e-04
1.641249954700469971e-01 9.962933351452223363e-01 -2.107623658606395532e-04
1.691250056028366089e-01 9.961408785575830427e-01 -2.158219399659529929e-04
1.741250008344650269e-01 9.959865224534187877e-01 -2.207306848056074392e-04
1.791249960660934448e-01 9.958302875647797592e-01 -2.254992363533535999e-04
1.841250061988830566e-01 9.956722001522635423e-01 -2.301379246412268076e-04
1.891250014305114746e-01 9.955123016799705127e-01 -2.346554600098282796e-04
1.941249966621398926e-01 9.953506465119440483e-01 -2.390601208820435292e-04
1.991250067949295044e-01 9.951872959229104421e-01 -2.433592858521834617e-04
2.041250020265579224e-01 9.950223199411289965e-01 -2.475598656037003771e-04
2.091249972581863403e-01 9.948558093269090907e-01 -2.516686268474744572e-04
2.141250073909759521e-01 9.946878424013293474e-01 -2.556912565000967179e-04
2.191250026226043701e-01 9.945185154532465432e-01 -2.596330095604422266e-04
2.241249978542327881e-01 9.943479293786385842e-01 -2.634991050342430684e-04
2.291249930858612061e-01 9.941761878377572970e-01 -2.672942040335152952e-04
2.341250032186508179e-01 9.940033903444446262e-01 -2.710224637662731004e-04
2.391249984502792358e-01 9.938296414803767798e-01 -2.746878434782443028e-04
2.441249936819076538e-01 9.936550398379708771e-01 -2.782943024151567210e-04
2.491250038146972656e-01 9.934796876953420064e-01 -2.818448640010206923e-04
2.541249990463256836e-01 9.933036785770730237e-01 -2.853426236461326267e-04
2.591249942779541016e-01 9.931271073898830792e-01 -2.887904967950738065e-04
2.641249895095825195e-01 9.929500607476718921e-01 -2.921912009301393023e-04
2.691250145435333252e-01 9.927726155893814575e-01 -2.955467336707644872e-04
2.741250097751617432e-01 9.925948553039255495e-01 -2.988596505301010391e-04
2.791250050067901611e-01 9.924168476160021291e-01 -3.021320211138702415e-04
2.841250002384185791e-01 9.922386584074601723e-01 -3.053653931272202722e-04
2.891249954700469971e-01 9.920603563244215772e-01 -3.085613322718707731e-04
2.941249907016754150e-01 9.918819878988219818e-01 -3.117212782735409755e-04
2.991249859333038330e-01 9.917036130232512736e-01 -3.148466348648071289e-04
3.041250109672546387e-01 9.915252768475075751e-01 -3.179388057782454283e-04
3.091250061988830566e-01 9.913470162285697995e-01 -3.209989068012882659e-04
3.141250014305114746e-01 9.911688818447832450e-01 -3.240276218036522481e-04
3.191249966621398926e-01 9.909908994960323625e-01 -3.270259945864838571e-04
3.241249918937683105e-01 9.908131005107492228e-01 -3.299943850812128601e-04
3.291249871253967285e-01 9.906355189816388185e-01 -3.329334771575559178e-04
3.341250121593475342e-01 9.904581761014634722e-01 -3.358443146166594038e-04
3.391250073909759521e-01 9.902810930629859509e-01 -3.387265375270935510e-04
3.441250026226043701e-01 9.901042956660910388e-01 -3.415801458888583593e-04
3.491249978542327881e-01 9.899277958892970242e-01 -3.444061475099572745e-04
3.541249930858612061e-01 9.897516112396681498e-01 -3.472035705755298330e-04
3.591249883174896240e-01 9.895757564599962919e-01 -3.499721631335751598e-04
3.641250133514404297e-01 9.894002435287990727e-01 -3.527117452183783442e-04
3.691250085830688477e-01 9.892250807388969225e-01 -3.554208411110772268e-04
3.741250038146972656e-01 9.890502690117140006e-01 -3.580995227979577177e-04
3.791249990463256836e-01 9.888758369114087898e-01 -3.607454867178691224e-04
3.841249942779541016e-01 9.887017614023697609e-01 -3.633576170833790488e-04
3.891249895095825195e-01 9.885280747344529217e-01 -3.659338262921945869e-04
3.941250145435333252e-01 9.883547557148956164e-01 -3.684706230094467400e-04
3.991250097751617432e-01 9.881818218507628648e-01 -3.709658476465566338e-04
4.002578258514404297e-01 9.881427165966678583e-01 -3.721010713761555358e-04
4.051796793937683105e-01 9.879716117600887415e-01 -3.718702113570798435e-04
4.101015627384185791e-01 9.877971059458268144e-01 -3.628170360689578038e-04
4.150234460830688477e-01 9.876088082502428867e-01 -3.064595846738216471e-04
4.202968776226043701e-01 9.873756546905075870e-01 1.997986115551225221e-05
4.252187609672546387e-01 9.872007425280584503e-01 4.779137491028090292e-04
4.301406145095825195e-01 9.870590034890289743e-01 7.003996395258512081e-04
4.350624978542327881e-01 9.869125753209211371e-01 7.859315849156771122e-04
4.401601552963256836e-01 9.867530785896928558e-01 8.202395289416474855e-04
4.451699256896972656e-01 9.865916431814000243e-01 8.345046912990330100e-04
4.507070183753967285e-01 9.864101916695562355e-01 8.429715742811488702e-04
4.550576210021972656e-01 9.862664466894767168e-01 8.466464741794383882e-04
4.635115861892700195e-01 9.859870468360790730e-01 8.498973748534197461e-04
4.685116112232208252e-01 9.858216216598731929e-01 8.514547981501777553e-04
4.701717495918273926e-01 9.857663269780108095e-01 8.552273834385158181e-04
4.765987694263458252e-01 9.855525869102294001e-01 8.578731673927123122e-04
4.806032776832580566e-01 9.854197515957597853e-01 8.594025880242315164e-04
4.856032729148864746e-01 9.852541577988777055e-01 8.613645742480881967e-04
4.906032681465148926e-01 9.850888892648301809e-01 8.632914311643959332e-04
4.956032633781433105e-01 9.849237663158472156e-01 8.654798862438846472e-04
5.006032586097717285e-01 9.847592091214829590e-01 8.673780926183802253e-04
5.056032538414001465e-01 9.845947818479675595e-01 8.692233890726946575e-04
5.106032490730285645e-01 9.844308512222363916e-01 8.709773349301250765e-04
5.160207748413085938e-01 9.842551927059745021e-01 8.676746761165378928e-04
5.226949453353881836e-01 9.840392237124235830e-01 8.672035258749257293e-04
5.276949405670166016e-01 9.838777532900012668e-01 8.666092790843208217e-04
5.301461219787597656e-01 9.837997528665883840e-01 8.605293893583730851e-04
5.357820987701416016e-01 9.836208030221543774e-01 8.534632875147648689e-04
5.404540300369262695e-01 9.834737989637586386e-01 8.411351321400076112e-04
5.464608073234558105e-01 9.832874113810812222e-01 8.135192492157941211e-04
5.509659051895141602e-01 9.831494391252453280e-01 7.809338650265753657e-04
5.554710030555725098e-01 9.830127107924309104e-01 7.333587765117774394e-04
5.614777803421020508e-01 9.828308179182707605e-01 6.418040985070565122e-04
5.659828186035156250e-01 9.826925526494564300e-01 5.536890692181057521e-04
5.704879164695739746e-01 9.825502810270890786e-01 4.548272792843804945e-04
5.753684043884277344e-01 9.823873436969259298e-01 3.382150029790574304e-04
5.802489519119262695e-01 9.822038328014134345e-01 2.705068979862231427e-04
5.851294398307800293e-01 9.819780193089286957e-01 4.530927697241594020e-04
5.900099277496337891e-01 9.817626584555215752e-01 1.056099355508739865e-03
5.952658653259277344e-01 9.816068253079472949e-01 1.474669734061052244e-03
6.004279255867004395e-01 9.814694501351619582e-01 1.652214694138310356e-03
6.054961681365966797e-01 9.813422511741158871e-01 1.741996997796394983e-03
6.102476119995117188e-01 9.812433454725477677e-01 1.730560680518403692e-03
6.152366399765014648e-01 9.811608613977110815e-01 1.428177967163675628e-03
6.202256679534912109e-01 9.809991790476628726e-01 1.029367536162408741e-03
6.252146959304809570e-01 9.807349421551837532e-01 1.670907804931419383e-03
6.302037239074707031e-01 9.806286226724081345e-01 2.419438051140826700e-03
6.351927518844604492e-01 9.806330768382490737e-01 2.381261420134760717e-03
6.400035619735717773e-01 9.805141412117631683e-01 1.826480822862634268e-03
6.450520157814025879e-01 9.803531333444199802e-01 3.089623462750715893e-03
6.500410437583923340e-01 9.804861778222420110e-01 2.788840284670032667e-03
6.550300717353820801e-01 9.803207489603383840e-01 3.528899328720166376e-03
6.600190997123718262e-01 9.805795125915232058e-01 3.264315174397638963e-03
6.650080680847167969e-01 9.806359498397163588e-01 4.698132547203468998e-03
6.700862050056457520e-01 9.808686334729770362e-01 4.990285145487762149e-03
6.750307083129882812e-01 9.813322795186065761e-01 5.338009428862788494e-03
6.800419688224792480e-01 9.820373240300422912e-01 6.123885440365703890e-03
6.850532889366149902e-01 9.831408367064840004e-01 7.120568395236839647e-03
6.900646090507507324e-01 9.846768816888044062e-01 6.644035307105613034e-03
6.950341463088989258e-01 9.865978692464782984e-01 8.321216716858500714e-03
7.000516653060913086e-01 9.891769151180838104e-01 8.490719657013381938e-03
7.050128579139709473e-01 9.925313885085248478e-01 8.407064106153406061e-03
7.100075483322143555e-01 9.966629521282397430e-01 7.896342139313186625e-03
7.150141000747680664e-01 1.001564147276579053e+00 6.366532781849737130e-03
7.200087308883666992e-01 1.006751305584746348e+00 2.899602703426195152e-03
7.250034213066101074e-01 1.011791008106176282e+00 9.511326246215525467e-04
7.300337553024291992e-01 1.016603302149380994e+00 -1.842415419177732697e-03
7.350283861160278320e-01 1.020886471881958579e+00 -5.465285789563460034e-03
7.400230765342712402e-01 1.024560366275805823e+00 -1.041871798787140022e-02
7.450177073478698730e-01 1.027147020349179929e+00 -1.260404425542711697e-02
7.500480413436889648e-01 1.029474826020319034e+00 -1.681831378291770429e-02
7.550315260887145996e-01 1.030943829080332774e+00 -1.825151812051229588e-02
7.600533962249755859e-01 1.032051432881378350e+00 -2.048901544100996397e-02
7.650036811828613281e-01 1.032575719713588969e+00 -2.116265734612653854e-02
7.702030539512634277e-01 1.033084217016247752e+00 -2.094038212356936005e-02
7.750308513641357422e-01 1.033374274064953191e+00 -2.333712462641766849e-02
7.800823450088500977e-01 1.033691233022201450e+00 -2.334542435724378320e-02
7.853457331657409668e-01 1.033573957802592869e+00 -2.286689177803371414e-02
7.905976772308349609e-01 1.033434697395361646e+00 -2.269536631118848277e-02
7.957675457000732422e-01 1.033297283522748744e+00 -2.257654171634987383e-02
8.003862500190734863e-01 1.033191128053526864e+00 -2.249726235578601574e-02
8.050332665443420410e-01 1.033280948509916586e+00 -2.454923546832540882e-02
8.101307153701782227e-01 1.033562023512982986e+00 -2.581401723594481390e-02
8.153368830680847168e-01 1.033421745853147611e+00 -2.560242593000476574e-02
8.202690482139587402e-01 1.033274531709974964e+00 -2.560080652651579650e-02
8.259498476982116699e-01 1.033103434244791563e+00 -2.562380067392247898e-02
8.304086327552795410e-01 1.032969050015804191e+00 -2.564437608212088646e-02
8.394215106964111328e-01 1.032697509913052869e+00 -2.568736283675484081e-02
8.444215059280395508e-01 1.032546912299262321e+00 -2.571156865732681512e-02
8.494215011596679688e-01 1.032395607031485918e+00 -2.573492216027301396e-02
8.506715297698974609e-01 1.032358845881217846e+00 -2.574275196462437812e-02
8.562964797019958496e-01 1.032189819778221329e+00 -2.576782392418902959e-02
8.633277416229248047e-01 1.031978397092957467e+00 -2.580145591698982874e-02
8.650465011596679688e-01 1.031926823123065606e+00 -2.581024860990220257e-02
8.716968894004821777e-01 1.031727069357167181e+00 -2.584174289795511739e-02
8.752564787864685059e-01 1.031620195176866428e+00 -2.585929603392375306e-02
8.812525868415832520e-01 1.031440222551281316e+00 -2.588815735158137010e-02
8.871851563453674316e-01 1.031262081717523316e+00 -2.591696568733252090e-02
8.921851515769958496e-01 1.031112095929574313e+00 -2.594220350330002714e-02
8.971852064132690430e-01 1.030961995884992044e+00 -2.596767397894375606e-02
9.021852016448974609e-01 1.030810758802625848e+00 -2.599125092732157763e-02
9.053101539611816406e-01 1.030718544485488497e+00 -2.600742423016091931e-02
9.110230803489685059e-01 1.030547448863153859e+00 -2.603186731753142150e-02
9.195826649665832520e-01 1.030290721580026325e+00 -2.607246988637435675e-02
9.245826601982116699e-01 1.030141052762091558e+00 -2.609760404209008136e-02
9.251099824905395508e-01 1.030125287189575634e+00 -2.610266035881595240e-02
9.305894374847412109e-01 1.029961539005887605e+00 -2.612210471848934804e-02
9.353349804878234863e-01 1.029819803652556098e+00 -2.614058158247943228e-02
9.405175447463989258e-01 1.029664836643974457e+00 -2.616102799125339523e-02
9.451107978820800781e-01 1.029527614427649507e+00 -2.617790618380486795e-02
9.503442645072937012e-01 1.029371254225283971e+00 -2.619727452596028530e-02
9.550164341926574707e-01 1.029231623405419516e+00 -2.621386938049021648e-02
9.600333571434020996e-01 1.029081960116031702e+00 -2.622808695991258113e-02
9.654451012611389160e-01 1.028920930134501477e+00 -2.623989271081012334e-02
9.702670574188232422e-01 1.028777375889285306e+00 -2.624839976213980478e-02
9.750393629074096680e-01 1.028635810078054380e+00 -2.625259454699530037e-02
9.802718162536621094e-01 1.028481014454422304e+00 -2.624834217311103682e-02
9.850236773490905762e-01 1.028341120107162387e+00 -2.623632449458762617e-02
9.901440143585205078e-01 1.028191480774810262e+00 -2.620547290009576924e-02
9.952085614204406738e-01 1.028046485421738154e+00 -2.614635430672318517e-02
1.000000000000000000e+00 1.027913905341844014e+00 -2.603907516037208547e-02
