4.017489746093750000e+03 0.000000000000000000e+00
4.008286865234375000e+03 -1.217060344060882926e-04
3.994882324218750000e+03 -2.995200047735124826e-04
3.986879638671875000e+03 -4.059851053170859814e-04
3.978876953125000000e+03 -5.126273026689887047e-04
3.970874023437500000e+03 -5.972142680548131466e-04
3.962871337890625000e+03 -5.918828537687659264e-04
3.954868652343750000e+03 -5.843882099725306034e-04
3.946865722656250000e+03 -5.772301228716969490e-04
3.944864990234375000e+03 -5.755414604209363461e-04
3.937221679687500000e+03 -5.572825903072953224e-04
3.928873535156250000e+03 -5.366873228922486305e-04
3.916855712890625000e+03 -5.333116860128939152e-04
3.908852783203125000e+03 -5.337722250260412693e-04
3.903851074218750000e+03 -5.344343953765928745e-04
3.896958007812500000e+03 -5.137819098308682442e-04
3.889242919921875000e+03 -5.123752634972333908e-04
3.879628662109375000e+03 -5.123089067637920380e-04
3.873219238281250000e+03 -5.130399949848651886e-04
3.863604980468750000e+03 -5.150631768628954887e-04
3.851587158203125000e+03 -5.188169889152050018e-04
3.843584228515625000e+03 -5.218829028308391571e-04
3.835581298828125000e+03 -5.252650007605552673e-04
3.827578613281250000e+03 -5.288285901769995689e-04
3.819575683593750000e+03 -5.323420627973973751e-04
3.811572998046875000e+03 -5.353969172574579716e-04
3.806571044921875000e+03 -5.363238742575049400e-04
3.800944091796875000e+03 -4.798537993337959051e-04
3.793347656250000000e+03 -4.811842227354645729e-04
3.781952880859375000e+03 -4.839796456508338451e-04
3.774356445312500000e+03 -4.861541965510696173e-04
3.766760009765625000e+03 -4.885630332864820957e-04
3.759163574218750000e+03 -4.911891301162540913e-04
3.751567138671875000e+03 -4.940174403600394726e-04
3.743970703125000000e+03 -4.970341105945408344e-04
3.736374267578125000e+03 -5.002267425879836082e-04
3.728777832031250000e+03 -5.035838112235069275e-04
3.721181396484375000e+03 -5.070956540293991566e-04
3.707887451171875000e+03 -5.135966348461806774e-04
3.702190185546875000e+03 -5.164965987205505371e-04
3.696492919921875000e+03 -5.194812547415494919e-04
3.686989501953125000e+03 -5.246248911134898663e-04
3.680237060546875000e+03 -5.284172366373240948e-04
3.668420654296875000e+03 -5.352392909117043018e-04
3.663356201171875000e+03 -5.382656236179172993e-04
3.655759765625000000e+03 -5.429223529063165188e-04
3.648163330078125000e+03 -5.476769874803721905e-04
3.636768554687500000e+03 -5.550199421122670174e-04
3.631071289062500000e+03 -5.587894120253622532e-04
3.623068603515625000e+03 -5.641927127726376057e-04
3.615065673828125000e+03 -5.697081214748322964e-04
3.607062988281250000e+03 -5.753370351158082485e-04
3.599060058593750000e+03 -5.810761358588933945e-04
3.591057128906250000e+03 -5.869225715287029743e-04
3.583054443359375000e+03 -5.928735481575131416e-04
3.575051513671875000e+03 -5.989267956465482712e-04
3.567048828125000000e+03 -6.050799274817109108e-04
3.559045898437500000e+03 -6.113086128607392311e-04
3.551043212890625000e+03 -6.176792085170745850e-04
3.543040283203125000e+03 -6.241008522920310497e-04
3.535037353515625000e+03 -6.306360592134296894e-04
3.527034667968750000e+03 -6.372648640535771847e-04
3.519031738281250000e+03 -6.439846474677324295e-04
3.511029052734375000e+03 -6.507945363409817219e-04
3.503026123046875000e+03 -6.576934829354286194e-04
3.495023437500000000e+03 -6.646803230978548527e-04
3.487020507812500000e+03 -6.717543583363294601e-04
3.479017578125000000e+03 -6.789147737435996532e-04
3.471014892578125000e+03 -6.861608708277344704e-04
3.463011962890625000e+03 -6.934917764738202095e-04
3.455009277343750000e+03 -7.009279215708374977e-04
3.447006347656250000e+03 -7.084024837240576744e-04
3.439003662109375000e+03 -7.160102832131087780e-04
3.431000732421875000e+03 -7.236761157400906086e-04
3.422997802734375000e+03 -7.314241956919431686e-04
3.414995117187500000e+03 -7.392541156150400639e-04
3.406992187500000000e+03 -7.471651770174503326e-04
3.398989501953125000e+03 -7.551568560302257538e-04
3.390986572265625000e+03 -7.632288034074008465e-04
3.382983886718750000e+03 -7.713806699030101299e-04
3.374980957031250000e+03 -7.796113495714962482e-04
3.366978027343750000e+03 -7.879205513745546341e-04
3.358975341796875000e+03 -7.963075768202543259e-04
3.350972412109375000e+03 -8.047713199630379677e-04
3.342969726562500000e+03 -8.133113151416182518e-04
3.334966796875000000e+03 -8.219257579185068607e-04
3.326964111328125000e+03 -8.306148811243474483e-04
3.318961181640625000e+03 -8.393758325837552547e-04
3.310958496093750000e+03 -8.482082048431038857e-04
3.302955566406250000e+03 -8.571094949729740620e-04
3.294952636718750000e+03 -8.660795283503830433e-04
3.286949951171875000e+03 -8.751156274229288101e-04
3.278947021484375000e+03 -8.842168026603758335e-04
3.270944335937500000e+03 -8.933834615163505077e-04
3.262941406250000000e+03 -9.026165353134274483e-04
3.254938720703125000e+03 -9.119166061282157898e-04
3.246935791015625000e+03 -9.212899021804332733e-04
3.238933105468750000e+03 -9.307360742241144180e-04
3.230930175781250000e+03 -9.402621653862297535e-04
3.222927490234375000e+03 -9.498614235781133175e-04
3.214924560546875000e+03 -9.595487499609589577e-04
3.208922363281250000e+03 -9.668171987868845463e-04
3.196918212890625000e+03 -9.815550874918699265e-04
3.192416503906250000e+03 -9.871256770566105843e-04
3.178911865234375000e+03 -1.004000543616712093e-03
3.175535644531250000e+03 -1.008190447464585304e-03
3.167095214843750000e+03 -1.018911600112915039e-03
3.156966552734375000e+03 -1.031815772876143456e-03
3.151902343750000000e+03 -1.038313959725201130e-03
3.144305908203125000e+03 -1.048115896992385387e-03
3.133385986328125000e+03 -1.062307739630341530e-03
3.129113037109375000e+03 -1.067868899554014206e-03
3.120433593750000000e+03 -1.079297740943729877e-03
3.109617675781250000e+03 -1.093615894205868244e-03
3.105110839843750000e+03 -1.099612680263817310e-03
3.096027099609375000e+03 -1.111766905523836613e-03
3.087177490234375000e+03 -1.123657217249274254e-03
3.080578857421875000e+03 -1.132575212977826595e-03
3.071577392578125000e+03 -1.144870766438543797e-03
3.063772216796875000e+03 -1.155555015429854393e-03
3.055967041015625000e+03 -1.166293979622423649e-03
3.048162109375000000e+03 -1.177087542600929737e-03
3.040356933593750000e+03 -1.187934773042798042e-03
3.032551757812500000e+03 -1.198834273964166641e-03
3.024646972656250000e+03 -1.209892914630472660e-03
3.016412841796875000e+03 -1.221531885676085949e-03
3.008525878906250000e+03 -1.232700655236840248e-03
3.000905029296875000e+03 -1.243542414158582687e-03
2.992513671875000000e+03 -1.255529816262423992e-03
2.984470703125000000e+03 -1.267070882022380829e-03
2.976123779296875000e+03 -1.279098330996930599e-03
2.968603271484375000e+03 -1.289976644329726696e-03
2.960136962890625000e+03 -1.302275457419455051e-03
2.953081787109375000e+03 -1.312554930336773396e-03
2.944615478515625000e+03 -1.324931508861482143e-03
2.936149169921875000e+03 -1.337349996902048588e-03
2.929093994140625000e+03 -1.347729819826781750e-03
2.920627929687500000e+03 -1.360223395749926567e-03
2.912161621093750000e+03 -1.372757251374423504e-03
2.903695312500000000e+03 -1.385330804623663425e-03
2.896640136718750000e+03 -1.395838800817728043e-03
2.888173828125000000e+03 -1.408483716659247875e-03
2.879707763671875000e+03 -1.421167748048901558e-03
2.872828857421875000e+03 -1.431492273695766926e-03
2.864891845703125000e+03 -1.443438464775681496e-03
2.856557861328125000e+03 -1.455910853110253811e-03
2.848893554687500000e+03 -1.466720714233815670e-03
2.840668945312500000e+03 -1.469376729801297188e-03
2.832625488281250000e+03 -1.445893896743655205e-03
2.824831542968750000e+03 -1.435251208022236824e-03
2.816364257812500000e+03 -1.428900402970612049e-03
2.809036132812500000e+03 -1.424523536115884781e-03
2.800947509765625000e+03 -1.420528744347393513e-03
2.792356689453125000e+03 -1.417052932083606720e-03
2.784443603515625000e+03 -1.414410420693457127e-03
2.777051025390625000e+03 -1.412386773154139519e-03
2.769004150390625000e+03 -1.410545315593481064e-03
2.760561279296875000e+03 -1.408946933224797249e-03
2.752810058593750000e+03 -1.407614792697131634e-03
2.745022705078125000e+03 -1.406147028319537640e-03
2.736636474609375000e+03 -1.404388342052698135e-03
2.728998779296875000e+03 -1.403389149345457554e-03
2.720912109375000000e+03 -1.403273548930883408e-03
2.712825195312500000e+03 -1.402946072630584240e-03
2.704963134765625000e+03 -1.402563764713704586e-03
2.696876220703125000e+03 -1.402434194460511208e-03
2.688789306640625000e+03 -1.402592752128839493e-03
2.680702636718750000e+03 -1.402986468747258186e-03
2.672952636718750000e+03 -1.403537578880786896e-03
2.664865722656250000e+03 -1.404260168783366680e-03
2.656857910156250000e+03 -1.405099988915026188e-03
2.648718261718750000e+03 -1.406042021699249744e-03
2.640802001953125000e+03 -1.407091505825519562e-03
2.632862792968750000e+03 -1.408202457241714001e-03
2.624829833984375000e+03 -1.409397809766232967e-03
2.616873535156250000e+03 -1.410642289556562901e-03
2.608866210937500000e+03 -1.411971170455217361e-03
2.600692626953125000e+03 -1.413332764059305191e-03
2.592790039062500000e+03 -1.414737198501825333e-03
2.584917236328125000e+03 -1.416147220879793167e-03
2.576931152343750000e+03 -1.417596475221216679e-03
2.568696044921875000e+03 -1.419137581251561642e-03
2.560856689453125000e+03 -1.420625951141119003e-03
2.552891113281250000e+03 -1.422134460881352425e-03
2.544771728515625000e+03 -1.423729816451668739e-03
2.536903076171875000e+03 -1.425299327820539474e-03
2.528913574218750000e+03 -1.426928327418863773e-03
2.520899902343750000e+03 -1.428632298484444618e-03
2.512881347656250000e+03 -1.430437201634049416e-03
2.504907714843750000e+03 -1.432317192666232586e-03
2.496853515625000000e+03 -1.434388337656855583e-03
2.488855957031250000e+03 -1.436529564671218395e-03
2.480906738281250000e+03 -1.438726321794092655e-03
2.472898925781250000e+03 -1.440982916392385960e-03
2.464821533203125000e+03 -1.443300629034638405e-03
2.456914062500000000e+03 -1.445598551072180271e-03
2.448889892578125000e+03 -1.447958406060934067e-03
2.440845458984375000e+03 -1.450349809601902962e-03
2.432766845703125000e+03 -1.452776137739419937e-03
2.424922363281250000e+03 -1.455154037103056908e-03
2.416924804687500000e+03 -1.457600737921893597e-03
