0.000000000000000000e+00 1.000000000000000000e+00 0.000000000000000000e+00
5.750000011175870895e-03 9.997770733044033520e-01 -1.031816839826558678e-08
1.412499975413084030e-02 9.994504527410494887e-01 -2.460874063585384146e-08
1.912499964237213135e-02 9.992546160937990640e-01 -3.170052067359342181e-08
2.412500046193599701e-02 9.990580869818528331e-01 -3.588726061298698976e-08
2.912499941885471344e-02 9.988608130511995586e-01 -3.278723589635392861e-08
3.412500023841857910e-02 9.986627645053545166e-01 -6.158322689321163558e-09
3.912499919533729553e-02 9.984663004973258760e-01 3.745840567307333175e-07
4.412499815225601196e-02 9.983269490644584021e-01 2.298562948926772374e-06
4.912500083446502686e-02 9.981949586709495392e-01 3.456312526349456322e-06
5.412499979138374329e-02 9.980548458865292627e-01 4.297639558002367324e-06
5.912499874830245972e-02 9.977274832132397853e-01 2.907770143112169330e-06
6.412500143051147461e-02 9.974221482683232054e-01 2.891283407515456617e-06
6.912499666213989258e-02 9.971402029099124542e-01 3.204776984835581643e-06
7.412499934434890747e-02 9.968660199560451796e-01 3.648919110842246352e-06
7.537499815225601196e-02 9.967987587356192947e-01 3.781240801970008145e-06
8.028222620487213135e-02 9.965403561494026174e-01 4.448340503347492202e-06
8.512719720602035522e-02 9.962970247931858259e-01 8.061742565132145151e-06
9.046655148267745972e-02 9.959626081057557645e-01 6.876546564812057336e-06
9.580590575933456421e-02 9.956217561249168790e-01 6.235396192134536149e-06
1.021463945508003235e-01 9.952086330043931062e-01 6.024046170723193160e-06
1.066514775156974792e-01 9.949094583658932844e-01 5.997855573834215099e-06
1.116514727473258972e-01 9.945710913558197808e-01 6.049226998669860264e-06
1.166514754295349121e-01 9.942253598503688616e-01 6.191738508094419480e-06
1.216514706611633301e-01 9.938712412416643716e-01 6.419377096807338265e-06
1.266514807939529419e-01 9.935051517318441716e-01 6.806784483670721694e-06
1.316514760255813599e-01 9.931224893986536628e-01 7.309688184041818010e-06
1.350889801979064941e-01 9.928174944512407896e-01 8.014931063460557054e-06
1.401579380035400391e-01 9.924718118904853892e-01 8.906750418939038863e-06
1.461647152900695801e-01 9.920751072867727283e-01 8.454568224368903440e-06
1.501692384481430054e-01 9.918092127995207230e-01 7.687159335052814454e-06
1.561760157346725464e-01 9.914082234800153381e-01 5.548573158367607165e-06
1.601805239915847778e-01 9.911394378931118743e-01 3.331892254391099553e-06
1.661873012781143188e-01 9.907339815294824437e-01 -1.062228810498226342e-06
1.701918244361877441e-01 9.904621157893703787e-01 -4.280166541765299115e-06
1.761985868215560913e-01 9.900518949772072475e-01 -8.084306841849347441e-06
1.812042444944381714e-01 9.897077106472094155e-01 -8.771642057423960741e-06
1.857093274593353271e-01 9.893961219899685133e-01 -6.336496228919557282e-06
1.916468143463134766e-01 9.889826633554246182e-01 9.107574260447914901e-07
1.958655714988708496e-01 9.886871875908653795e-01 8.472473151711829018e-06
2.018030732870101929e-01 9.882688314977752242e-01 1.925810529366062549e-05
2.060218155384063721e-01 9.879700880209449920e-01 2.635541818050866488e-05
2.102405726909637451e-01 9.876700204219688306e-01 3.213921414066131733e-05
2.186780720949172974e-01 9.870662872284563516e-01 3.950941457570941880e-05
2.228968143463134766e-01 9.867626433040905809e-01 4.128594020788396230e-05
2.271155714988708496e-01 9.864578202235476656e-01 4.208603842835234788e-05
2.313343137502670288e-01 9.861517626905301759e-01 4.210086661618089616e-05
2.355530709028244019e-01 9.858445185288626789e-01 4.153705615254737316e-05
2.439905703067779541e-01 9.852263178811367927e-01 3.933916041713269966e-05
2.482093274593353271e-01 9.849154107133974989e-01 3.794918564694635496e-05
2.524280846118927002e-01 9.846030972263137837e-01 3.633338020317234367e-05
2.566468119621276855e-01 9.842895836601295301e-01 3.474858843964997979e-05
2.608655691146850586e-01 9.839747803451732722e-01 3.312041036178970272e-05
2.658655643463134766e-01 9.836000388329455557e-01 3.115687223769775672e-05
2.708655595779418945e-01 9.832234486309952004e-01 2.925855588317501126e-05
2.758655846118927002e-01 9.828450889475315311e-01 2.740057555632072789e-05
2.808655798435211182e-01 9.824649552990709633e-01 2.556002309343373665e-05
2.858655750751495361e-01 9.820830372241522443e-01 2.375802793243606304e-05
2.908655703067779541e-01 9.816993601291816862e-01 2.200507999458929488e-05
2.958655655384063721e-01 9.813138941242692814e-01 2.030662309294466029e-05
3.008655607700347900e-01 9.809267094506572970e-01 1.866480994177845373e-05
3.058655560016632080e-01 9.805377493175539971e-01 1.707830695283984952e-05
3.108655810356140137e-01 9.801470869551909271e-01 1.554214646428619275e-05
3.158655762672424316e-01 9.797547268470516713e-01 1.405051797190562439e-05
3.208655714988708496e-01 9.793608274095555455e-01 1.273852710071203171e-05
3.258655667304992676e-01 9.789651525125681042e-01 1.131785882091428885e-05
3.308655619621276855e-01 9.785678217156510428e-01 9.915836148117244017e-06
3.358655571937561035e-01 9.781688903151015690e-01 8.568723196205733802e-06
3.408655822277069092e-01 9.777683822228322441e-01 7.305545121227025440e-06
3.458655774593353271e-01 9.773663542296346929e-01 6.172511394589000687e-06
3.508655726909637451e-01 9.769628332364103107e-01 5.310228464798408509e-06
3.558655679225921631e-01 9.765578685614784149e-01 4.813414847844961647e-06
3.608655631542205811e-01 9.761514811277622883e-01 4.912092168902089577e-06
3.658655583858489990e-01 9.757437471544824215e-01 5.913835865364252123e-06
3.708655834197998047e-01 9.753347069929908519e-01 8.218368035572398757e-06
3.758655786514282227e-01 9.749244293900357627e-01 1.233325857052490081e-05
3.808655738830566406e-01 9.745129681474198335e-01 1.890399109254738155e-05
3.883655667304992676e-01 9.738934224546247354e-01 3.426857694005638931e-05
3.921155631542205811e-01 9.735825944950950994e-01 4.413612296368769964e-05
3.958655595779418945e-01 9.732709864094255536e-01 5.471738863528416956e-05
4.033655822277069092e-01 9.726452594872903035e-01 7.296509741569241899e-05
4.071155786514282227e-01 9.723309912013726741e-01 7.758711361628204653e-05
4.108655750751495361e-01 9.720157843728957081e-01 7.789221525659289732e-05
4.183655679225921631e-01 9.713824235727457346e-01 6.841844810678256378e-05
4.221155643463134766e-01 9.710641470525219754e-01 6.253325565554835935e-05
4.258655607700347900e-01 9.707451083400924219e-01 5.848578794929586459e-05
4.333655834197998047e-01 9.701036623245821167e-01 5.934294404409073915e-05
4.371155798435211182e-01 9.697813686030851699e-01 6.402431313134547412e-05
4.408655762672424316e-01 9.694580915041932645e-01 7.068936464018265925e-05
4.483655691146850586e-01 9.688087216787308886e-01 8.715297315309843715e-05
4.521155655384063721e-01 9.684827993245364031e-01 9.578414604315912300e-05
4.558655619621276855e-01 9.681560729322891135e-01 1.041830155221302003e-04
4.633655846118927002e-01 9.675003305821882060e-01 1.193816453422785452e-04
4.671155810356140137e-01 9.671713415252357615e-01 1.259490074069913171e-04
4.708655774593353271e-01 9.668416470668692586e-01 1.318093232379954362e-04
4.783655703067779541e-01 9.661796218618006193e-01 1.412990715548060564e-04
4.833655655384063721e-01 9.657377147767967074e-01 1.459652512360740074e-04
4.883655607700347900e-01 9.652940142983670313e-01 1.493773836346961573e-04
4.933655560016632080e-01 9.648483380981802693e-01 1.515772532996421550e-04
4.983655810356140137e-01 9.644030564445472686e-01 1.528262070413901393e-04
5.033655762672424316e-01 9.639557452673542803e-01 1.527995571683833285e-04
5.083655714988708496e-01 9.635072534394895083e-01 1.515350309104807232e-04
5.133655667304992676e-01 9.630575929169090665e-01 1.489699003628722467e-04
5.183655619621276855e-01 9.626067487546675627e-01 1.449678074951620140e-04
5.233655571937561035e-01 9.621548046444585722e-01 1.394100392366833419e-04
5.283655524253845215e-01 9.617017635752708182e-01 1.321394693372765657e-04
5.333655476570129395e-01 9.612477361396990494e-01 1.229192700372036507e-04
5.358655452728271484e-01 9.610200887562362349e-01 1.174072560787667893e-04
5.408655405044555664e-01 9.605641842355456816e-01 1.048769849287774697e-04
5.464905500411987305e-01 9.600502245806806778e-01 8.815396339956389511e-05
5.502405762672424316e-01 9.597072052091621952e-01 7.557482198683451984e-05
5.558655858039855957e-01 9.591919752339540528e-01 5.521782902849292569e-05
5.614905953407287598e-01 9.586764045139950507e-01 3.443070551440718398e-05
5.652405619621276855e-01 9.583326050163366583e-01 2.228237695838748957e-05
5.708655714988708496e-01 9.578168071332104905e-01 9.573537247012808854e-06
5.764905810356140137e-01 9.573005728576839957e-01 7.210440758568299254e-06
5.802405476570129395e-01 9.569559155201702305e-01 1.269396226652455485e-05
5.858655571937561035e-01 9.564376307981605763e-01 3.038483410052057507e-05
5.914905667304992676e-01 9.559171521581936171e-01 5.360365089076506146e-05
5.952405929565429688e-01 9.555685553331215720e-01 6.713687527074635919e-05
6.008655428886413574e-01 9.550432195859605011e-01 7.776861297045118955e-05
6.064905524253845215e-01 9.545149994643731262e-01 7.462735040647860204e-05
6.102405786514282227e-01 9.541606488353941984e-01 6.534180345778134154e-05
6.155139803886413574e-01 9.536608599775802109e-01 4.821484151362905973e-05
6.207874417304992676e-01 9.531590774640747998e-01 2.982629596252983240e-05
6.250061988830566406e-01 9.527558987100958054e-01 1.543957510202334852e-05
6.300159692764282227e-01 9.522771194562622554e-01 1.175510268348262826e-07
6.383216381072998047e-01 9.514796870695855224e-01 -2.376259424076958491e-05
6.418811678886413574e-01 9.511363149973600661e-01 -3.346418423704021884e-05
6.454407572746276855e-01 9.507926141363400863e-01 -4.316605518076725641e-05
6.504407525062561035e-01 9.503091272247642385e-01 -5.831448297425885740e-05
6.554407477378845215e-01 9.498227529497734745e-01 -7.456088626536519156e-05
6.604407429695129395e-01 9.493348423344147857e-01 -9.391530545521436981e-05
6.654407382011413574e-01 9.488453355989072691e-01 -1.158650296792227460e-04
6.704407930374145508e-01 9.483541669854922418e-01 -1.411328090393111341e-04
6.754407882690429688e-01 9.478613484501254849e-01 -1.708802116722831800e-04
6.804407835006713867e-01 9.473666528296400546e-01 -2.069435904238529976e-04
6.854407787322998047e-01 9.468702534854003261e-01 -2.515488810450509732e-04
6.905969977378845215e-01 9.463564462689765255e-01 -3.121584858179793126e-04
6.958704590797424316e-01 9.458293798971595390e-01 -3.874796086030188737e-04
7.000892162322998047e-01 9.454068384721626694e-01 -4.614852551265047516e-04
7.053626179695129395e-01 9.448777096979064094e-01 -5.747634446819429059e-04
7.104383111000061035e-01 9.443673816647282226e-01 -7.087996377300445280e-04
7.157776951789855957e-01 9.438306728142599189e-01 -8.722989729639364989e-04
7.202271223068237305e-01 9.433836575469820573e-01 -1.027648876276119087e-03
7.255665063858032227e-01 9.428478513712047482e-01 -1.239245715500909102e-03
7.304052710533142090e-01 9.423620210922196705e-01 -1.461277629205926052e-03
7.356612086296081543e-01 9.418334901157718875e-01 -1.736551377261887552e-03
7.401663064956665039e-01 9.413785420715751195e-01 -2.019475419420920480e-03
7.454222440719604492e-01 9.408443858177492070e-01 -2.423349720490667551e-03
7.506781816482543945e-01 9.403058118381182329e-01 -2.946125305130946510e-03
7.551832199096679688e-01 9.398402887506887016e-01 -3.549383623009213801e-03
7.604391574859619141e-01 9.392917674155241148e-01 -4.574392731579697037e-03
7.656950950622558594e-01 9.387341236858013360e-01 -6.262055340056088201e-03
7.702001929283142090e-01 9.382397986999571060e-01 -8.824503503513617120e-03
7.751275897026062012e-01 9.376417976401812959e-01 -1.447674810127460091e-02
7.801958322525024414e-01 9.367712904493910031e-01 -2.759826988945044551e-02
7.851056456565856934e-01 9.353693350288473374e-01 -4.718618738546193764e-02
7.902877330780029297e-01 9.337737110522772443e-01 -6.309195433494275973e-02
7.951459884643554688e-01 9.323734653334658784e-01 -7.398403963542941886e-02
8.000429272651672363e-01 9.310014595831292983e-01 -8.320273942041350734e-02
8.051520586013793945e-01 9.295977585929847686e-01 -9.162834832530530882e-02
8.100634813308715820e-01 9.282666840585974688e-01 -9.893465555846749082e-02
8.151237964630126953e-01 9.269115780523078385e-01 -1.058502720338707487e-01
8.201398849487304688e-01 9.255808143727810577e-01 -1.122191650510184630e-01
8.251560330390930176e-01 9.242650853081384454e-01 -1.181569337611333842e-01
8.301721215248107910e-01 9.229827731409923075e-01 -1.235597855197110712e-01
8.351882100105285645e-01 9.217981590696927574e-01 -1.280154565405775546e-01
8.401207327842712402e-01 9.205338705064735061e-01 -1.327610296086863262e-01
8.451368808746337891e-01 9.191307254682909988e-01 -1.377660618706384732e-01
8.500275611877441406e-01 9.177766954980564051e-01 -1.411024909995561849e-01
8.551063537597656250e-01 9.160982884809623084e-01 -1.432688803677460709e-01
8.600911498069763184e-01 9.143383777106544041e-01 -1.454481074438739585e-01
8.650828599929809570e-01 9.127612794881703184e-01 -1.485853055081568230e-01
8.700255155563354492e-01 9.112923826690284557e-01 -1.520840516870332337e-01
8.751457929611206055e-01 9.097944986341515161e-01 -1.558052533754055446e-01
8.800384998321533203e-01 9.083685834774424261e-01 -1.593631516474351140e-01
8.841565251350402832e-01 9.071690902186887451e-01 -1.623313074364134412e-01
