0.000000000000000000e+00 1.000000000000000000e+00 0.000000000000000000e+00
5.750000011175870895e-03 9.999105402956838251e-01 -7.461389963422870402e-08
1.412499975413084030e-02 9.997819330813229044e-01 -1.993935586432453997e-07
1.912499964237213135e-02 9.997061642759664801e-01 -2.871959486803048840e-07
2.412500046193599701e-02 9.996311463019698085e-01 -3.905651094346950606e-07
2.912499941885471344e-02 9.995568746529915893e-01 -5.180296583150643511e-07
3.412500023841857910e-02 9.994833435413342793e-01 -6.861169681915842597e-07
3.912499919533729553e-02 9.994105458259582297e-01 -9.310370899403944336e-07
4.412499815225601196e-02 9.993384597382106715e-01 -1.392796565891032032e-06
4.912500083446502686e-02 9.992669881829894241e-01 -2.591697789350713595e-06
5.412499979138374329e-02 9.991906927979510300e-01 -1.280033816965881793e-05
5.912499874830245972e-02 9.990703568366414711e-01 -3.817710341606739380e-05
6.412500143051147461e-02 9.989413307484797944e-01 -5.399823584706311166e-05
6.912499666213989258e-02 9.988105919050133119e-01 -6.614508926148576025e-05
7.412499934434890747e-02 9.986779336192181944e-01 -7.637261732476920432e-05
7.912500202655792236e-02 9.985438090015724688e-01 -8.534227052460546727e-05
8.412499725818634033e-02 9.984080320395133379e-01 -9.341348088593874393e-05
8.912499994039535522e-02 9.982705620751864961e-01 -1.007974471734917617e-04
9.412500262260437012e-02 9.981313352999480193e-01 -1.076328329705961601e-04
9.912499785423278809e-02 9.979902735078967080e-01 -1.140168467581560111e-04
1.041250005364418030e-01 9.978472900851336203e-01 -1.200203770312710104e-04
1.091250032186508179e-01 9.977022912767198326e-01 -1.256969545918386376e-04
1.141249984502792358e-01 9.975551833277164215e-01 -1.310888623845750086e-04
1.191250011324882507e-01 9.974058745563894046e-01 -1.362293670718796464e-04
1.241249963641166687e-01 9.972540783997319025e-01 -1.411454815075593202e-04
1.291249990463256836e-01 9.971001445383265160e-01 -1.458610421505527200e-04
1.341249942779541016e-01 9.969437454057776815e-01 -1.503967810512165022e-04
1.391250044107437134e-01 9.967848469093801844e-01 -1.547670234804568001e-04
1.441249996423721313e-01 9.966234218671126133e-01 -1.589868775600396494e-04
1.491249948740005493e-01 9.964594606040180214e-01 -1.630685179705780954e-04
1.541250050067901611e-01 9.962929774021755946e-01 -1.670230845898245959e-04
1.591250002384185791e-01 9.961240210970819797e-01 -1.708604035458127063e-04
1.641249954700469971e-01 9.959526596437905388e-01 -1.745894731242875555e-04
1.691250056028366089e-01 9.957789983150464597e-01 -1.782182838029907452e-04
1.741250008344650269e-01 9.956031596603024392e-01 -1.817544121385196638e-04
1.791249960660934448e-01 9.954252901860481950e-01 -1.852042469137532620e-04
1.841250061988830566e-01 9.952455548272617358e-01 -1.885740329389986702e-04
1.891250014305114746e-01 9.950641180582092682e-01 -1.918693131582748402e-04
1.941249966621398926e-01 9.948811627816462888e-01 -1.950954685464573310e-04
1.991250067949295044e-01 9.946968571575366402e-01 -1.982570522361331395e-04
2.041250020265579224e-01 9.945113886957583915e-01 -2.013580954593160760e-04
2.091249972581863403e-01 9.943249140384692319e-01 -2.044025574617339862e-04
2.141250073909759521e-01 9.941375925921012158e-01 -2.073938935851129390e-04
2.191250026226043701e-01 9.939495717845676648e-01 -2.103352892226067181e-04
2.241249978542327881e-01 9.937609870652645006e-01 -2.132295158462247861e-04
2.291249930858612061e-01 9.935719554550981325e-01 -2.160788050308319814e-04
2.341250032186508179e-01 9.933825976606728281e-01 -2.188857122895798192e-04
2.391249984502792358e-01 9.931930076672834673e-01 -2.216520552761888706e-04
2.441249936819076538e-01 9.930032702459804517e-01 -2.243796156512366431e-04
2.491250038146972656e-01 9.928134697071019366e-01 -2.270701570787291533e-04
2.541249990463256836e-01 9.926236714717846521e-01 -2.297250652946711865e-04
2.591249942779541016e-01 9.924339271397982776e-01 -2.323456540487814554e-04
2.641249895095825195e-01 9.922443095036751481e-01 -2.349331651044928439e-04
2.691250145435333252e-01 9.920548535775447485e-01 -2.374886062698087705e-04
2.741250097751617432e-01 9.918655948362488095e-01 -2.400130573390186724e-04
2.791250050067901611e-01 9.916765802724348822e-01 -2.425072201784106202e-04
2.841250002384185791e-01 9.914878310788657334e-01 -2.449716706782723279e-04
2.891249954700469971e-01 9.912993758196991800e-01 -2.474073446603212772e-04
2.941249907016754150e-01 9.911112356876981000e-01 -2.498144940765583701e-04
2.991249859333038330e-01 9.909234327970495304e-01 -2.521936588241282303e-04
3.041250109672546387e-01 9.907359864976671426e-01 -2.545454867796045364e-04
3.091250061988830566e-01 9.905489004752485727e-01 -2.568694200492711464e-04
3.141250014305114746e-01 9.903621968439810797e-01 -2.591662504822735591e-04
3.191249966621398926e-01 9.901758783681380294e-01 -2.614355281643245790e-04
3.241249918937683105e-01 9.899899561048129959e-01 -2.636771991057096517e-04
3.291249871253967285e-01 9.898044328182791229e-01 -2.658908673818560818e-04
3.341250121593475342e-01 9.896193112728101093e-01 -2.680755971710463339e-04
3.391250073909759521e-01 9.894346052897725619e-01 -2.702310285418505864e-04
3.441250026226043701e-01 9.892503074977708755e-01 -2.723556317856922339e-04
3.491249978542327881e-01 9.890664206610786380e-01 -2.744481111494239192e-04
3.541249930858612061e-01 9.888829457011200086e-01 -2.765068469416116087e-04
3.591249883174896240e-01 9.886998964392621492e-01 -2.785296975702479462e-04
3.641250133514404297e-01 9.885172387827998453e-01 -2.805137115976085046e-04
3.691250085830688477e-01 9.883350012958913577e-01 -2.824551817299663400e-04
3.702578246593475342e-01 9.882937518870772431e-01 -2.837255057217418527e-04
3.750039041042327881e-01 9.881202753039373121e-01 -2.847183045845676848e-04
3.802773356437683105e-01 9.879260666704408056e-01 -2.836678447066873893e-04
3.850234448909759521e-01 9.877473213822369758e-01 -2.754889248649855429e-04
3.902968764305114746e-01 9.875365713368291498e-01 -2.297500085427565367e-04
3.950429558753967285e-01 9.873344181816359200e-01 -9.725738658709226101e-05
4.003164172172546387e-01 9.871295394528891709e-01 1.072507747561459346e-04
4.050624966621398926e-01 9.869671347060642308e-01 2.377341694877919357e-04
4.103359282016754150e-01 9.867922326792841758e-01 3.195712747781172995e-04
4.150820374488830566e-01 9.866340019852642973e-01 3.587547419727712288e-04
4.200918078422546387e-01 9.864650422248286699e-01 3.806763297117850406e-04
4.252333939075469971e-01 9.862898434993725427e-01 3.921438890378832042e-04
4.317592680454254150e-01 9.860656360497221939e-01 3.986970885940219786e-04
4.370986223220825195e-01 9.858812230796629716e-01 4.011761163167907218e-04
4.424379765987396240e-01 9.856960480915750722e-01 4.029928702087217794e-04
4.451076686382293701e-01 9.856033417337759506e-01 4.031308679189083170e-04
4.517818689346313477e-01 9.853712883548461088e-01 4.047792098948344995e-04
4.567874968051910400e-01 9.851972966954327671e-01 4.050296141905485189e-04
4.612925946712493896e-01 9.850408968718156189e-01 4.050724460306950989e-04
4.662925899028778076e-01 9.848675161168195524e-01 4.051043719485186321e-04
4.712925851345062256e-01 9.846943417609026472e-01 4.051705993316023573e-04
4.762925803661346436e-01 9.845213885468562243e-01 4.052720640016638644e-04
4.812925755977630615e-01 9.843486564746800616e-01 4.054124012661440785e-04
4.862926006317138672e-01 9.841761455443747142e-01 4.055948145147683019e-04
4.912925958633422852e-01 9.840038428559971795e-01 4.058177920355312846e-04
4.962925910949707031e-01 9.838317723665837011e-01 4.060760068432720492e-04
5.012925863265991211e-01 9.836599230190407051e-01 4.063598487688147433e-04
5.062925815582275391e-01 9.834882948133680802e-01 4.066555684315409478e-04
5.112925767898559570e-01 9.833168859067169532e-01 4.069468249445376377e-04
5.162925720214843750e-01 9.831457073561811200e-01 4.072142180037383063e-04
5.208238363265991211e-01 9.829909854465060937e-01 4.063201843252504291e-04
5.275035500526428223e-01 9.827632922481223110e-01 4.057601310204768754e-04
5.304698348045349121e-01 9.826625160548998483e-01 4.031761472927775200e-04
5.355867147445678711e-01 9.824890339432131858e-01 4.009520949948813112e-04
5.405610799789428711e-01 9.823208297508350118e-01 3.960391389574981712e-04
5.456292629241943359e-01 9.821503477971911256e-01 3.883578783072135074e-04
5.506975054740905762e-01 9.819808112250434373e-01 3.768470192301100500e-04
5.557657480239868164e-01 9.818122513628235737e-01 3.590771325544458450e-04
5.616786479949951172e-01 9.816169480770682298e-01 3.308367685995240205e-04
5.650046467781066895e-01 9.815082236764511858e-01 3.045119957071571728e-04
5.707064270973205566e-01 9.813220590784930142e-01 2.505501039362184016e-04
5.771208405494689941e-01 9.811138650645381265e-01 1.602684314124250210e-04
5.813971757888793945e-01 9.809739707172780987e-01 8.655648120647466733e-05
5.856734514236450195e-01 9.808325265340759325e-01 1.371121101513288925e-06
5.903506875038146973e-01 9.806746773097826386e-01 -9.831338041070578971e-05
5.951615571975708008e-01 9.805076893976920616e-01 -1.909732458672085804e-04
6.011750698089599609e-01 9.802902921962276528e-01 -2.844885243597814026e-04
6.050838828086853027e-01 9.801404206649116935e-01 -3.208252758795512513e-04
6.105712652206420898e-01 9.799157313102686562e-01 -2.809782211043408695e-04
6.153069734573364258e-01 9.797134288843126759e-01 -1.316738139460052253e-04
6.200426220893859863e-01 9.795292416632463972e-01 5.771327259891850992e-05
6.254548430442810059e-01 9.793405707907562041e-01 1.985231675387580505e-04
6.305287480354309082e-01 9.791713456600760201e-01 2.729520201683044434e-04
6.356027126312255859e-01 9.790023951138850933e-01 3.150825339239000499e-04
6.406766772270202637e-01 9.788331497118669677e-01 3.407120272733163229e-04
6.457505822181701660e-01 9.786635338972156095e-01 3.573154121781317171e-04
6.503171324729919434e-01 9.785105995509935095e-01 3.684920749226630122e-04
6.575474739074707031e-01 9.782682077896192041e-01 3.814625279339039512e-04
6.625474691390991211e-01 9.781004808951114793e-01 3.890866314731358474e-04
6.675475239753723145e-01 9.779328277145606929e-01 3.963575343003019865e-04
6.725475192070007324e-01 9.777651763768588911e-01 4.032408269707131758e-04
6.775475144386291504e-01 9.775974789679338084e-01 4.098025569017382840e-04
6.825475096702575684e-01 9.774297502305773211e-01 4.161215130833612074e-04
6.875475049018859863e-01 9.772623200347458905e-01 4.219083826323062375e-04
6.912974715232849121e-01 9.771367980662175601e-01 4.262468881077236720e-04
6.962193846702575684e-01 9.769723993568604214e-01 4.323234664645172142e-04
7.004381418228149414e-01 9.768319152979458853e-01 4.387661310785634697e-04
7.067662477493286133e-01 9.766223557329407612e-01 4.497841720419805444e-04
7.109850049018859863e-01 9.764840554499972791e-01 4.581314498099727656e-04
7.152037620544433594e-01 9.763477896722617677e-01 4.669987205146015311e-04
7.215318679809570312e-01 9.761512535205785213e-01 4.744412746406407753e-04
7.254869341850280762e-01 9.760383274244224250e-01 4.587755471036053913e-04
7.302330732345581055e-01 9.759214852743103297e-01 3.486378973232950981e-04
7.353746294975280762e-01 9.757998388170620041e-01 -1.202134532485031275e-05
7.402195930480957031e-01 9.756399550875605176e-01 -3.906283977526973298e-04
7.452623248100280762e-01 9.754324650418931819e-01 -5.217665707431553244e-04
7.500084638595581055e-01 9.752250136960531890e-01 -4.193930018351273744e-04
7.552736401557922363e-01 9.750066121419271870e-01 -2.074358435932564836e-04
7.606129646301269531e-01 9.748089518524022390e-01 -3.954073513187647874e-05
7.655352354049682617e-01 9.746413944999952061e-01 5.692344356850149263e-05
7.707442045211791992e-01 9.744743162883077181e-01 1.306599860893931477e-04
7.758124470710754395e-01 9.743256794657684239e-01 1.850546954046700804e-04
7.805638909339904785e-01 9.742215400732657793e-01 1.818132429307209655e-04
7.853153347969055176e-01 9.741662066915761642e-01 -2.665765367556309127e-04
7.900667786598205566e-01 9.739841645466531528e-01 -8.361156723925457354e-04
7.957684993743896484e-01 9.736830762043091614e-01 -4.220318751058716768e-04
8.005200028419494629e-01 9.735261097046488121e-01 -1.586490639165979717e-04
8.052714467048645020e-01 9.734526887608035972e-01 -4.963898482386040924e-05
8.100228905677795410e-01 9.734357935218994617e-01 -7.252626948886447362e-04
8.150119185447692871e-01 9.732057857052716088e-01 -9.714244068532750572e-04
8.200009465217590332e-01 9.729983749021078321e-01 -5.380614944126294865e-04
8.252275586128234863e-01 9.729278822451974396e-01 -4.063386488075993461e-04
8.301126360893249512e-01 9.729580552105743241e-01 -1.310384359912595978e-03
8.351238965988159180e-01 9.727081501541506858e-01 -1.114454174387282141e-03
8.401352167129516602e-01 9.726490334036268504e-01 -8.530305059635697167e-04
8.451026678085327148e-01 9.727290628037014164e-01 -1.898329758989638098e-03
8.500074744224548340e-01 9.725297347359035394e-01 -1.428696268422592012e-03
8.550919890403747559e-01 9.727220452350119340e-01 -1.953927071198173059e-03
8.600866198539733887e-01 9.725782551051338487e-01 -1.973033239300124326e-03
8.650099635124206543e-01 9.728550786557403907e-01 -2.680653535225541260e-03
8.700670599937438965e-01 9.728060680886972955e-01 -2.549863379934559811e-03
8.750037550926208496e-01 9.731102690028683444e-01 -3.462254425177827520e-03
8.800156712532043457e-01 9.734841793631586748e-01 -3.755515036375626104e-03
8.850275874137878418e-01 9.737269857655400651e-01 -4.042981903334170665e-03
8.900057077407836914e-01 9.741840657404654547e-01 -4.780843062101355206e-03
8.950027823448181152e-01 9.748381407364554718e-01 -5.588310928160441712e-03
9.000602364540100098e-01 9.756650694326503004e-01 -6.589832513228706390e-03
9.050319790840148926e-01 9.766630679512944280e-01 -7.818739771267065736e-03
9.100572466850280762e-01 9.779292876017843250e-01 -9.420674780140752755e-03
9.150477647781372070e-01 9.795488127187830241e-01 -1.104712831801262472e-02
9.200382232666015625e-01 9.813425810440726815e-01 -1.359111214605506456e-02
9.250219464302062988e-01 9.831750436681480076e-01 -1.543637404695225208e-02
9.300259351730346680e-01 9.856456083951939950e-01 -1.849445167946930577e-02
9.350299835205078125e-01 9.881607203091975489e-01 -2.160448958908302297e-02
9.400340318679809570e-01 9.908937463437877957e-01 -2.593688458060296881e-02
9.450380802154541016e-01 9.939535293026245943e-01 -2.962090542926880399e-02
9.500421285629272461e-01 9.967881221126242419e-01 -3.432590143692090118e-02
9.550461769104003906e-01 1.000060511664779828e+00 -3.803619670407207970e-02
9.600501656532287598e-01 1.002807771065384879e+00 -4.166176008141558862e-02
9.650542140007019043e-01 1.005650298261412168e+00 -4.762943470535646595e-02
9.700582623481750488e-01 1.008413613360861216e+00 -5.028545914064858763e-02
9.750012755393981934e-01 1.010713129458220116e+00 -5.384230037818208553e-02
9.800053238868713379e-01 1.012737396719375127e+00 -5.694212429765341948e-02
9.850093722343444824e-01 1.014523370715155082e+00 -5.972620830443746420e-02
9.900133609771728516e-01 1.016079711914062544e+00 -6.217862096961569718e-02
9.950174093246459961e-01 1.017345327110106279e+00 -6.463123634817519170e-02
1.000000000000000000e+00 1.018100815925045310e+00 -6.761242686838343785e-02
