9.043976562500000000e+03 0.000000000000000000e+00
9.023258789062500000e+03 -3.277704672655090690e-05
8.993083007812500000e+03 -8.018537482712417841e-05
8.975067382812500000e+03 -1.082770249922759831e-04
8.957051757812500000e+03 -1.361832692055031657e-04
8.939036132812500000e+03 -1.638807443669065833e-04
8.921020507812500000e+03 -1.913383312057703733e-04
8.903005859375000000e+03 -2.185185876442119479e-04
8.884990234375000000e+03 -2.453753550071269274e-04
8.866974609375000000e+03 -2.718503819778561592e-04
8.848958984375000000e+03 -2.978693810291588306e-04
8.830943359375000000e+03 -3.233366587664932013e-04
8.812927734375000000e+03 -3.481262538116425276e-04
8.812847656250000000e+03 -3.481262538116425276e-04
