2.472135009765625000e+02 0.000000000000000000e+00
2.466473083496093750e+02 -9.843392763286828995e-04
2.458226318359375000e+02 -2.429721178486943245e-03
2.453302917480468750e+02 -3.299292875453829765e-03
2.448379516601562500e+02 -4.173880908638238907e-03
2.443456115722656250e+02 -5.053516943007707596e-03
2.438532714843750000e+02 -5.938232876360416412e-03
2.433609313964843750e+02 -6.828061304986476898e-03
2.428685913085937500e+02 -7.723034359514713287e-03
2.423762664794921875e+02 -8.623183704912662506e-03
2.418839263916015625e+02 -9.528541006147861481e-03
2.413915863037109375e+02 -1.043913979083299637e-02
2.408992462158203125e+02 -1.135500986129045486e-02
2.404069061279296875e+02 -1.227618381381034851e-02
2.399145812988281250e+02 -1.320269238203763962e-02
2.394222412109375000e+02 -1.413456443697214127e-02
2.389299163818359375e+02 -1.507182884961366653e-02
2.384375762939453125e+02 -1.601451076567173004e-02
2.379452514648437500e+02 -1.696263439953327179e-02
2.374529113769531250e+02 -1.791621744632720947e-02
2.369605865478515625e+02 -1.887526735663414001e-02
2.364682464599609375e+02 -1.983978785574436188e-02
2.359759216308593750e+02 -2.080970257520675659e-02
2.354835968017578125e+02 -2.178501896560192108e-02
2.349912719726562500e+02 -2.276556007564067841e-02
2.344989471435546875e+02 -2.375108003616333008e-02
2.340066070556640625e+02 -2.474094927310943604e-02
2.335142822265625000e+02 -2.573392167687416077e-02
2.330219573974609375e+02 -2.672649174928665161e-02
2.325296325683593750e+02 -2.770783938467502594e-02
2.320372924804687500e+02 -2.863727509975433350e-02
2.315449371337890625e+02 -2.936123497784137726e-02
2.310525360107421875e+02 -2.974160760641098022e-02
2.305601043701171875e+02 -2.992008440196514130e-02
2.300676727294921875e+02 -3.005321882665157318e-02
2.295752410888671875e+02 -3.015614859759807587e-02
2.290827941894531250e+02 -3.024308197200298309e-02
2.285903625488281250e+02 -3.032457455992698669e-02
2.280979156494140625e+02 -3.039645031094551086e-02
2.276054840087890625e+02 -3.046887181699275970e-02
2.271130371093750000e+02 -3.053917549550533295e-02
2.266206054687500000e+02 -3.060723468661308289e-02
2.261281585693359375e+02 -3.067380376160144806e-02
2.256357116699218750e+02 -3.073936142027378082e-02
2.251432800292968750e+02 -3.080419264733791351e-02
2.246508331298828125e+02 -3.086850047111511230e-02
2.241583862304687500e+02 -3.093244135379791260e-02
2.236659545898437500e+02 -3.099613264203071594e-02
2.231735076904296875e+02 -3.105966746807098389e-02
2.226810607910156250e+02 -3.112311847507953644e-02
2.221886291503906250e+02 -3.118654154241085052e-02
2.216961822509765625e+02 -3.124998509883880615e-02
2.212037506103515625e+02 -3.131349012255668640e-02
2.207113037109375000e+02 -3.137708082795143127e-02
2.202188568115234375e+02 -3.144079074263572693e-02
2.197264251708984375e+02 -3.150463849306106567e-02
2.192339782714843750e+02 -3.156864270567893982e-02
2.187415313720703125e+02 -3.163281455636024475e-02
2.182490997314453125e+02 -3.169717267155647278e-02
2.177566528320312500e+02 -3.176172450184822083e-02
2.172642059326171875e+02 -3.182648122310638428e-02
2.167717742919921875e+02 -3.189144656062126160e-02
2.162793273925781250e+02 -3.195662796497344971e-02
2.157868957519531250e+02 -3.202202916145324707e-02
2.152944488525390625e+02 -3.208765387535095215e-02
2.148020019531250000e+02 -3.215350210666656494e-02
2.143095703125000000e+02 -3.221958130598068237e-02
2.138171234130859375e+02 -3.228588774800300598e-02
2.133246765136718750e+02 -3.235242515802383423e-02
2.128322448730468750e+02 -3.241919353604316711e-02
2.123397979736328125e+02 -3.248618915677070618e-02
2.118473663330078125e+02 -3.255341202020645142e-02
2.113549194335937500e+02 -3.262086212635040283e-02
2.108624725341796875e+02 -3.268853574991226196e-02
2.103700408935546875e+02 -3.275643289089202881e-02
2.098775939941406250e+02 -3.282455354928970337e-02
2.093851623535156250e+02 -3.289288654923439026e-02
2.088927154541015625e+02 -3.296143561601638794e-02
2.084002685546875000e+02 -3.303019702434539795e-02
2.079078369140625000e+02 -3.309916332364082336e-02
2.074153900146484375e+02 -3.316833451390266418e-02
2.069229583740234375e+02 -3.323770686984062195e-02
2.064305114746093750e+02 -3.330727294087409973e-02
2.059380645751953125e+02 -3.337703272700309753e-02
2.054456329345703125e+02 -3.344698250293731689e-02
2.049531860351562500e+02 -3.351711109280586243e-02
2.044607543945312500e+02 -3.358742222189903259e-02
2.039683074951171875e+02 -3.365790843963623047e-02
2.034758605957031250e+02 -3.372856602072715759e-02
2.029834289550781250e+02 -3.379938751459121704e-02
2.024909820556640625e+02 -3.387036919593811035e-02
2.019985504150390625e+02 -3.394151106476783752e-02
2.015061035156250000e+02 -3.401280567049980164e-02
2.010136718750000000e+02 -3.408424556255340576e-02
2.005212249755859375e+02 -3.415583074092864990e-02
2.000287780761718750e+02 -3.422755748033523560e-02
1.995363464355468750e+02 -3.429941833019256592e-02
1.990438995361328125e+02 -3.437140956521034241e-02
1.985514678955078125e+02 -3.444353118538856506e-02
1.980590209960937500e+02 -3.451577201485633850e-02
1.975665740966796875e+02 -3.458767756819725037e-02
1.970741424560546875e+02 -3.466029465198516846e-02
1.965816955566406250e+02 -3.473274037241935730e-02
1.960892639160156250e+02 -3.480558842420578003e-02
1.955968170166015625e+02 -3.487826511263847351e-02
1.951043853759765625e+02 -3.495129570364952087e-02
1.946119384765625000e+02 -3.502418845891952515e-02
1.941195068359375000e+02 -3.509740158915519714e-02
1.936270599365234375e+02 -3.517049178481101990e-02
1.931346130371093750e+02 -3.524387627840042114e-02
1.926421813964843750e+02 -3.531714528799057007e-02
1.921497344970703125e+02 -3.539069369435310364e-02
1.916573028564453125e+02 -3.546413034200668335e-02
1.911648559570312500e+02 -3.553784266114234924e-02
1.906724243164062500e+02 -3.561143204569816589e-02
1.901799774169921875e+02 -3.568529337644577026e-02
1.896875305175781250e+02 -3.575902804732322693e-02
1.891950988769531250e+02 -3.583303838968276978e-02
1.887026519775390625e+02 -3.590690344572067261e-02
1.882102203369140625e+02 -3.598105907440185547e-02
1.877177734375000000e+02 -3.605505079030990601e-02
1.872253417968750000e+02 -3.612935170531272888e-02
1.867328948974609375e+02 -3.620345890522003174e-02
1.862404632568359375e+02 -3.627805784344673157e-02
1.857480163574218750e+02 -3.635213524103164673e-02
1.852555694580078125e+02 -3.642683476209640503e-02
1.847631378173828125e+02 -3.650138527154922485e-02
1.842706909179687500e+02 -3.657559305429458618e-02
1.837782592773437500e+02 -3.665034472942352295e-02
1.832858123779296875e+02 -3.672520071268081665e-02
1.827933807373046875e+02 -3.679991886019706726e-02
1.823009338378906250e+02 -3.687440976500511169e-02
1.818085021972656250e+02 -3.694948554039001465e-02
1.813160552978515625e+02 -3.702444583177566528e-02
1.808236083984375000e+02 -3.709940612316131592e-02
1.803311767578125000e+02 -3.717414289712905884e-02
1.798387298583984375e+02 -3.724931553006172180e-02
1.793462982177734375e+02 -3.732462227344512939e-02
1.788538513183593750e+02 -3.739982843399047852e-02
1.783614196777343750e+02 -3.747509047389030457e-02
1.778689727783203125e+02 -3.755041956901550293e-02
1.773765411376953125e+02 -3.762581944465637207e-02
1.768840942382812500e+02 -3.770099952816963196e-02
1.763916625976562500e+02 -3.777677938342094421e-02
1.760223236083984375e+02 -3.783346712589263916e-02
1.760212402343750000e+02 -3.783346712589263916e-02
