0.000000000000000000e+00 1.000000000000000000e+00 0.000000000000000000e+00
5.750000011175870895e-03 9.998399855107449330e-01 -3.779207923642043212e-09
1.412499975413084030e-02 9.996054208944172847e-01 -5.042731232476401651e-09
1.912499964237213135e-02 9.994647437982063787e-01 3.060664707725460677e-08
2.412500046193599701e-02 9.993235415272800903e-01 -5.385208455115979760e-08
2.912499941885471344e-02 9.991815737015352639e-01 -4.507796023060165159e-08
3.412500023841857910e-02 9.990388275243626826e-01 -4.678452504323531036e-08
3.912499919533729553e-02 9.988951484089850785e-01 -5.030743183703120554e-08
4.412499815225601196e-02 9.987504084827151241e-01 -5.471497678004540904e-08
4.912500083446502686e-02 9.986044605378422423e-01 -6.699490832506033754e-08
4.912500083446502686e-02 9.986044605378422423e-01 -6.699490832506033754e-08
