0.000000000000000000e+00 1.000000000000000000e+00 0.000000000000000000e+00
4.999999888241291046e-03 9.997495479909256355e-01 -1.502071611823366180e-11
9.999999776482582092e-03 9.995016884099954257e-01 6.806586454777765926e-11
1.499999966472387314e-02 9.992515864847331120e-01 1.762058543355758549e-10
1.999999955296516418e-02 9.990001488435751309e-01 5.976814385764229432e-10
2.500000037252902985e-02 9.987475816614074242e-01 1.672451579440425919e-09
2.999999932944774628e-02 9.984938137645651413e-01 4.223395543908820995e-09
3.500000014901161194e-02 9.982387715160185859e-01 1.050343967930583964e-08
3.999999910593032837e-02 9.979825215146110873e-01 3.309861645278627363e-08
4.500000178813934326e-02 9.977315135547595304e-01 2.236433778898068710e-07
5.000000074505805969e-02 9.975666908320466320e-01 7.742510273420282589e-07
5.499999970197677612e-02 9.974234799177444932e-01 1.057861626278815287e-06
5.999999865889549255e-02 9.972523993671600362e-01 1.200461481797519123e-06
6.499999761581420898e-02 9.970670348163899188e-01 1.302498007859910912e-06
7.000000029802322388e-02 9.968723089492629308e-01 1.386089793430483197e-06
7.500000298023223877e-02 9.966688983114883049e-01 1.456022539220722846e-06
7.999999821186065674e-02 9.964575105927527821e-01 1.509919074429302225e-06
8.500000089406967163e-02 9.962358397311390501e-01 1.518663862630779879e-06
9.000000357627868652e-02 9.959419155472758467e-01 1.448069461123034950e-06
9.499999880790710449e-02 9.954665447953002788e-01 1.510283720724257205e-05
1.000000014901161194e-01 9.949499651074849016e-01 2.416522273058381023e-05
1.049999967217445374e-01 9.945523276100299848e-01 1.142594389397499764e-05
1.099999994039535522e-01 9.942372663434581037e-01 8.291841851464881590e-07
1.150000020861625671e-01 9.939376500259905489e-01 3.990802288440320564e-06
1.199999973177909851e-01 9.936307787455316287e-01 1.135887749960501743e-05
1.250000000000000000e-01 9.933188399705500382e-01 1.501777927593991341e-05
1.299999952316284180e-01 9.930117089809966657e-01 1.522160317350137707e-05
1.350000053644180298e-01 9.927248923101108513e-01 1.470614533967637438e-05
1.400000005960464478e-01 9.924852307872138457e-01 1.460925514407703421e-05
1.449999958276748657e-01 9.923702218875674053e-01 1.253654262758928834e-05
1.500000059604644775e-01 9.922760410942274012e-01 -1.629796978842288263e-05
1.550000011920928955e-01 9.918232773502813071e-01 -1.539252835886064833e-05
1.599999964237213135e-01 9.911881774114066346e-01 1.959808040204083406e-05
1.650000065565109253e-01 9.904593816102650328e-01 2.640301217342214967e-05
1.700000017881393433e-01 9.895580798497499719e-01 3.662294144587543137e-06
1.749999970197677612e-01 9.885765631700353939e-01 -1.087571095633990696e-05
1.800000071525573730e-01 9.879707519418639006e-01 -1.065082576579493356e-05
1.850000023841857910e-01 9.875522134928684803e-01 -9.351627337591675301e-06
1.899999976158142090e-01 9.871446560229761857e-01 -9.476571477867141310e-06
1.949999928474426270e-01 9.867283317875598092e-01 -9.840345731850479120e-06
2.000000029802322388e-01 9.863077184810850051e-01 -1.020747927667030111e-05
2.049999982118606567e-01 9.858837620358625875e-01 -1.060061596636402712e-05
2.099999934434890747e-01 9.854566201072778586e-01 -1.101222445989007079e-05
2.150000035762786865e-01 9.850266474199470546e-01 -1.149087529148342945e-05
2.199999988079071045e-01 9.845938693113431839e-01 -1.193281448690213810e-05
2.249999940395355225e-01 9.841583195647629623e-01 -1.236456927475674123e-05
2.300000041723251343e-01 9.837199207601512452e-01 -1.280948371932295402e-05
2.349999994039535522e-01 9.832787446870134840e-01 -1.327031140810229247e-05
2.399999946355819702e-01 9.828347857148005406e-01 -1.374600932854348020e-05
2.450000047683715820e-01 9.823880522893363443e-01 -1.423572605936289740e-05
2.500000000000000000e-01 9.819386274612258436e-01 -1.474097371101379395e-05
2.549999952316284180e-01 9.814865407908535122e-01 -1.526206931119915197e-05
2.599999904632568359e-01 9.810318119851425545e-01 -1.580110403994352709e-05
2.649999856948852539e-01 9.805744762350272481e-01 -1.635776688361959840e-05
2.700000107288360596e-01 9.801146968264420334e-01 -1.679536821217554382e-05
2.750000059604644775e-01 9.796522597985074521e-01 -1.750602060413448551e-05
2.800000011920928955e-01 9.791874480863338448e-01 -1.801001560973945184e-05
2.849999964237213135e-01 9.787200223915691888e-01 -1.878750500203938391e-05
2.899999916553497314e-01 9.782504247123464669e-01 -1.930074793771184084e-05
2.949999868869781494e-01 9.777784073044892832e-01 -1.996869695582513036e-05
3.000000119209289551e-01 9.773039518687118843e-01 -2.094459414097215718e-05
3.050000071525573730e-01 9.768274891420484218e-01 -2.151523885141879328e-05
3.100000023841857910e-01 9.763487192977399198e-01 -2.227228554137518493e-05
3.149999976158142090e-01 9.758675916608409162e-01 -2.342195342882532900e-05
3.199999928474426270e-01 9.753847157383317423e-01 -2.405493145609253797e-05
3.249999880790710449e-01 9.748995875960346780e-01 -2.494337195289970889e-05
3.300000131130218506e-01 9.744122719852686965e-01 -2.632184620822927576e-05
3.350000083446502686e-01 9.739233178846070649e-01 -2.704600965074947336e-05
3.400000035762786865e-01 9.734323536777849117e-01 -2.809507579876048167e-05
3.449999988079071045e-01 9.729393681037029618e-01 -2.930599618771859068e-05
3.499999940395355225e-01 9.724445497857688858e-01 -3.065150299855264201e-05
3.549999892711639404e-01 9.719479578447517421e-01 -3.194459456249356977e-05
3.600000143051147461e-01 9.714496739236191392e-01 -3.338261847676386198e-05
3.650000095367431641e-01 9.709495234753372506e-01 -3.496685316201945623e-05
3.700000047683715820e-01 9.704478105495777385e-01 -3.660132428046962102e-05
3.750000000000000000e-01 9.699443521534825141e-01 -3.837315345052423290e-05
3.799999952316284180e-01 9.694393200188106130e-01 -4.027675960996494062e-05
3.849999904632568359e-01 9.689326719164409463e-01 -4.232456612081105391e-05
3.899999856948852539e-01 9.684244669671429051e-01 -4.457935305978979269e-05
3.950000107288360596e-01 9.679147558458616185e-01 -4.693090132131787359e-05
4.000000059604644775e-01 9.674035329220480595e-01 -4.952974837424570459e-05
4.050000011920928955e-01 9.668908742081194774e-01 -5.227798850333998824e-05
4.099999964237213135e-01 9.663767290291310763e-01 -5.534867587674587958e-05
4.149999916553497314e-01 9.658611593211269275e-01 -5.861585513032230651e-05
4.199999868869781494e-01 9.653442495423488756e-01 -6.218361788570220890e-05
4.250000119209289551e-01 9.648259968775224626e-01 -6.605501242009475507e-05
4.300000071525573730e-01 9.643063675433507509e-01 -7.025782032646376869e-05
4.350000023841857910e-01 9.637854178453283405e-01 -7.484249798134244081e-05
4.399999976158142090e-01 9.632631703056532269e-01 -7.981404909568519130e-05
4.449999928474426270e-01 9.627396840450949123e-01 -8.523682771573646807e-05
4.499999880790710449e-01 9.622149731400269079e-01 -9.112785195732468519e-05
4.550000131130218506e-01 9.616889812849545027e-01 -9.751471096299231067e-05
4.600000083446502686e-01 9.611617141104271678e-01 -1.044914442564728494e-04
4.650000035762786865e-01 9.606334390675449475e-01 -1.120124960737474667e-04
4.699999988079071045e-01 9.601038746288341752e-01 -1.201648883714007311e-04
4.749999940395355225e-01 9.595731418511084243e-01 -1.289524220452537473e-04
4.799999892711639404e-01 9.590415504145886061e-01 -1.384732605566397817e-04
4.850000143051147461e-01 9.585088525750979915e-01 -1.486704248343886405e-04
4.900000095367431641e-01 9.579748822314272383e-01 -1.595660191840351215e-04
4.950000047683715820e-01 9.574401207955560711e-01 -1.711529091935316230e-04
5.000000000000000000e-01 9.569041994664940765e-01 -1.834176233333855138e-04
5.049999952316284180e-01 9.563672815301760277e-01 -1.962911268881766100e-04
5.099999904632568359e-01 9.558294598906682538e-01 -2.097374453755762233e-04
5.149999856948852539e-01 9.552907373632452126e-01 -2.236494114038249333e-04
5.199999809265136719e-01 9.547508098982356861e-01 -2.378172815065982275e-04
5.249999761581420898e-01 9.542103503463013059e-01 -2.521879668605283425e-04
5.299999713897705078e-01 9.536686154749121069e-01 -2.665413041836221060e-04
5.350000262260437012e-01 9.531258023532993562e-01 -2.805279409753440637e-04
5.400000214576721191e-01 9.525825303419048762e-01 -2.941562350825630153e-04
5.450000166893005371e-01 9.520380956220451107e-01 -3.069758250264663824e-04
5.500000119209289551e-01 9.514920843483336554e-01 -3.187163179650957974e-04
5.550000071525573730e-01 9.509453411031912884e-01 -3.293569017600309545e-04
5.600000023841857910e-01 9.503975618369464584e-01 -3.384856500308892186e-04
5.649999976158142090e-01 9.498485663720162009e-01 -3.459903916749566951e-04
5.699999928474426270e-01 9.492983096640047469e-01 -3.518890520743338636e-04
5.749999880790710449e-01 9.487463637911526249e-01 -3.559243525086293585e-04
5.799999833106994629e-01 9.481929539754382352e-01 -3.583257763588120317e-04
5.849999785423278809e-01 9.476383673748847158e-01 -3.591131185253607929e-04
5.899999737739562988e-01 9.470823280925679821e-01 -3.583878828590646593e-04
5.950000286102294922e-01 9.465243519012338513e-01 -3.565188593530126907e-04
6.000000238418579102e-01 9.459649005059386218e-01 -3.537111176775830528e-04
6.050000190734863281e-01 9.454037205319563153e-01 -3.501453687783976873e-04
6.100000143051147461e-01 9.448410034179687278e-01 -3.463204716404425800e-04
6.150000095367431641e-01 9.442763888088100410e-01 -3.424345127330934721e-04
6.200000047683715820e-01 9.437099330099746330e-01 -3.387080952250209670e-04
6.250000000000000000e-01 9.431419231794857527e-01 -3.355535029045330036e-04
6.299999952316284180e-01 9.425722241841558713e-01 -3.331186476668748613e-04
6.349999904632568359e-01 9.420007290435453706e-01 -3.316167645788720749e-04
6.399999856948852539e-01 9.414275785213905845e-01 -3.311043515856415477e-04
6.449999809265136719e-01 9.408525361346142812e-01 -3.320421624887473413e-04
6.499999761581420898e-01 9.402760466966242348e-01 -3.344373179537783606e-04
6.549999713897705078e-01 9.396977892661005916e-01 -3.382480562393075678e-04
6.600000262260437012e-01 9.391178933456816313e-01 -3.438462740380825644e-04
6.650000214576721191e-01 9.385362969993226168e-01 -3.514206552417515565e-04
6.700000166893005371e-01 9.379527412217480986e-01 -3.609782655300689327e-04
6.750000119209289551e-01 9.373677834373559392e-01 -3.727044896446030900e-04
6.800000071525573730e-01 9.367811364881226677e-01 -3.869875550709967480e-04
6.850000023841857910e-01 9.361930030738296882e-01 -4.039631668491996800e-04
6.899999976158142090e-01 9.356031072975523610e-01 -4.240035790798849001e-04
6.949999928474426270e-01 9.350113534399504545e-01 -4.475719649413414719e-04
6.999999880790710449e-01 9.344178428509138934e-01 -4.751023001336523392e-04
7.049999833106994629e-01 9.338225924220913132e-01 -5.073617745149619409e-04
7.099999785423278809e-01 9.332257879616149276e-01 -5.452025310579701163e-04
7.149999737739562988e-01 9.326270128088243183e-01 -5.895957295745061100e-04
7.200000286102294922e-01 9.320266611021823522e-01 -6.421731846798830459e-04
7.250000238418579102e-01 9.314241810478407491e-01 -7.045647864852003965e-04
7.300000190734863281e-01 9.308199273704163001e-01 -7.795980165805323561e-04
7.350000143051147461e-01 9.302136748479300499e-01 -8.710021792302712019e-04
7.400000095367431641e-01 9.296056092885146560e-01 -9.835068810030102218e-04
7.450000047683715820e-01 9.289955279923892695e-01 -1.124572709917582300e-03
7.500000000000000000e-01 9.283834647428506059e-01 -1.304790652546055718e-03
7.549999952316284180e-01 9.277692449928649499e-01 -1.540430467507056256e-03
7.599999904632568359e-01 9.271525083872665940e-01 -1.856679626056628816e-03
7.649999856948852539e-01 9.265331648372635565e-01 -2.296114539748188126e-03
7.699999809265136719e-01 9.259109891208774368e-01 -2.927167389225695995e-03
7.749999761581420898e-01 9.252841118956844912e-01 -3.874969218489868802e-03
7.799999713897705078e-01 9.246500106755217718e-01 -5.356014874588519749e-03
7.850000262260437012e-01 9.240007013412420145e-01 -7.789088351260252223e-03
7.900000214576721191e-01 9.233123385158412688e-01 -1.199862789843795033e-02
7.950000166893005371e-01 9.225095741863180709e-01 -1.963263860047963216e-02
8.000000119209289551e-01 9.213383973744522226e-01 -3.385159538240890137e-02
8.050000071525573730e-01 9.190612173608307955e-01 -5.908405824780903898e-02
8.100000023841857910e-01 9.148160082827635486e-01 -9.340288366338864168e-02
8.149999976158142090e-01 9.113087333876268570e-01 -1.133786303530759931e-01
8.199999928474426270e-01 9.118850313869349966e-01 -1.044739234051581256e-01
8.249999880790710449e-01 9.125133162494953876e-01 -9.471395710737502693e-02
8.299999833106994629e-01 9.104978666974169466e-01 -1.051820987265048440e-01
8.349999785423278809e-01 9.070189359883100710e-01 -1.238583779422999243e-01
8.399999737739562988e-01 9.057125584225813597e-01 -1.269435249131544152e-01
8.450000286102294922e-01 9.058347469766202531e-01 -1.205079054040662512e-01
8.500000238418579102e-01 9.041188820701684392e-01 -1.244358189431503670e-01
8.550000190734863281e-01 9.010361787577837456e-01 -1.335731872333371650e-01
8.600000143051147461e-01 8.988523025794222798e-01 -1.324289047410127373e-01
8.650000095367431641e-01 8.967549003798144236e-01 -1.257332383046730895e-01
8.700000047683715820e-01 8.940379800831699253e-01 -1.241527571449420608e-01
8.750000000000000000e-01 8.923213494219902620e-01 -1.263865228068784541e-01
8.799999952316284180e-01 8.916813586470825337e-01 -1.289718318249466755e-01
8.849999904632568359e-01 8.907642097050854080e-01 -1.313991476248990986e-01
8.899999856948852539e-01 8.889474115688422717e-01 -1.333917427766806996e-01
8.949999809265136719e-01 8.864755778295088096e-01 -1.336440054692905333e-01
8.999999761581420898e-01 8.838293659731031315e-01 -1.312169430440642270e-01
9.049999713897705078e-01 8.816388232241697542e-01 -1.267756219279722041e-01
9.100000262260437012e-01 8.801693286403079464e-01 -1.218283818656668016e-01
9.150000214576721191e-01 8.789186034255361823e-01 -1.179831951746641433e-01
9.200000166893005371e-01 8.773523084351937396e-01 -1.158684663667010201e-01
9.250000119209289551e-01 8.754250952238527006e-01 -1.140916479469665235e-01
