0.000000000000000000e+00 1.000000000000000000e+00 0.000000000000000000e+00
5.750000011175870895e-03 9.998366588020118906e-01 1.428308505951306448e-08
1.412499975413084030e-02 9.995943449694534300e-01 4.882176183635802787e-08
1.912499964237213135e-02 9.994502479660101191e-01 8.366569561295709456e-08
2.412500046193599701e-02 9.993065305311104041e-01 1.417045276521721066e-07
2.912499941885471344e-02 9.991631551549351453e-01 2.569861956952332496e-07
3.412500023841857910e-02 9.990201123829546281e-01 7.089762095410120126e-07
3.912499919533729553e-02 9.988817822316597983e-01 6.816961104050278664e-06
4.412499815225601196e-02 9.987504458632961990e-01 1.449127789940042725e-05
4.912500083446502686e-02 9.986130023824758561e-01 1.928880650164752159e-05
5.412499979138374329e-02 9.984695564056265127e-01 2.290796416265697327e-05
5.912499874830245972e-02 9.983205130387997617e-01 2.593128813494896125e-05
6.412500143051147461e-02 9.981654767332406308e-01 2.856866520797384337e-05
6.912499666213989258e-02 9.980044681450415123e-01 3.092385555521167301e-05
7.412499934434890747e-02 9.978375833610009238e-01 3.306171053956295162e-05
7.912500202655792236e-02 9.976650342859070264e-01 3.502653221246497571e-05
8.412499725818634033e-02 9.974871421682424133e-01 3.685076833413592607e-05
8.912499994039535522e-02 9.973043197187884124e-01 3.855918325355340578e-05
9.412500262260437012e-02 9.971170565177654987e-01 4.017145116010616682e-05
9.912499785423278809e-02 9.969258826354454595e-01 4.170299507677555084e-05
1.041250005364418030e-01 9.967313326638320703e-01 4.316614699903233111e-05
1.091250032186508179e-01 9.965339455111272837e-01 4.457030445337295532e-05
1.141249984502792358e-01 9.963342239116800281e-01 4.592237207267818756e-05
1.191250011324882507e-01 9.961326331927858879e-01 4.722731557257216342e-05
1.241249963641166687e-01 9.959295905869582910e-01 4.848843873960190736e-05
1.291249990463256836e-01 9.957254570105981140e-01 4.970856364174135894e-05
1.341249942779541016e-01 9.955205329533282077e-01 5.089021930149916992e-05
1.391250044107437134e-01 9.953150514898629897e-01 5.203661316170774914e-05
1.441249996423721313e-01 9.951091910230702720e-01 5.315096470816382140e-05
1.491249948740005493e-01 9.949030900823659929e-01 5.423708353191614151e-05
1.541250050067901611e-01 9.946968423909154922e-01 5.529860660819143757e-05
1.591250002384185791e-01 9.944902074748072085e-01 5.633100578240279540e-05
1.641249954700469971e-01 9.942838755147210827e-01 5.735134192068001553e-05
1.691250056028366089e-01 9.940775205349099419e-01 5.835696155654973067e-05
1.741250008344650269e-01 9.938712173494799185e-01 5.935072288687886886e-05
1.791249960660934448e-01 9.936649170415154941e-01 6.033377400759992905e-05
1.841250061988830566e-01 9.934586372868767778e-01 6.130783706261166304e-05
1.891250014305114746e-01 9.932523591765042292e-01 6.227367075866665960e-05
1.941249966621398926e-01 9.930460749001339682e-01 6.323241917737599030e-05
1.991250067949295044e-01 9.928397425289812173e-01 6.418494941217118904e-05
2.041250020265579224e-01 9.926333402765207259e-01 6.513197199794752658e-05
2.091249972581863403e-01 9.924268336131655266e-01 6.607408105427848741e-05
2.141250073909759521e-01 9.922201764994653672e-01 6.701223198966733247e-05
2.191250026226043701e-01 9.920133335837002519e-01 6.794707913850915983e-05
2.241249978542327881e-01 9.918062555378881484e-01 6.887896371812655494e-05
2.291249930858612061e-01 9.915989028996434751e-01 6.980892945209453285e-05
2.341250032186508179e-01 9.913912148311221362e-01 7.073747411627194211e-05
2.391249984502792358e-01 9.911831592691354720e-01 7.166506337194607690e-05
2.441249936819076538e-01 9.909746729094406348e-01 7.259242782561943963e-05
2.491250038146972656e-01 9.907657310880463308e-01 7.352008933907952428e-05
2.541249990463256836e-01 9.905562589908468718e-01 7.444871428968577877e-05
2.591249942779541016e-01 9.903462253767868484e-01 7.537863988043933406e-05
2.641249895095825195e-01 9.901355907834809011e-01 7.631009894198384404e-05
2.691250145435333252e-01 9.899243083493463047e-01 7.724375785167874307e-05
2.741250097751617432e-01 9.897123246357357740e-01 7.817980126831038058e-05
2.791250050067901611e-01 9.894996018245303393e-01 7.911880725416643679e-05
2.841250002384185791e-01 9.892861094968072866e-01 8.006116118410537422e-05
2.891249954700469971e-01 9.890717991467180559e-01 8.100719223248546914e-05
2.941249907016754150e-01 9.888566370668081529e-01 8.195717337316479802e-05
2.991249859333038330e-01 9.886405837946924402e-01 8.291125715035816952e-05
3.041250109672546387e-01 9.884236048007833952e-01 8.386979682435249180e-05
3.091250061988830566e-01 9.882056935080166804e-01 8.483310551222027749e-05
3.141250014305114746e-01 9.879867734580203287e-01 8.580121532853306741e-05
3.191249966621398926e-01 9.877668512278588997e-01 8.677441530443471521e-05
3.241249918937683105e-01 9.875458742010183588e-01 8.775248866656730354e-05
3.291249871253967285e-01 9.873238333340349504e-01 8.873598136264702603e-05
3.341250121593475342e-01 9.871006973858538203e-01 8.972481310624501034e-05
3.391250073909759521e-01 9.868764392260847007e-01 9.071909629836164251e-05
3.441250026226043701e-01 9.866510325464709075e-01 9.171926448571270302e-05
3.491249978542327881e-01 9.864244683035489070e-01 9.272572712908531338e-05
3.541249930858612061e-01 9.861967086791991743e-01 9.373830759833599239e-05
3.591249883174896240e-01 9.859677396971603391e-01 9.475698983617897645e-05
3.641250133514404297e-01 9.857375523139690898e-01 9.578152495468484804e-05
3.691250085830688477e-01 9.855061267984324136e-01 9.681202535485399321e-05
3.741250038146972656e-01 9.852734302652292886e-01 9.784927784368910059e-05
3.791249990463256836e-01 9.850394577815615449e-01 9.889257590061631322e-05
3.841249942779541016e-01 9.848041912605023374e-01 9.994120497641891942e-05
3.891249895095825195e-01 9.845676290577856093e-01 1.009951570424540238e-04
3.941250145435333252e-01 9.843297382880902280e-01 1.020544160414358628e-04
3.991250097751617432e-01 9.840905222399480845e-01 1.031185885698630920e-04
4.041250050067901611e-01 9.838499578936346079e-01 1.041883329764522369e-04
4.091250002384185791e-01 9.836080452491497983e-01 1.052630069697725357e-04
4.141249954700469971e-01 9.833647366227774578e-01 1.063422091176797622e-04
4.191249907016754150e-01 9.831200583227749368e-01 1.074256905322444855e-04
4.241249859333038330e-01 9.828740119934081809e-01 1.085134271275380599e-04
4.291250109672546387e-01 9.826265400853649856e-01 1.096046401252006653e-04
4.341250061988830566e-01 9.823776672626364226e-01 1.106980208564421189e-04
4.391250014305114746e-01 9.821273820153597622e-01 1.117939948393353058e-04
4.441249966621398926e-01 9.818756580352783203e-01 1.128919197824494643e-04
4.491249918937683105e-01 9.816225199863828355e-01 1.139910811365678421e-04
4.541249871253967285e-01 9.813679448489484036e-01 1.150909008394027588e-04
4.591250121593475342e-01 9.811118997376541140e-01 1.161899417638778687e-04
4.641250073909759521e-01 9.808543912295636380e-01 1.172873127306329788e-04
4.691250026226043701e-01 9.805954456329345481e-01 1.183820663598077102e-04
4.741249978542327881e-01 9.803350185525827598e-01 1.194726129801108947e-04
4.791249930858612061e-01 9.800731083442425495e-01 1.205575154644662002e-04
4.841249883174896240e-01 9.798097232292437564e-01 1.216347987667239960e-04
4.891250133514404297e-01 9.795448368993298072e-01 1.227025199553062195e-04
4.941250085830688477e-01 9.792784526430328151e-01 1.237579011197747743e-04
4.991250038146972656e-01 9.790105638832882207e-01 1.247983650657637450e-04
5.041249990463256836e-01 9.787411821299585313e-01 1.258201543884030610e-04
5.091249942779541016e-01 9.784702876518511783e-01 1.268209327526133561e-04
5.141249895095825195e-01 9.781978590735074253e-01 1.277965011781659517e-04
5.191249847412109375e-01 9.779239177703857866e-01 1.287427008280466324e-04
5.241249799728393555e-01 9.776484341456972427e-01 1.296527715849465272e-04
5.291249752044677734e-01 9.773714164207720767e-01 1.305197445868418106e-04
5.341249704360961914e-01 9.770928333545553235e-01 1.306157350411702865e-04
5.391250252723693848e-01 9.768127424963589656e-01 1.314488191414495957e-04
5.441250205039978027e-01 9.765311224707241555e-01 1.324130832378206694e-04
5.491250157356262207e-01 9.762478976414120657e-01 1.319235608238598359e-04
5.541250109672546387e-01 9.759631272020010684e-01 1.326605982693104964e-04
5.591250061988830566e-01 9.756768062196929936e-01 1.320138910849546555e-04
5.641250014305114746e-01 9.753888935878359812e-01 1.326981482320818511e-04
5.691249966621398926e-01 9.750994238360174426e-01 1.314481286781615159e-04
5.741249918937683105e-01 9.748083459919897331e-01 1.319046292839379090e-04
5.791249871253967285e-01 9.745157324034592339e-01 1.297489386694184572e-04
5.841249823570251465e-01 9.742214860587283809e-01 1.298290163535496247e-04
5.891249775886535645e-01 9.739257105465594089e-01 1.263916412175729385e-04
5.941249728202819824e-01 9.736282134878224692e-01 1.259070965622005904e-04
5.991250276565551758e-01 9.733292744077484127e-01 1.206276215741346604e-04
6.041250228881835938e-01 9.730285496547305124e-01 1.192888774876964508e-04
6.091250181198120117e-01 9.727264322083571946e-01 1.113499546873158357e-04
6.141250133514404297e-01 9.724224189232135718e-01 1.087267160544107682e-04
6.191250085830688477e-01 9.721171444859997290e-01 9.689989885122611091e-05
6.241250038146972656e-01 9.718101041070346113e-01 8.488282689760471493e-05
6.291249990463256836e-01 9.715014556358599895e-01 7.079149082559963986e-05
6.341249942779541016e-01 9.711911727642190684e-01 5.361866125644281156e-05
6.391249895095825195e-01 9.708792752233044165e-01 3.240011423697759248e-05
6.441249847412109375e-01 9.705657564360519185e-01 6.022841011270366954e-06
6.491249799728393555e-01 9.702506295565900274e-01 -2.686276526093996886e-05
6.541249752044677734e-01 9.699338452569369329e-01 -6.792511277157685086e-05
6.591249704360961914e-01 9.696154693077350117e-01 -1.192619975913187516e-04
6.641250252723693848e-01 9.692954063415527566e-01 -1.834814340390007997e-04
6.691250205039978027e-01 9.689736958207755269e-01 -2.638253961400738984e-04
6.741250157356262207e-01 9.686502621091644949e-01 -3.644544952388467348e-04
6.791250109672546387e-01 9.683250756099306411e-01 -4.762378681836457032e-04
6.841250061988830566e-01 9.679981100148168371e-01 -6.156185449197374392e-04
6.891250014305114746e-01 9.676692732449236889e-01 -7.967290564857680297e-04
6.941249966621398926e-01 9.673383745653876264e-01 -1.014099552713591552e-03
6.953750252723693848e-01 9.672548425608666900e-01 -1.072267520016637402e-03
7.013124823570251465e-01 9.668603107847015821e-01 -1.385149513853007252e-03
7.069374918937683105e-01 9.664831556122879253e-01 -1.740419016829852393e-03
7.125625014305114746e-01 9.661030407609609849e-01 -2.151055711096730785e-03
7.153750061988830566e-01 9.659118586573107734e-01 -2.376420744534196629e-03
7.210000157356262207e-01 9.655271497266045833e-01 -2.865467862836246042e-03
7.266250252723693848e-01 9.651392574968008509e-01 -3.395039973587825246e-03
7.322499752044677734e-01 9.647480241183575833e-01 -3.951329609443401079e-03
7.350624799728393555e-01 9.645511429885338384e-01 -4.235740879486347456e-03
7.406874895095825195e-01 9.641549537921774160e-01 -4.813260045544854107e-03
7.463124990463256836e-01 9.637554398898420249e-01 -5.400919708712348041e-03
7.519375085830688477e-01 9.633526966489593946e-01 -5.997607934063878612e-03
7.575625181198120117e-01 9.629473160053121372e-01 -6.624970456649516802e-03
7.603750228881835938e-01 9.627436078827956711e-01 -6.950876836119027243e-03
7.659999728202819824e-01 9.623343040203226062e-01 -7.650425721859109573e-03
7.716249823570251465e-01 9.619224383913238530e-01 -8.441355207870746002e-03
7.772499918937683105e-01 9.615080405925882090e-01 -9.370868575984033985e-03
7.800624966621398926e-01 9.612998271810597739e-01 -9.908687451790118561e-03
7.856875061988830566e-01 9.608811181167077331e-01 -1.119382114245973808e-02
7.913125157356262207e-01 9.604586305289432024e-01 -1.288115361641193300e-02
7.969375252723693848e-01 9.600309536374848074e-01 -1.519091889776032558e-02
8.025624752044677734e-01 9.595948811235098797e-01 -1.847072099817210350e-02
8.053749799728393555e-01 9.593718890486092610e-01 -2.063807947882290508e-02
8.109999895095825195e-01 9.589087157413876961e-01 -2.652913743051989182e-02
8.166249990463256836e-01 9.584027586312130476e-01 -3.551235281187912346e-02
8.222500085830688477e-01 9.578043674600534851e-01 -4.937682480647646172e-02
8.250625133514404297e-01 9.574402414519210813e-01 -5.886618844394025940e-02
8.306875228881835938e-01 9.564802893276873608e-01 -8.431862962657007965e-02
8.363124728202819824e-01 9.550576801957755269e-01 -1.183443398311220390e-01
8.419374823570251465e-01 9.531466253872575844e-01 -1.565731476093160657e-01
8.475624918937683105e-01 9.510219409548004155e-01 -1.920135103423019907e-01
8.503749966621398926e-01 9.499911538485822371e-01 -2.072105736568056189e-01
8.560000061988830566e-01 9.480915332662649408e-01 -2.325011779522073718e-01
8.602187633514404297e-01 9.468327686704437474e-01 -2.474891892794905124e-01
8.658437728881835938e-01 9.453405281593060261e-01 -2.636210507359997846e-01
8.700624704360961914e-01 9.443075969301422123e-01 -2.739497710918558093e-01
8.756874799728393555e-01 9.429905069285424712e-01 -2.863974406801421124e-01
8.813124895095825195e-01 9.417127806564856707e-01 -2.979051655736462689e-01
8.855312466621398926e-01 9.407771011878705014e-01 -3.060473738045528247e-01
8.911562561988830566e-01 9.395697889656856594e-01 -3.162435334304283252e-01
8.953750133514404297e-01 9.387008009285763288e-01 -3.233626793170797376e-01
9.010000228881835938e-01 9.375941243664971392e-01 -3.321906122668036310e-01
9.052187204360961914e-01 9.367913607893318950e-01 -3.384843694752660559e-01
9.101406335830688477e-01 9.358575557840280723e-01 -3.457519597020642377e-01
9.154140353202819824e-01 9.348349604113348477e-01 -3.537402317441742938e-01
9.206874966621398926e-01 9.337710742292733013e-01 -3.621118150908371747e-01
9.259609580039978027e-01 9.326661471662850422e-01 -3.708346794391500501e-01
9.301797151565551758e-01 9.317618008317618550e-01 -3.779457026514513873e-01
9.354531168937683105e-01 9.306113539070919316e-01 -3.868931079732960687e-01
9.407265782356262207e-01 9.294513833933862879e-01 -3.957787546618231622e-01
9.459999799728393555e-01 9.282894200292126641e-01 -4.045341754781788812e-01
9.502187371253967285e-01 9.273601005817282417e-01 -4.114362782445447064e-01
9.554921984672546387e-01 9.261989527735217109e-01 -4.199466376469053186e-01
9.602382779121398926e-01 9.251512527465820535e-01 -4.275261122604896435e-01
9.665663838386535645e-01 9.237458261950262095e-01 -4.375837589132374750e-01
9.713125228881835938e-01 9.226846366093075513e-01 -4.451023299118568310e-01
9.760586023330688477e-01 9.216167384180529165e-01 -4.526077138966527746e-01
9.808046817779541016e-01 9.205389746304216692e-01 -4.601268768310546875e-01
9.855507612228393555e-01 9.194499772170494634e-01 -4.676685333251953125e-01
9.902969002723693848e-01 9.183465299935177351e-01 -4.752549467415645434e-01
9.950429797172546387e-01 9.172273504322973059e-01 -4.828778957498484625e-01
1.000000000000000000e+00 9.160387565349710215e-01 -4.908988886866076373e-01
