0.000000000000000000e+00 1.000000000000000000e+00 0.000000000000000000e+00
5.750000011175870895e-03 9.998827243797363540e-01 1.282356635552816164e-08
1.412499975413084030e-02 9.997130168430388153e-01 3.803976604046063309e-08
1.912499964237213135e-02 9.996123936441210223e-01 5.793071255856563185e-08
2.412500046193599701e-02 9.995122778983344114e-01 8.279658065894471062e-08
2.912499941885471344e-02 9.994126602581567820e-01 1.144049054433015194e-07
3.412500023841857910e-02 9.993135309219359774e-01 1.556175693477844051e-07
3.912499919533729553e-02 9.992148797474209587e-01 2.113458957330929951e-07
4.412499815225601196e-02 9.991166987494816132e-01 2.907262468296620463e-07
4.912500083446502686e-02 9.990189823271735658e-01 4.127198028274708559e-07
5.412499979138374329e-02 9.989217375195215132e-01 6.544269299844191450e-07
5.912499874830245972e-02 9.988250741504487440e-01 1.215699612946500803e-06
6.412500143051147461e-02 9.987310280875554280e-01 4.058361556085329105e-06
6.912499666213989258e-02 9.986584954034715134e-01 1.337061976156537537e-05
7.412499934434890747e-02 9.985931072537861386e-01 1.995425434812666922e-05
7.537499815225601196e-02 9.985765587337432914e-01 2.122756300701035499e-05
8.006250113248825073e-02 9.983983987475198996e-01 7.971172176656269150e-06
8.574609458446502686e-02 9.981260163443428368e-01 -2.755218976369453023e-06
9.167870879173278809e-02 9.978682360573420951e-01 -8.017040552600981945e-06
9.667871147394180298e-02 9.976434766678583532e-01 -1.146113278255576115e-05
1.016787141561508179e-01 9.974106912764291177e-01 -1.440149332795824343e-05
1.066787093877792358e-01 9.971702442471943595e-01 -1.705608197620936696e-05
1.116787120699882507e-01 9.969235386924137909e-01 -1.953739584201857996e-05
1.166787073016166687e-01 9.966721110873753009e-01 -2.190467886744983653e-05
1.216787099838256836e-01 9.964171376304020722e-01 -2.419790696530114963e-05
1.266787052154541016e-01 9.961594200134277211e-01 -2.644608418146769183e-05
1.316787153482437134e-01 9.958994941105918652e-01 -2.867190078610465682e-05
1.366787105798721313e-01 9.956376959785583347e-01 -3.089318791079142997e-05
1.416787058115005493e-01 9.953742484440878391e-01 -3.312578099587606956e-05
1.466787159442901611e-01 9.951092880491225756e-01 -3.538451615780119136e-05
1.516787111759185791e-01 9.948429168216765817e-01 -3.768429751434023138e-05
1.566787064075469971e-01 9.945752165052625937e-01 -4.004121181510743744e-05
1.616787165403366089e-01 9.943062718709310133e-01 -4.247386777211749407e-05
1.666787117719650269e-01 9.940361888824946757e-01 -4.500456390872834515e-05
1.716787070035934448e-01 9.937651292104570100e-01 -4.766211209316102552e-05
1.766787171363830566e-01 9.934934349665566211e-01 -5.045011048279111492e-05
1.816787123680114746e-01 9.932209335811554851e-01 -5.355355521989246895e-05
1.866787075996398926e-01 9.929488584730361556e-01 -5.695395289905487760e-05
1.916787177324295044e-01 9.926782050965323734e-01 -6.089282059480273306e-05
1.966787129640579224e-01 9.924119828239319485e-01 -6.589537102078635116e-05
2.004287093877792358e-01 9.922225364806159797e-01 -7.197094696854787867e-05
2.050771415233612061e-01 9.921000005328466376e-01 -9.821345881810264120e-05
2.104165107011795044e-01 9.918301603529189325e-01 -1.022282337385510678e-04
2.150493264198303223e-01 9.915908044482033556e-01 -1.055374978080628407e-04
2.201175540685653687e-01 9.913274637858073834e-01 -1.113679555673447808e-04
2.250273823738098145e-01 9.910702544923812862e-01 -1.220513312589554611e-04
2.302539795637130737e-01 9.907896889580619648e-01 -1.473760321026756676e-04
2.350054383277893066e-01 9.905174097939143385e-01 -1.682228393970973922e-04
2.402320355176925659e-01 9.901962437705387199e-01 -1.169020576136452861e-04
2.456962019205093384e-01 9.898838333856492255e-01 -1.877663095319081861e-05
2.506852149963378906e-01 9.896206023201109536e-01 4.738747837051512815e-05
2.556742429733276367e-01 9.893642885722810920e-01 9.148724613681672542e-05
2.606632709503173828e-01 9.891092875647166105e-01 1.209109193748897961e-04
2.656522989273071289e-01 9.888537331232948313e-01 1.408359006283775290e-04
2.706413269042968750e-01 9.885972062368241220e-01 1.546812317674122199e-04
2.756303548812866211e-01 9.883398970346602974e-01 1.647697909483833889e-04
2.806193828582763672e-01 9.880817328559027279e-01 1.724522146913740484e-04
2.856084108352661133e-01 9.878230043441529329e-01 1.783840358257293647e-04
2.904192507266998291e-01 9.875732651967851217e-01 1.832748925875103674e-04
2.956309914588928223e-01 9.873021262032646295e-01 1.877276197312370044e-04
3.004418611526489258e-01 9.870516374376083757e-01 1.912541569225371886e-04
3.061547279357910156e-01 9.867540208120194611e-01 1.950076648167201466e-04
3.102138936519622803e-01 9.865425073532831934e-01 1.975956180739024237e-04
3.152138888835906982e-01 9.862818836030505798e-01 2.007229933663019967e-04
3.202138841152191162e-01 9.860211254301525230e-01 2.037785356006925131e-04
3.252138793468475342e-01 9.857602631099640078e-01 2.067701684104071753e-04
3.302138745784759521e-01 9.854992821103050193e-01 2.097049875864907050e-04
3.352138698101043701e-01 9.852381848532056896e-01 2.125857368348136754e-04
3.402138948440551758e-01 9.849769398522756347e-01 2.154164371036347938e-04
3.452138900756835938e-01 9.847155519515748967e-01 2.182013931728544695e-04
3.502138853073120117e-01 9.844540223621187636e-01 2.209449807802836118e-04
3.552138805389404297e-01 9.841923220195466504e-01 2.236515047058226574e-04
3.602138757705688477e-01 9.839305756584046936e-01 2.266029516855875778e-04
3.652138710021972656e-01 9.836685883052765922e-01 2.292948109763009285e-04
3.702138662338256836e-01 9.834063878135076431e-01 2.319219330000498900e-04
3.752138912677764893e-01 9.831440419999379898e-01 2.345248347236996724e-04
3.802138864994049072e-01 9.828815012129525908e-01 2.371370082809811557e-04
3.852138817310333252e-01 9.826187933058966317e-01 2.397434579001532582e-04
3.902138769626617432e-01 9.823558807373047319e-01 2.423478733925592461e-04
3.952138721942901611e-01 9.820927780393569062e-01 2.449545595380994744e-04
4.002138674259185791e-01 9.818294900561136407e-01 2.475671115375700565e-04
4.052138924598693848e-01 9.815659804571241764e-01 2.501914188975379446e-04
4.102138876914978027e-01 9.813022783067492094e-01 2.528311477767096710e-04
4.154873192310333252e-01 9.810246155753968855e-01 2.550803716220553167e-04
4.207607507705688477e-01 9.807475837828620868e-01 2.585978498534550834e-04
4.260341823101043701e-01 9.804718647305927792e-01 2.630650997161865234e-04
4.302529394626617432e-01 9.802524227566189463e-01 2.662078492225162770e-04
4.355263710021972656e-01 9.799821908133370396e-01 2.704666010917179263e-04
4.407998323440551758e-01 9.797185298374720963e-01 2.706390288141038622e-04
4.450185596942901611e-01 9.795131768120659554e-01 2.610126185038733082e-04
4.502919912338256836e-01 9.792599196661087024e-01 2.220589490163893929e-04
4.555654525756835938e-01 9.790020098005023375e-01 1.440830528736114502e-04
4.613662362098693848e-01 9.787064785427517233e-01 2.008131926967984286e-05
4.661123156547546387e-01 9.784531535799541047e-01 -9.699410625866481739e-05
4.700673818588256836e-01 9.782335432748945347e-01 -2.019500685116601337e-04
4.752089977264404297e-01 9.779343184213790119e-01 -3.463792422461131008e-04
4.803506135940551758e-01 9.776172916472903873e-01 -4.652670924625699382e-04
4.851955771446228027e-01 9.773174080016120424e-01 -4.954211768649872949e-04
4.905349314212799072e-01 9.770039658319381592e-01 -4.687434151059105092e-04
4.958742856979370117e-01 9.767047579326326723e-01 -4.427279744829450397e-04
5.003237724304199219e-01 9.764603872147817887e-01 -4.303476640156337425e-04
5.056630969047546387e-01 9.761696467323908166e-01 -4.225447064354306186e-04
5.101125836372375488e-01 9.759282018267919634e-01 -4.192993754432315016e-04
5.154519081115722656e-01 9.756388055710566443e-01 -4.173921687262398933e-04
5.203463435173034668e-01 9.753735230461000327e-01 -4.167286649582878128e-04
5.256856679916381836e-01 9.750839693584139045e-01 -4.165265295240613884e-04
5.320261716842651367e-01 9.747397334991939610e-01 -4.167530271742078836e-04
5.365312695503234863e-01 9.744948468889509385e-01 -4.169857218152000925e-04
5.415312647819519043e-01 9.742227463495163331e-01 -4.172484079996744647e-04
5.465312600135803223e-01 9.739503285241506436e-01 -4.175156354904174805e-04
5.515312552452087402e-01 9.736775958348834470e-01 -4.177886815298171110e-04
5.565312504768371582e-01 9.734045458596849443e-01 -4.180677353389679329e-04
5.615312457084655762e-01 9.731312149290054503e-01 -4.180806496786692965e-04
5.665312409400939941e-01 9.728574359227740720e-01 -4.183461741795615574e-04
5.715312361717224121e-01 9.725833517407613815e-01 -4.186402237604534881e-04
5.765312314033508301e-01 9.723089575389074479e-01 -4.189184260746789596e-04
5.815312266349792480e-01 9.720341733902220227e-01 -4.191719350360688921e-04
5.865312218666076660e-01 9.717590428912450395e-01 -4.194017913606431580e-04
5.915312767028808594e-01 9.714835393996466006e-01 -4.196086100169590634e-04
5.960624814033508301e-01 9.712334284706720666e-01 -4.202757089857071218e-04
6.013359427452087402e-01 9.709419928656684018e-01 -4.197822203711857637e-04
6.060820221900939941e-01 9.706794060601128260e-01 -4.191693332460191563e-04
6.110820174217224121e-01 9.704023403591579555e-01 -4.185855861694093619e-04
6.156132817268371582e-01 9.701505872938367414e-01 -4.191219806671142470e-04
6.208867430686950684e-01 9.698574514237661148e-01 -4.172470834520128086e-04
6.256328225135803223e-01 9.695927744063119746e-01 -4.165427079276433158e-04
6.303789019584655762e-01 9.693277219742062467e-01 -4.142971738936409090e-04
6.351249814033508301e-01 9.690620761447481524e-01 -4.111543061241270790e-04
6.410576105117797852e-01 9.687285044836618786e-01 -4.061451980045863684e-04
6.458036899566650391e-01 9.684607417999752110e-01 -3.991871599167112327e-04
6.505498290061950684e-01 9.681918020097036726e-01 -3.890346440057906060e-04
6.552959084510803223e-01 9.679216463603671494e-01 -3.730945643924531586e-04
6.600419878959655762e-01 9.676508101205977264e-01 -3.480799614437042719e-04
6.659746170043945312e-01 9.673171197800408683e-01 -2.927821780007982947e-04
6.701274514198303223e-01 9.671012708875867947e-01 -2.295408693570939371e-04
6.752443313598632812e-01 9.668807232569134325e-01 -1.543573443851773710e-04
6.805836558341979980e-01 9.666646830240885890e-01 -2.344821653668842712e-04
6.852555871009826660e-01 9.664380609421503454e-01 -4.109051019426375830e-04
6.905949711799621582e-01 9.661500936841207476e-01 -5.825891381218320075e-04
6.952669024467468262e-01 9.658886573428200339e-01 -6.840861978985013879e-04
7.007731199264526367e-01 9.655769348144531694e-01 -7.621890968746608845e-04
7.052782177925109863e-01 9.653208027188739937e-01 -8.056134458572145919e-04
7.112849950790405273e-01 9.649787030901227913e-01 -8.471031037587967855e-04
7.157900333404541016e-01 9.647219146244110366e-01 -8.706311384836832538e-04
7.202951312065124512e-01 9.644648548913380415e-01 -8.899641415429493775e-04
7.259264588356018066e-01 9.641432504805307335e-01 -9.109907680087619237e-04
7.326841354370117188e-01 9.637558395143539514e-01 -9.333075985075935024e-04
7.376841306686401367e-01 9.634688870868985955e-01 -9.484813326881045377e-04
7.426841259002685547e-01 9.631818837968129099e-01 -9.622818893856472126e-04
7.476841211318969727e-01 9.628947933136471349e-01 -9.751735225556389195e-04
7.526841163635253906e-01 9.626072741311693104e-01 -9.875512312329003724e-04
7.576841115951538086e-01 9.623203580341641583e-01 -1.004340913560655343e-03
7.614340782165527344e-01 9.621036372109065260e-01 -1.018603737392122710e-03
7.651841044425964355e-01 9.618864513578868625e-01 -1.034238981822180456e-03
7.726840972900390625e-01 9.614502074226500827e-01 -1.073106508406381767e-03
7.754966020584106445e-01 9.612857782273065421e-01 -1.090931135510641399e-03
7.811216115951538086e-01 9.609550403413319453e-01 -1.134447256724039612e-03
7.867466211318969727e-01 9.606208607507131791e-01 -1.189049652644566177e-03
7.923716306686401367e-01 9.602816142733134885e-01 -1.255873082176087348e-03
7.951841354370117188e-01 9.601094539581783716e-01 -1.293417574867369683e-03
8.004575371742248535e-01 9.597813439747643338e-01 -1.360664575818985303e-03
8.057309985160827637e-01 9.594463651142423055e-01 -1.411556440686422692e-03
8.110044002532958984e-01 9.591055927579364981e-01 -1.426328553093804191e-03
8.161460161209106445e-01 9.587718515547495324e-01 -1.395231579977368463e-03
8.205955028533935547e-01 9.584838285900296739e-01 -1.329633640864538724e-03
8.251562118530273438e-01 9.582026502821181513e-01 -1.226775040702214213e-03
8.304120898246765137e-01 9.579343426416790930e-01 -1.067649277429732124e-03
8.356680274009704590e-01 9.577148340618799605e-01 -9.888724675254216036e-04
8.401731252670288086e-01 9.575125945560515328e-01 -1.038855598086402439e-03
8.454290628433227539e-01 9.572445630270337569e-01 -1.150941564923240942e-03
8.510603904724121094e-01 9.569349161783854418e-01 -1.258508742801726791e-03
8.550023436546325684e-01 9.567113628084698007e-01 -1.318374512687562087e-03
8.600705862045288086e-01 9.564198860289557791e-01 -1.379689716157458989e-03
8.659834861755371094e-01 9.560765971834698229e-01 -1.437404893693469904e-03
8.710516691207885742e-01 9.557805766756573007e-01 -1.479329665501912406e-03
8.798528313636779785e-01 9.552641756572419762e-01 -1.547393912360781748e-03
8.848528861999511719e-01 9.549702138749379676e-01 -1.591531057206411245e-03
8.898528814315795898e-01 9.546750071692088335e-01 -1.644781846848745099e-03
8.911028504371643066e-01 9.546008639865452006e-01 -1.660308572981092573e-03
8.954778313636779785e-01 9.543409075055804269e-01 -1.722022086854964979e-03
9.011028409004211426e-01 9.540034896608382553e-01 -1.834022809588719887e-03
9.056731462478637695e-01 9.537238081674728196e-01 -1.964240414755685001e-03
9.109466075897216797e-01 9.533870152064732872e-01 -2.170983761075943180e-03
9.151653647422790527e-01 9.531012786380828050e-01 -2.339090241326226196e-03
9.204058647155761719e-01 9.527242363823784643e-01 -2.451582371242462446e-03
9.255227446556091309e-01 9.523559860956101186e-01 -2.378607174706837569e-03
9.301946759223937988e-01 9.520434085906497312e-01 -2.219551517849876858e-03
9.355340003967285156e-01 9.517650107731894238e-01 -1.961870988210042115e-03
9.402059316635131836e-01 9.515770903087797938e-01 -1.834932773832290837e-03
9.452115893363952637e-01 9.513594030955481173e-01 -1.883797229282439594e-03
9.500920772552490234e-01 9.511133635990203228e-01 -2.010353027828155892e-03
9.556295871734619141e-01 9.508089677114336391e-01 -2.169179537939647066e-03
9.606978297233581543e-01 9.505180576869418640e-01 -2.310452007112048962e-03
9.653436541557312012e-01 9.502449592711433857e-01 -2.445162288726322221e-03
9.715799689292907715e-01 9.498710026816716834e-01 -2.649494390639047653e-03
9.751880764961242676e-01 9.496478319924974709e-01 -2.807227770487467477e-03
9.806002974510192871e-01 9.492967151460194319e-01 -3.083239472101604976e-03
9.854111671447753906e-01 9.489604550316220744e-01 -3.305373116145058320e-03
9.902219772338867188e-01 9.486075410388764562e-01 -3.365001602778359188e-03
9.950328469276428223e-01 9.482579210069443931e-01 -3.240931980193607551e-03
1.000000000000000000e+00 9.479364207434276546e-01 -2.980054938603961256e-03
