0.000000000000000000e+00 1.000000000000000000e+00 0.000000000000000000e+00
5.750000011175870895e-03 9.998992296899187338e-01 2.116280092164304180e-08
1.412499975413084030e-02 9.997530898657338572e-01 8.246709920309387889e-08
1.912499964237213135e-02 9.996662738251276270e-01 1.964306742091390281e-07
2.412500046193599701e-02 9.995785045726546247e-01 1.208166364010359098e-06
2.537499926984310150e-02 9.995532134483600117e-01 2.349837751384695866e-06
3.006250038743019104e-02 9.994463567589890740e-01 5.664426837405511280e-06
3.928124904632568359e-02 9.992237055096133691e-01 9.286365921384302321e-06
4.428125172853469849e-02 9.990965769208710601e-01 1.073436779451781236e-05
4.928125068545341492e-02 9.989642797872937408e-01 1.199450644921383018e-05
5.428124964237213135e-02 9.988263929712362099e-01 1.311930024932170678e-05
5.928124859929084778e-02 9.986826053981122664e-01 1.414053358844128113e-05
6.428124755620956421e-02 9.985328161510927947e-01 1.507973426888728906e-05
6.928125023841857910e-02 9.983772185342065786e-01 1.595344832006456546e-05
7.428125292062759399e-02 9.982163435426251175e-01 1.677574292788731501e-05
7.928124815225601196e-02 9.980509992303518985e-01 1.755700615266787455e-05
8.428125083446502686e-02 9.978820609635320471e-01 1.830108873224977836e-05
8.928125351667404175e-02 9.977102620848293801e-01 1.900786020118614618e-05
9.428124874830245972e-02 9.975362304983468320e-01 1.967929359846587792e-05
9.928125143051147461e-02 9.973605739659276992e-01 2.031986087817570154e-05
1.042812466621398926e-01 9.971838305736410168e-01 2.093355629015071791e-05
1.092812493443489075e-01 9.970064381073260318e-01 2.152341666856202621e-05
1.142812520265579224e-01 9.968287369300579126e-01 2.209190479961448632e-05
1.192812472581863403e-01 9.966509913576059310e-01 2.264109207317233086e-05
1.242812499403953552e-01 9.964733855477694302e-01 2.317257618916959610e-05
1.292812526226043701e-01 9.962958623623026089e-01 2.368704560373363800e-05
1.342812478542327881e-01 9.961189594762078769e-01 2.418805299134090193e-05
1.392812430858612061e-01 9.959425284944731782e-01 2.467420939677234307e-05
1.442812532186508179e-01 9.957666142233486672e-01 2.514771868249979477e-05
1.492812484502792358e-01 9.955912425600249582e-01 2.560916091797166787e-05
1.542812436819076538e-01 9.954164324135617026e-01 2.605934298179786909e-05
1.592812538146972656e-01 9.952421862503577632e-01 2.649904164517747805e-05
1.642812490463256836e-01 9.950684942048171333e-01 2.692892729979137000e-05
1.692812442779541016e-01 9.948953435338776519e-01 2.734966030151679762e-05
1.742812544107437134e-01 9.947227116288809290e-01 2.776188294178452950e-05
1.792812496423721313e-01 9.945505734147696009e-01 2.816612912534639590e-05
1.842812448740005493e-01 9.943788960062225346e-01 2.856296687868648492e-05
1.892812550067901611e-01 9.942076461068515281e-01 2.895298429989609260e-05
1.942812502384185791e-01 9.940367850764044722e-01 2.933660489988738023e-05
1.992812454700469971e-01 9.938662738635622995e-01 2.971433448316208154e-05
2.042812556028366089e-01 9.936960721838064003e-01 3.008665075397183038e-05
2.092812508344650269e-01 9.935261418079507356e-01 3.045402539508609924e-05
2.142812460660934448e-01 9.933564325858806887e-01 3.081681969543469503e-05
2.192812561988830566e-01 9.931868939564145737e-01 3.117553945951934472e-05
2.242812514305114746e-01 9.930174967338298853e-01 3.153054999059130289e-05
2.292812466621398926e-01 9.928481899458786453e-01 3.188232497858076587e-05
2.342812567949295044e-01 9.926789283752441850e-01 3.223108119684560359e-05
2.392812520265579224e-01 9.925096585832793306e-01 3.257743685088794597e-05
2.442812472581863403e-01 9.923403476846628379e-01 3.292167495036947176e-05
2.492812573909759521e-01 9.921709553948764304e-01 3.326402431161239393e-05
2.542812526226043701e-01 9.920014249867407097e-01 3.360495260306473389e-05
2.592812478542327881e-01 9.918317211085352358e-01 3.394476491315611571e-05
2.642812430858612061e-01 9.916618067642737344e-01 3.428371012981595688e-05
2.692812383174896240e-01 9.914916400251717610e-01 3.462218968518849030e-05
2.742812633514404297e-01 9.913211756739123137e-01 3.496052071066766277e-05
2.792812585830688477e-01 9.911503841137063731e-01 3.529906850950471193e-05
2.842812538146972656e-01 9.909792217715033269e-01 3.563809401259339832e-05
2.892812490463256836e-01 9.908076623390460469e-01 3.597790230836333923e-05
2.942812442779541016e-01 9.906356605990179753e-01 3.631870615585097045e-05
2.992812395095825195e-01 9.904631918874280405e-01 3.666068218519975282e-05
3.042812645435333252e-01 9.902902224968219702e-01 3.700405118408901751e-05
3.092812597751617432e-01 9.901167187197454922e-01 3.734887336734039843e-05
3.142812550067901611e-01 9.899426600028728984e-01 3.769557425302678071e-05
3.192812502384185791e-01 9.897680134608828340e-01 3.804435455722027741e-05
3.242812454700469971e-01 9.895927388092566890e-01 3.839545915352887191e-05
3.292812407016754150e-01 9.894168360479946855e-01 3.874910481531044766e-05
3.342812359333038330e-01 9.892402632483120462e-01 3.910556050210163348e-05
3.392812609672546387e-01 9.890630006790160911e-01 3.946500685836734466e-05
3.442812561988830566e-01 9.888850425851755110e-01 3.982738768360738143e-05
3.492812514305114746e-01 9.887063338838775195e-01 4.019288362228664555e-05
3.542812466621398926e-01 9.885268910177822388e-01 4.056180779147764966e-05
3.592812418937683105e-01 9.883466802794357298e-01 4.093442915071700901e-05
3.642812371253967285e-01 9.881656646728516069e-01 4.131091228718387529e-05
3.692812621593475342e-01 9.879838573521582124e-01 4.169117691444939651e-05
3.742812573909759521e-01 9.878012377640296160e-01 4.207547192044299014e-05
3.792812526226043701e-01 9.876177672682138198e-01 4.246394984937947162e-05
3.842812478542327881e-01 9.874334573745727761e-01 4.285682346029528350e-05
3.892812430858612061e-01 9.872482858855148313e-01 4.325425332604810946e-05
3.942812383174896240e-01 9.870622421133108393e-01 4.365628360417382657e-05
3.992812633514404297e-01 9.868753046825015085e-01 4.406305881024434812e-05
4.042812585830688477e-01 9.866874678381558628e-01 4.447479973193900525e-05
4.092812538146972656e-01 9.864987159597463640e-01 4.489145016875760496e-05
4.142812490463256836e-01 9.863090531579379316e-01 4.531336739530850984e-05
4.192812442779541016e-01 9.861184514802078249e-01 4.574073205605662845e-05
4.242812395095825195e-01 9.859269586102715754e-01 4.579147709340884931e-05
4.280312359333038330e-01 9.857827038600527336e-01 4.606984619950426176e-05
4.317812621593475342e-01 9.856379311660241616e-01 4.635214934061313778e-05
4.355312585830688477e-01 9.854926240855249597e-01 4.662989221256354526e-05
4.430312514305114746e-01 9.852004100536477793e-01 4.714276994867571562e-05
4.467812478542327881e-01 9.850534883038750689e-01 4.736490644000727765e-05
4.505312442779541016e-01 9.849060420332284016e-01 4.755154830114594728e-05
4.580312371253967285e-01 9.846095446882576763e-01 4.775525905705731280e-05
4.617812633514404297e-01 9.844604886811355593e-01 4.772256240890971452e-05
4.655312597751617432e-01 9.843109196630017710e-01 4.755129941321652301e-05
4.730312526226043701e-01 9.840102245067727793e-01 4.652493777845440216e-05
4.767812490463256836e-01 9.838591246769345933e-01 4.547077295338285521e-05
4.805312454700469971e-01 9.837075167688830168e-01 4.385594792407134250e-05
4.880312383174896240e-01 9.834028507101125749e-01 3.802854615938046649e-05
4.917812645435333252e-01 9.832498007807238816e-01 3.288320169366639026e-05
4.955312609672546387e-01 9.830962263304611204e-01 2.606700029994907074e-05
5.030312538146972656e-01 9.827873460177716236e-01 6.083700131496478655e-06
5.067812204360961914e-01 9.826318823058028951e-01 -7.112061400127051352e-06
5.105312466621398926e-01 9.824756145477294700e-01 -2.159669007784847602e-05
5.180312395095825195e-01 9.821603232416613594e-01 -5.376238199272032395e-05
5.217812657356262207e-01 9.820011961049047722e-01 -6.989704380775319979e-05
5.255312323570251465e-01 9.818410380133266724e-01 -8.488663247433202207e-05
5.330312252044677734e-01 9.815177292659365005e-01 -1.113210435442883332e-04
5.367812514305114746e-01 9.813546690447576548e-01 -1.210169465248954712e-04
5.405312776565551758e-01 9.811907669593548098e-01 -1.279279621767586610e-04
5.480312705039978027e-01 9.808609370527596738e-01 -1.319556272235409883e-04
5.517812371253967285e-01 9.806952509386785977e-01 -1.298199439870900056e-04
5.555312633514404297e-01 9.805291471810176906e-01 -1.255378432186513168e-04
5.630312561988830566e-01 9.801957607269287109e-01 -1.129026059061288834e-04
5.680312514305114746e-01 9.799727998930831685e-01 -1.037887313627991150e-04
5.730312466621398926e-01 9.797488903177195008e-01 -9.737016857954962313e-05
5.780312418937683105e-01 9.795245121265280241e-01 -8.607606788904501960e-05
5.830312371253967285e-01 9.792992279447357840e-01 -7.629567147072018594e-05
5.855312347412109375e-01 9.791862306923702075e-01 -7.242653197769461661e-05
5.914687514305114746e-01 9.789173422188595097e-01 -6.109592103367221907e-05
5.970937609672546387e-01 9.786611573449496282e-01 -5.112793136002688899e-05
6.021035313606262207e-01 9.784317805849273020e-01 -4.269209577991017073e-05
6.056630611419677734e-01 9.782684589254445617e-01 -3.648762077350041196e-05
6.127822399139404297e-01 9.779397717837629012e-01 -2.692619756121059839e-05
6.159072518348693848e-01 9.777947738252837917e-01 -2.319123074091200218e-05
6.213564276695251465e-01 9.775411408523033696e-01 -1.792413592017416343e-05
6.272890567779541016e-01 9.772631102594836472e-01 -1.274415588905585194e-05
6.304140686988830566e-01 9.771165190071895434e-01 -1.150557213334430961e-05
6.360390782356262207e-01 9.768510242988324155e-01 -9.285034170245815851e-06
6.403164267539978027e-01 9.766482895818249244e-01 -8.381935787901025861e-06
6.455121040344238281e-01 9.764009525035989290e-01 -8.152127928293213937e-06
6.502107381820678711e-01 9.761763819332781589e-01 -1.000920872621495189e-05
6.551552414894104004e-01 9.759391455814755423e-01 -1.313223238584810220e-05
6.600224375724792480e-01 9.757047718968884231e-01 -1.804432871847830888e-05
6.650215387344360352e-01 9.754633541764883287e-01 -2.515293328605335463e-05
6.704092025756835938e-01 9.752026130413187222e-01 -3.616597728225691378e-05
6.753668785095214844e-01 9.749623676826214558e-01 -5.467643897081243441e-05
6.802229881286621094e-01 9.747264796289905053e-01 -8.601274598261406243e-05
6.858599185943603516e-01 9.744511883834313659e-01 -1.386340450623939759e-04
6.902586817741394043e-01 9.742338953347042807e-01 -1.833290182824792421e-04
6.955372095108032227e-01 9.739695269485999507e-01 -2.231954853853275055e-04
7.008156776428222656e-01 9.737011925927523404e-01 -2.413711285796658662e-04
7.052144408226013184e-01 9.734750402384790835e-01 -2.368037781581796327e-04
7.104929089546203613e-01 9.732016366103600769e-01 -2.029990167196454561e-04
7.151390910148620605e-01 9.729600955700051790e-01 -1.511277695154321474e-04
7.207475900650024414e-01 9.726681199567071001e-01 -7.292369765968157813e-05
7.255036234855651855e-01 9.724202780887998276e-01 -1.321048255014265347e-05
7.300634384155273438e-01 9.721824317142880867e-01 3.693698391575238034e-05
7.355390191078186035e-01 9.718965892134041606e-01 1.055734826187635300e-04
7.405384778976440430e-01 9.716350785617169361e-01 1.852279528975486755e-04
7.455379366874694824e-01 9.713729891283758855e-01 2.794586250494266117e-04
7.505373954772949219e-01 9.711103209133806757e-01 3.583902364660953915e-04
7.555145621299743652e-01 9.708485110052700318e-01 3.757422211869009703e-04
7.603354454040527344e-01 9.705949849095837356e-01 3.269593199265414065e-04
7.652693390846252441e-01 9.703365523239660950e-01 2.237543110446683198e-04
7.701825499534606934e-01 9.700805992915713105e-01 8.342144529110398412e-05
7.754312157630920410e-01 9.698041817237591511e-01 -7.564539154028070524e-05
7.803179025650024414e-01 9.695387544303104566e-01 -1.977139818963819467e-05
7.852045893669128418e-01 9.692648361469137219e-01 4.210154172675362855e-04
7.900912165641784668e-01 9.689867414277175683e-01 1.474037124165173242e-03
7.950062751770019531e-01 9.687063611786941308e-01 3.524057824036170607e-03
8.000819683074951172e-01 9.684116199098784517e-01 7.663458585739135742e-03
8.050352931022644043e-01 9.680775346427127337e-01 1.792550909108129101e-02
8.102638125419616699e-01 9.673741801031704446e-01 4.700721132344212738e-02
8.152171969413757324e-01 9.661890391645761023e-01 8.031787543461241241e-02
8.201705217361450195e-01 9.653355631335027720e-01 9.592004480033085312e-02
8.251238465309143066e-01 9.646347440522292649e-01 1.059283305858743640e-01
8.300772309303283691e-01 9.639047096515523938e-01 1.154483269000875501e-01
8.350305557250976562e-01 9.631446443755050657e-01 1.247936281664618063e-01
8.402590751647949219e-01 9.623442090790848003e-01 1.341053370771737030e-01
8.452124595642089844e-01 9.615928452590416509e-01 1.423878505312163312e-01
8.501657843589782715e-01 9.608386796096276550e-01 1.503597456833411783e-01
8.551191091537475586e-01 9.600872335762813403e-01 1.579939414714944812e-01
8.600724935531616211e-01 9.593372805365201206e-01 1.653335505518420123e-01
8.650258183479309082e-01 9.586000376734240547e-01 1.722477386737691907e-01
8.702543377876281738e-01 9.578521399662411895e-01 1.788477075511011594e-01
8.752076625823974609e-01 9.571554611469137441e-01 1.846623913995150967e-01
8.801610469818115234e-01 9.564272781898235376e-01 1.906253880467908002e-01
8.851143717765808105e-01 9.556788641830969988e-01 1.967391310067012344e-01
8.900676965713500977e-01 9.549239421712941711e-01 2.028730819965230969e-01
8.950210809707641602e-01 9.541670667714086118e-01 2.089205445914432968e-01
9.002496004104614258e-01 9.533630140896501848e-01 2.152380943298339844e-01
9.052029252052307129e-01 9.526043004003064141e-01 2.211017773069184345e-01
9.101563096046447754e-01 9.518481155921673098e-01 2.268501643476815155e-01
9.151096343994140625e-01 9.510914835436590220e-01 2.325073275072821188e-01
9.200629591941833496e-01 9.503398928148992786e-01 2.380031223954825470e-01
9.250163435935974121e-01 9.495993811508703919e-01 2.432571444018133688e-01
9.302448630332946777e-01 9.488305683793691880e-01 2.485617275895743439e-01
9.351981878280639648e-01 9.480983701245537798e-01 2.535208998055293872e-01
9.401515722274780273e-01 9.473530078756399186e-01 2.585304030056657654e-01
9.451048970222473145e-01 9.465958562390557329e-01 2.636295351488837091e-01
9.500582218170166016e-01 9.458324629684973228e-01 2.687810536088614533e-01
9.550861716270446777e-01 9.450521765084103354e-01 2.740391698376885565e-01
9.600327610969543457e-01 9.442827487814016152e-01 2.791957526371396936e-01
9.650196433067321777e-01 9.435039980658169734e-01 2.843732176155879809e-01
9.702840447425842285e-01 9.426777675234039311e-01 2.898207368521854566e-01
9.752607345581054688e-01 9.418936959628400052e-01 2.949514060184873498e-01
9.801678657531738281e-01 9.411189704105771270e-01 2.999868721797548377e-01
9.850622415542602539e-01 9.403449814895104009e-01 3.049870523913153497e-01
9.900158047676086426e-01 9.395604626885776245e-01 3.100245574425006811e-01
9.950185418128967285e-01 9.387660651371396714e-01 3.150963947690766376e-01
1.000000000000000000e+00 9.379738117086476867e-01 3.201270925587621496e-01
