0.000000000000000000e+00 1.000000000000000000e+00 0.000000000000000000e+00
5.750000011175870895e-03 9.998824357385395212e-01 8.133146434948004795e-09
1.412499975413084030e-02 9.997112030542197880e-01 3.580951807871774261e-08
1.912499964237213135e-02 9.996091028021163449e-01 9.053683778106728161e-08
2.412500046193599701e-02 9.995085630497010376e-01 1.378851539666662694e-06
2.912499941885471344e-02 9.994261644667938871e-01 5.237184104924441972e-06
3.412500023841857910e-02 9.993402897410031960e-01 7.244585348027093046e-06
3.912499919533729553e-02 9.991539997613729795e-01 5.730339365095651591e-06
4.412499815225601196e-02 9.989359379616103984e-01 4.945336175816399517e-06
4.912500083446502686e-02 9.987257904565634004e-01 4.640181290627527487e-06
5.412499979138374329e-02 9.985184900299841626e-01 4.453096194427554428e-06
5.912499874830245972e-02 9.983124147944089088e-01 4.295786028774846416e-06
6.412500143051147461e-02 9.981063892460670939e-01 4.126197666305453832e-06
6.912499666213989258e-02 9.978995985143324088e-01 3.912381655653985734e-06
7.037500292062759399e-02 9.978476731116030507e-01 3.844613459806482318e-06
7.517236471176147461e-02 9.976680996037330384e-01 -4.013063965224418034e-05
8.222661912441253662e-02 9.973570455022219283e-01 5.592887892442590781e-06
8.560542762279510498e-02 9.972031588514311817e-01 5.155396765144933086e-06
9.236305207014083862e-02 9.968927848238905431e-01 3.981594575428161218e-06
9.574186056852340698e-02 9.967362844643472553e-01 3.355026573819272504e-06
1.024994775652885437e-01 9.964202791101792744e-01 2.013469122725875347e-06
1.058782935142517090e-01 9.962603493698504176e-01 1.259610847327388653e-06
1.107611060142517090e-01 9.960212643406972655e-01 -4.581333736756018366e-07
1.152929663658142090e-01 9.957839193263975375e-01 -3.291234499266167642e-06
1.202986091375350952e-01 9.955590615152309919e-01 -2.962774636239564776e-06
1.263053864240646362e-01 9.952892018165908627e-01 -2.453644259073653999e-06
1.323121637105941772e-01 9.950193190374294616e-01 -1.805974561877611359e-06
1.353155523538589478e-01 9.948843665884321563e-01 -1.421995155763726200e-06
1.413223296403884888e-01 9.946143911666229798e-01 -5.244262743459529536e-07
1.473290920257568359e-01 9.943442766205603522e-01 5.939457870769400377e-07
1.503324806690216064e-01 9.942091440152720505e-01 1.243005326690793958e-06
1.563392579555511475e-01 9.939386992895302697e-01 2.765654734954112695e-06
1.623460352420806885e-01 9.936679436178768032e-01 4.585556091130280281e-06
1.653494238853454590e-01 9.935324231316060573e-01 5.685730579019594951e-06
1.713562011718750000e-01 9.932610603140181738e-01 8.042607487750653761e-06
1.758612841367721558e-01 9.930572323839204074e-01 1.003686495187903640e-05
1.808612793684005737e-01 9.928306810395056692e-01 1.251895231108705490e-05
1.858612746000289917e-01 9.926037103989544530e-01 1.527052216169213093e-05
1.908612847328186035e-01 9.923762999462480972e-01 1.824339616949818547e-05
1.958612799644470215e-01 9.921484041614693217e-01 2.135111785986844351e-05
2.008612751960754395e-01 9.919199845770828583e-01 2.444733184676210373e-05
2.058612853288650513e-01 9.916910546567260232e-01 2.707665895714479390e-05
2.108612805604934692e-01 9.914615945255056406e-01 2.910956239499965526e-05
2.158612757921218872e-01 9.912316035422957805e-01 3.043683637090089929e-05
2.208612859249114990e-01 9.910009534819786969e-01 3.109601553247756152e-05
2.258612811565399170e-01 9.907698014203238923e-01 3.103031894239057062e-05
2.308612763881683350e-01 9.905381326114429674e-01 3.038288540199023485e-05
2.358612716197967529e-01 9.903058752492697181e-01 2.931201783548883998e-05
2.408612817525863647e-01 9.900730101000361216e-01 2.794687424888129946e-05
2.458612769842147827e-01 9.898394948494534384e-01 2.640044363606877653e-05
2.508612871170043945e-01 9.896053025702468142e-01 2.476627930623142597e-05
2.558612823486328125e-01 9.893704101818950880e-01 2.311574248205713764e-05
2.608612775802612305e-01 9.891348087086397900e-01 2.150081818093772850e-05
2.658612728118896484e-01 9.888985103318670422e-01 1.994404284393086089e-05
2.708612680435180664e-01 9.886613054035089387e-01 1.852776573485687069e-05
2.758612930774688721e-01 9.884233593339679658e-01 1.720342346850563410e-05
2.808612883090972900e-01 9.881845862124146729e-01 1.597638328035338591e-05
2.858612835407257080e-01 9.879449527003183462e-01 1.485175100945625038e-05
2.908612787723541260e-01 9.877044511041720432e-01 1.382864072543232420e-05
2.958612740039825439e-01 9.874630750127199041e-01 1.290591057984768846e-05
3.008612692356109619e-01 9.872207821116727455e-01 1.207968423596951161e-05
3.058612644672393799e-01 9.869775659897748188e-01 1.134913759071286006e-05
3.108612895011901855e-01 9.867333997197512696e-01 1.070916402239759476e-05
3.158612847328186035e-01 9.864882897128577355e-01 1.016090616208164604e-05
3.208612799644470215e-01 9.862421885258008114e-01 9.702534234824301284e-06
3.258612751960754395e-01 9.859951166745994922e-01 9.335312178405392647e-06
3.308612704277038574e-01 9.857470831350119145e-01 9.089842939577182437e-06
3.358612656593322754e-01 9.854980019962086280e-01 8.938994509081880742e-06
3.408612906932830811e-01 9.852479142902277331e-01 8.925669552648769244e-06
3.458612859249114990e-01 9.849967815495338508e-01 9.012378032217506447e-06
3.508612811565399170e-01 9.847446396771598609e-01 9.222907022017390105e-06
3.558612763881683350e-01 9.844914284073004174e-01 9.574935215861856826e-06
3.608612716197967529e-01 9.842371746672302635e-01 1.007711921795075656e-05
3.658612668514251709e-01 9.839818630699349589e-01 1.074415827248276708e-05
3.708612918853759766e-01 9.837254807929032285e-01 1.158075438452367966e-05
3.758612871170043945e-01 9.834680201426273527e-01 1.260437806989966327e-05
3.808612823486328125e-01 9.832094913771172173e-01 1.381734746093509519e-05
3.858612775802612305e-01 9.829498560288373321e-01 1.522339567416856293e-05
3.908612728118896484e-01 9.826891615410812131e-01 1.690450492275863274e-05
3.958612680435180664e-01 9.824273514947972075e-01 1.873589519943509764e-05
4.008612930774688721e-01 9.821644489705061432e-01 2.073990728925256312e-05
4.058612883090972900e-01 9.819004616617155179e-01 2.289936572563748351e-05
4.108612835407257080e-01 9.816353549476432017e-01 2.520092207343638577e-05
4.158612787723541260e-01 9.813691416508009135e-01 2.768214385048682041e-05
4.208612740039825439e-01 9.811017909971605500e-01 3.018345089018845920e-05
4.258612692356109619e-01 9.808333465832621556e-01 3.272814973562705742e-05
4.308612644672393799e-01 9.805637584013098262e-01 3.527137724792255875e-05
4.358612895011901855e-01 9.802930264513032288e-01 3.783309973087631658e-05
4.408612847328186035e-01 9.800211173947117604e-01 4.038147690917263331e-05
4.458612799644470215e-01 9.797480491830521387e-01 4.298081856314875328e-05
4.508612751960754395e-01 9.794737692440257382e-01 4.563907615276945544e-05
4.558612704277038574e-01 9.791982339810925140e-01 4.848046463076808107e-05
4.608612656593322754e-01 9.789214536522617971e-01 5.154868885248648804e-05
4.658612906932830811e-01 9.786433769674861560e-01 5.511453046518213712e-05
4.708612859249114990e-01 9.783639911042542048e-01 5.924214585488584014e-05
4.758612811565399170e-01 9.780832909335609449e-01 6.407967009464231192e-05
4.808612763881683350e-01 9.778012315766149154e-01 6.971379914203611617e-05
4.858612716197967529e-01 9.775178309849330560e-01 7.611576373837574988e-05
4.908612668514251709e-01 9.772330891585149226e-01 8.325368917288900148e-05
4.958612918853759766e-01 9.769469907103467410e-01 9.088236369004771100e-05
5.008612871170043945e-01 9.766595561564470618e-01 9.876806445482397897e-05
5.058612823486328125e-01 9.763707854968158850e-01 1.061754692502382409e-04
5.102362632751464844e-01 9.761169459238774326e-01 1.128787127863459234e-04
5.172675251960754395e-01 9.757069922695640329e-01 1.220141889668312381e-04
5.214862823486328125e-01 9.754597306451877614e-01 1.261816680932245454e-04
5.257050395011901855e-01 9.752116688960740243e-01 1.300089123870144434e-04
5.341425538063049316e-01 9.747126731551996048e-01 1.346109669749476375e-04
5.383612513542175293e-01 9.744618135340074039e-01 1.353566010459130418e-04
5.409979820251464844e-01 9.743045864586068472e-01 1.358606985637119931e-04
5.455957651138305664e-01 9.740295281931132809e-01 1.357889350722817795e-04
5.511645674705505371e-01 9.736949657792803858e-01 1.347354855857977305e-04
5.560743808746337891e-01 9.733987042082457020e-01 1.329919620722281725e-04
5.602170825004577637e-01 9.731474060571494444e-01 1.308007525796649900e-04
5.657420158386230469e-01 9.728117639878217648e-01 1.277174644109581596e-04
5.703085660934448242e-01 9.725328743557970501e-01 1.244116856270477563e-04
5.763972997665405273e-01 9.721593161190258403e-01 1.195691338106363790e-04
5.809638500213623047e-01 9.718779312262014747e-01 1.155303305938464199e-04
5.855304002761840820e-01 9.715954410328585533e-01 1.113230691236608201e-04
5.907628536224365234e-01 9.712703980517988223e-01 1.058654624874852293e-04
5.959002375602722168e-01 9.709499275784532202e-01 1.000786654087675688e-04
6.010376214981079102e-01 9.706279902097557644e-01 9.403772213879753880e-05
6.054525375366210938e-01 9.703502315232734876e-01 8.875809672499905610e-05
6.100951433181762695e-01 9.700570242745536476e-01 8.283889218538749444e-05
6.150528192520141602e-01 9.697426855263590051e-01 7.657141369931838267e-05
6.202449798583984375e-01 9.694120724461660066e-01 6.976363037814612897e-05
6.257573962211608887e-01 9.690594379841780404e-01 6.280915201211176172e-05
6.302769780158996582e-01 9.687691850421809026e-01 5.731206982075666884e-05
6.352535486221313477e-01 9.684482632164194138e-01 5.157351994714817121e-05
6.400602459907531738e-01 9.681370634191177604e-01 4.677119187447202977e-05
6.450784206390380859e-01 9.678108433314731585e-01 4.249936705376921588e-05
6.501576900482177734e-01 9.674792557403820714e-01 3.958002609365126435e-05
6.555579304695129395e-01 9.671251441250328096e-01 3.792920909008057898e-05
6.602735519409179688e-01 9.668145726308100540e-01 3.719173309181918663e-05
6.650962233543395996e-01 9.664956434233848981e-01 3.571875017731129489e-05
6.700310707092285156e-01 9.661677871832325959e-01 3.292153612906191377e-05
6.751568317413330078e-01 9.658258159220720618e-01 2.439999405075522090e-05
6.802371740341186523e-01 9.654851371701024254e-01 8.553509921336374807e-06
6.851655244827270508e-01 9.651532161937040888e-01 -1.731863354935365417e-05
6.900361776351928711e-01 9.648235417213759657e-01 -5.571588623423536196e-05
6.955873370170593262e-01 9.644459495223870471e-01 -1.181303703484414984e-04
7.001073956489562988e-01 9.641370116161699366e-01 -1.887640532325295876e-04
7.050802707672119141e-01 9.637953378372833280e-01 -2.931473886265473965e-04
7.100659608840942383e-01 9.634509636374080088e-01 -4.392976520442160981e-04
7.152878046035766602e-01 9.630882532456341849e-01 -6.724904064370804775e-04
7.201822400093078613e-01 9.627462050494026702e-01 -1.032267899072470893e-03
7.252234816551208496e-01 9.623914625664719003e-01 -1.723952854380888036e-03
7.304525971412658691e-01 9.620186403418788945e-01 -3.392128583763827972e-03
7.356564402580261230e-01 9.616224657587644220e-01 -8.687709359561696446e-03
7.400483489036560059e-01 9.610898570854123912e-01 -2.490626583580209455e-02
7.451478838920593262e-01 9.592557121725644453e-01 -6.589743990858061562e-02
7.502857446670532227e-01 9.577732785008533645e-01 -8.497723491251969741e-02
7.553173303604125977e-01 9.566906840861344463e-01 -9.542822958040637904e-02
7.601194977760314941e-01 9.556992013113839723e-01 -1.039979630157727153e-01
7.651148438453674316e-01 9.546899055032168624e-01 -1.120338375828847099e-01
7.700698971748352051e-01 9.537057469472163262e-01 -1.193558765058757853e-01
7.750869989395141602e-01 9.527231681246718376e-01 -1.262621070156578207e-01
7.802300453186035156e-01 9.517274693080356451e-01 -1.329216708656118795e-01
7.850105166435241699e-01 9.508110290014443189e-01 -1.387977023084624451e-01
7.901958823204040527e-01 9.498250547777704611e-01 -1.448883954216452219e-01
7.952556610107421875e-01 9.488698956144958618e-01 -1.505917973879004612e-01
8.002443313598632812e-01 9.479338368648241309e-01 -1.560172714105173275e-01
8.052756190299987793e-01 9.469945622291884302e-01 -1.613165590943408667e-01
8.103018999099731445e-01 9.460604986623556423e-01 -1.664594890690651308e-01
8.150002360343933105e-01 9.451907528147976967e-01 -1.711458350430015707e-01
8.201586008071899414e-01 9.442392044708508569e-01 -1.761682205841320903e-01
8.250888586044311523e-01 9.433328272715335583e-01 -1.808579132336528283e-01
8.300578594207763672e-01 9.424213980025604176e-01 -1.854792106051404987e-01
8.350268602371215820e-01 9.415093429950104342e-01 -1.899994665835084140e-01
8.401167988777160645e-01 9.405669242794774121e-01 -1.945208252978926078e-01
8.451634049415588379e-01 9.396306860146402817e-01 -1.988126225832129723e-01
8.502100110054016113e-01 9.387360850101759135e-01 -2.027055499934348748e-01
8.552566766738891602e-01 9.378542347114626754e-01 -2.065813208828453373e-01
8.600376844406127930e-01 9.369653422892595396e-01 -2.106961290375525264e-01
8.650842905044555664e-01 9.360115782152703678e-01 -2.151434377461922398e-01
8.701308965682983398e-01 9.350647844587053337e-01 -2.195156578256302615e-01
8.750497698783874512e-01 9.341477184135372758e-01 -2.237079267742253241e-01
8.800379633903503418e-01 9.332216048040310463e-01 -2.279070942341780426e-01
8.851231932640075684e-01 9.322784885438550884e-01 -2.321484734030331010e-01
8.903101682662963867e-01 9.313159692587973382e-01 -2.364437327665441235e-01
8.952215909957885742e-01 9.304034628988313571e-01 -2.404875170282956831e-01
9.000735878944396973e-01 9.295003785205487867e-01 -2.444629829470850724e-01
9.050645828247070312e-01 9.285694744206276496e-01 -2.485350536699054702e-01
9.101141095161437988e-01 9.276254349396009236e-01 -2.526390268021270757e-01
9.150567054748535156e-01 9.266990289768252120e-01 -2.566427535369616431e-01
9.201647043228149414e-01 9.257391767742253474e-01 -2.607681915539653561e-01
9.258269667625427246e-01 9.246721386308429658e-01 -2.653274407907694199e-01
9.300468564033508301e-01 9.238743988806460417e-01 -2.687195337119222538e-01
9.351343512535095215e-01 9.229102126690520436e-01 -2.728005032579438049e-01
9.401634931564331055e-01 9.219544226381959362e-01 -2.768253358472295145e-01
9.455251693725585938e-01 9.209315452255120160e-01 -2.811155687861082164e-01
9.522331357002258301e-01 9.196472937319459806e-01 -2.864719422925420256e-01
9.550591707229614258e-01 9.191045168067226712e-01 -2.887279093766412785e-01
9.612267017364501953e-01 9.179164751838235770e-01 -2.936456247538077879e-01
9.688697457313537598e-01 9.164372650915835194e-01 -2.997363948020614344e-01
9.734556078910827637e-01 9.155459671661633214e-01 -3.033913492154674540e-01
9.780414700508117676e-01 9.146519303522190336e-01 -3.070443802521008458e-01
9.826273322105407715e-01 9.137548212644432954e-01 -3.107017709427520868e-01
9.850350022315979004e-01 9.132827887014179913e-01 -3.126224806328781747e-01
9.900946021080017090e-01 9.122878335904675007e-01 -3.166568018809086116e-01
9.950045347213745117e-01 9.113185850512079966e-01 -3.205741561761423220e-01
1.000000000000000000e+00 9.103291692653623368e-01 -3.245572386669511311e-01
