3.074958740234375000e+03 0.000000000000000000e+00
3.067914550781250000e+03 -5.611452070297673345e-05
3.059645507812500000e+03 -8.627309580333530903e-05
3.055510986328125000e+03 -8.342297951458021998e-05
3.047241699218750000e+03 -7.762896711938083172e-05
3.044140869140625000e+03 -7.570118759758770466e-05
3.037938964843750000e+03 -7.373157859547063708e-05
3.031543212890625000e+03 -7.117590575944632292e-05
3.025438232421875000e+03 -7.019182521617040038e-05
3.015626708984375000e+03 -6.934622797416523099e-05
3.009501464843750000e+03 -6.849903002148494124e-05
3.003375976562500000e+03 -6.628858682233840227e-05
2.997250732421875000e+03 -6.602726352866739035e-05
2.991125488281250000e+03 -6.605626549571752548e-05
2.985000000000000000e+03 -6.625242531299591064e-05
2.978874755859375000e+03 -6.657603807980194688e-05
2.972749511718750000e+03 -6.700020458083599806e-05
2.966624023437500000e+03 -6.750377360731363297e-05
2.960498779296875000e+03 -6.807035970268771052e-05
2.954373535156250000e+03 -6.868718628538772464e-05
2.948248291015625000e+03 -6.934437988093122840e-05
2.942122802734375000e+03 -7.003434438956901431e-05
2.935997558593750000e+03 -7.075128814904019237e-05
2.929872314453125000e+03 -7.149091106839478016e-05
2.923746826171875000e+03 -7.225007720990106463e-05
2.917621582031250000e+03 -7.302659651031717658e-05
2.911496337890625000e+03 -7.381905015790835023e-05
2.905370849609375000e+03 -7.462657231371849775e-05
2.899245605468750000e+03 -7.544876280007883906e-05
2.893120361328125000e+03 -7.628554158145561814e-05
2.886995117187500000e+03 -7.713709783274680376e-05
2.880869628906250000e+03 -7.800374442012980580e-05
2.874744384765625000e+03 -7.888593972893431783e-05
2.868619140625000000e+03 -7.978417124832049012e-05
2.862493652343750000e+03 -8.069897012319415808e-05
2.856368408203125000e+03 -8.163083839463070035e-05
2.850243164062500000e+03 -8.258025627583265305e-05
2.844117675781250000e+03 -8.354766760021448135e-05
2.837992431640625000e+03 -8.453347254544496536e-05
2.831867187500000000e+03 -8.553799852961674333e-05
2.825741943359375000e+03 -8.656156569486483932e-05
2.819616455078125000e+03 -8.760442142374813557e-05
2.813491210937500000e+03 -8.866671851137652993e-05
2.807365966796875000e+03 -8.974858064902946353e-05
2.801240478515625000e+03 -9.085012425202876329e-05
2.795115234375000000e+03 -9.197148028761148453e-05
2.788989990234375000e+03 -9.311264875577762723e-05
2.782864501953125000e+03 -9.427365148440003395e-05
2.776739257812500000e+03 -9.545464126858860254e-05
2.770614013671875000e+03 -9.665446850704029202e-05
2.764488769531250000e+03 -9.787658200366422534e-05
2.758363281250000000e+03 -9.911641245707869530e-05
2.752238037109375000e+03 -1.003775905701331794e-04
2.746112792968750000e+03 -1.016588357742875814e-04
2.739987304687500000e+03 -1.029602281050756574e-04
2.733862060546875000e+03 -1.042816220433451235e-04
2.727736816406250000e+03 -1.056241453625261784e-04
2.721611328125000000e+03 -1.069840946001932025e-04
2.715486083984375000e+03 -1.083659735741093755e-04
2.709360839843750000e+03 -1.097650601877830923e-04
2.703235595703125000e+03 -1.111853271140716970e-04
2.697110107421875000e+03 -1.126227361964993179e-04
2.690984863281250000e+03 -1.140805179602466524e-04
2.684859619140625000e+03 -1.155552745331078768e-04
2.678734130859375000e+03 -1.170495306723751128e-04
2.672608886718750000e+03 -1.185604414786212146e-04
2.666483642578125000e+03 -1.200902188429608941e-04
2.660358398437500000e+03 -1.216362870763987303e-04
2.654232910156250000e+03 -1.231999631272628903e-04
2.648107666015625000e+03 -1.247804466402158141e-04
2.641982421875000000e+03 -1.263774465769529343e-04
2.635856933593750000e+03 -1.279906573472544551e-04
2.629731689453125000e+03 -1.296198315685614944e-04
2.623606445312500000e+03 -1.312646927544847131e-04
2.617481201171875000e+03 -1.329249353148043156e-04
2.611355712890625000e+03 -1.346002827631309628e-04
2.605230468750000000e+03 -1.362903858534991741e-04
2.599105224609375000e+03 -1.379911118419840932e-04
2.592979736328125000e+03 -1.397100422764196992e-04
2.586854492187500000e+03 -1.414428406860679388e-04
2.580729248046875000e+03 -1.431891578249633312e-04
2.574604003906250000e+03 -1.449486881028860807e-04
2.568478515625000000e+03 -1.467209949623793364e-04
2.562353271484375000e+03 -1.485032844357192516e-04
2.559290527343750000e+03 -1.493916061008349061e-04
2.553548095703125000e+03 -1.507367705926299095e-04
2.547518554687500000e+03 -1.490803988417610526e-04
2.541704345703125000e+03 -1.463133230572566390e-04
2.533951904296875000e+03 -1.453926233807578683e-04
2.528137695312500000e+03 -1.453139557270333171e-04
2.522686767578125000e+03 -1.453181321267038584e-04
2.517508544921875000e+03 -1.453489821869879961e-04
2.510034667968750000e+03 -1.454293669667094946e-04
2.504504882812500000e+03 -1.455095771234482527e-04
2.496524169921875000e+03 -1.456548343412578106e-04
2.490618896484375000e+03 -1.457815233152359724e-04
2.485636474609375000e+03 -1.459004852222278714e-04
2.480768798828125000e+03 -1.460268831579014659e-04
2.474670410156250000e+03 -1.461981300963088870e-04
2.467870849609375000e+03 -1.464051310904324055e-04
2.461690673828125000e+03 -1.466067187720909715e-04
2.456223876953125000e+03 -1.467952388338744640e-04
2.449305175781250000e+03 -1.470461284043267369e-04
2.443276367187500000e+03 -1.472756557632237673e-04
2.436221923828125000e+03 -1.475559402024373412e-04
2.431204589843750000e+03 -1.477621990488842130e-04
2.425127929687500000e+03 -1.480197679484263062e-04
2.419073486328125000e+03 -1.482835359638556838e-04
2.412975341796875000e+03 -1.485563261667266488e-04
2.406369384765625000e+03 -1.488587877247482538e-04
2.400543945312500000e+03 -1.491313305450603366e-04
2.393849609375000000e+03 -1.494502939749509096e-04
2.388460937500000000e+03 -1.497118646511808038e-04
2.381660888671875000e+03 -1.500467769801616669e-04
2.376395996093750000e+03 -1.503097591921687126e-04
2.369941162109375000e+03 -1.506375265307724476e-04
2.364174560546875000e+03 -1.509344147052615881e-04
2.358047851562500000e+03 -1.512559247203171253e-04
2.350749511718750000e+03 -1.516452612122520804e-04
2.344910888671875000e+03 -1.519625948276370764e-04
2.339072265625000000e+03 -1.522858656244352460e-04
2.333233642578125000e+03 -1.526129490230232477e-04
2.327100830078125000e+03 -1.529631408629938960e-04
2.320963378906250000e+03 -1.533186441520228982e-04
2.314675292968750000e+03 -1.536867057438939810e-04
2.308792480468750000e+03 -1.540376833872869611e-04
2.302302246093750000e+03 -1.544284023111686110e-04
2.296945312500000000e+03 -1.547541323816403747e-04
2.290795410156250000e+03 -1.551336899865418673e-04
2.284326904296875000e+03 -1.555376074975356460e-04
2.278602783203125000e+03 -1.558973017381504178e-04
2.272331787109375000e+03 -1.562951802043244243e-04
2.265680419921875000e+03 -1.567213475937023759e-04
2.260156494140625000e+03 -1.570756721775978804e-04
2.253687255859375000e+03 -1.575001078890636563e-04
2.247739257812500000e+03 -1.578899536980316043e-04
2.241305175781250000e+03 -1.583146222401410341e-04
2.235500000000000000e+03 -1.587004953762516379e-04
2.229110107421875000e+03 -1.591259206179529428e-04
2.223477050781250000e+03 -1.595079666003584862e-04
2.217387451171875000e+03 -1.599204260855913162e-04
2.211173095703125000e+03 -1.603446289664134383e-04
2.204901855468750000e+03 -1.607744925422593951e-04
2.198468750000000000e+03 -1.612176711205393076e-04
2.192446289062500000e+03 -1.616345398360863328e-04
2.186340087890625000e+03 -1.620583352632820606e-04
2.180133544921875000e+03 -1.624918222660198808e-04
2.174511718750000000e+03 -1.628866302780807018e-04
2.168134765625000000e+03 -1.633350766496732831e-04
2.161850830078125000e+03 -1.637798559386283159e-04
2.156075439453125000e+03 -1.641898852540180087e-04
2.149482910156250000e+03 -1.646601012907922268e-04
2.143751220703125000e+03 -1.650708727538585663e-04
2.137284667968750000e+03 -1.655358501011505723e-04
2.131483886718750000e+03 -1.659550325712189078e-04
2.125472412109375000e+03 -1.663911098148673773e-04
2.118696777343750000e+03 -1.668844488449394703e-04
2.112822998046875000e+03 -1.673143124207854271e-04
2.105436523437500000e+03 -1.678559783613309264e-04
2.100966552734375000e+03 -1.681867288425564766e-04
2.094722167968750000e+03 -1.686487667029723525e-04
2.087324707031250000e+03 -1.691976067377254367e-04
2.082216796875000000e+03 -1.695792016107589006e-04
2.076424072265625000e+03 -1.700125721981748939e-04
2.069644775390625000e+03 -1.705206086626276374e-04
2.063995361328125000e+03 -1.709470088826492429e-04
2.058032226562500000e+03 -1.713978708721697330e-04
2.052004638671875000e+03 -1.718537678243592381e-04
2.045818237304687500e+03 -1.723253808449953794e-04
2.038345703125000000e+03 -1.728948700474575162e-04
2.031612792968750000e+03 -1.734109682729467750e-04
2.027495849609375000e+03 -1.737281563691794872e-04
2.021015869140625000e+03 -1.742274907883256674e-04
2.014838989257812500e+03 -1.747050555422902107e-04
2.008821044921875000e+03 -1.751718809828162193e-04
2.001133544921875000e+03 -1.757687568897381425e-04
1.995440917968750000e+03 -1.762131578288972378e-04
1.990413818359375000e+03 -1.766080386005342007e-04
1.983777343750000000e+03 -1.771275710780173540e-04
1.978078125000000000e+03 -1.775749115040525794e-04
1.972320312500000000e+03 -1.780303136911243200e-04
1.966010498046875000e+03 -1.785288040991872549e-04
1.960036499023437500e+03 -1.790007081581279635e-04
1.953667968750000000e+03 -1.795046700863167644e-04
1.947804565429687500e+03 -1.799694000510498881e-04
1.941496459960937500e+03 -1.804790226742625237e-04
1.935555786132812500e+03 -1.809648674679920077e-04
1.929308227539062500e+03 -1.814700808608904481e-04
1.923339111328125000e+03 -1.819283788790926337e-04
1.917057250976562500e+03 -1.824120117817074060e-04
1.911147583007812500e+03 -1.828812382882460952e-04
1.904939453125000000e+03 -1.833243877626955509e-04
1.898761352539062500e+03 -1.838020689319819212e-04
1.892593505859375000e+03 -1.842899364419281483e-04
1.886596435546875000e+03 -1.847331295721232891e-04
1.880356079101562500e+03 -1.852500718086957932e-04
1.874322265625000000e+03 -1.857660536188632250e-04
1.868124023437500000e+03 -1.862712233560159802e-04
1.862132812500000000e+03 -1.867484097601845860e-04
1.855879150390625000e+03 -1.872820139396935701e-04
1.849895385742187500e+03 -1.878059119917452335e-04
