0.000000000000000000e+00 1.000000000000000000e+00 0.000000000000000000e+00
5.750000011175870895e-03 9.997798578198906494e-01 1.383440679365314802e-08
1.412499975413084030e-02 9.994578535920879414e-01 4.012706753192240127e-08
1.912499964237213135e-02 9.992650169457121256e-01 6.083744916270070069e-08
2.412500046193599701e-02 9.990716938902004518e-01 8.727194851188658608e-08
2.912499941885471344e-02 9.988778480755284850e-01 1.223936052321974864e-07
3.412500023841857910e-02 9.986834433278426459e-01 1.718196243717532565e-07
3.912499919533729553e-02 9.984884433558421923e-01 2.475173970721111603e-07
4.412499815225601196e-02 9.982928112809881238e-01 3.798155967384723688e-07
4.912500083446502686e-02 9.980965150400923358e-01 7.355272720609172595e-07
5.412499979138374329e-02 9.979001719376136004e-01 2.889967927241266834e-06
5.912499874830245972e-02 9.977166189935994245e-01 1.360954065334620764e-05
6.412500143051147461e-02 9.975308610887949623e-01 2.053777315640097241e-05
6.912499666213989258e-02 9.973374214078404298e-01 2.559479738911384365e-05
7.412499934434890747e-02 9.971359154273724545e-01 2.977368765937283540e-05
7.912500202655792236e-02 9.969267941460820959e-01 3.339746838499759525e-05
8.412499725818634033e-02 9.967102649763888156e-01 3.664215265089655431e-05
8.912499994039535522e-02 9.964868284798609199e-01 3.960829118055663329e-05
9.412500262260437012e-02 9.962570803506034522e-01 4.236217074353119656e-05
9.912499785423278809e-02 9.960216545706310765e-01 4.494963718458936563e-05
1.041250005364418030e-01 9.957811844172737015e-01 4.740441997943840841e-05
1.091250032186508179e-01 9.955362761549174655e-01 4.975171530334820188e-05
1.141249984502792358e-01 9.952874874246531167e-01 5.201105340361008016e-05
1.191250011324882507e-01 9.950353147948316490e-01 5.419746389970403380e-05
1.241249963641166687e-01 9.947797239707607542e-01 5.632101700370534714e-05
1.291249990463256836e-01 9.945220623110315739e-01 5.839399424532951409e-05
1.341249942779541016e-01 9.942621447182642402e-01 6.042427745799125726e-05
1.391250044107437134e-01 9.940002591739146576e-01 6.241689027823838474e-05
1.441249996423721313e-01 9.937366062784429577e-01 6.437727841984461721e-05
1.491249948740005493e-01 9.934713842833570174e-01 6.631001591535625253e-05
1.541250050067901611e-01 9.932047543267310541e-01 6.821902533029687956e-05
1.591250002384185791e-01 9.929368362050926544e-01 7.010712357137003996e-05
1.641249954700469971e-01 9.926677426681143057e-01 7.197737987405561128e-05
1.691250056028366089e-01 9.923975455937126267e-01 7.383212025089216403e-05
1.741250008344650269e-01 9.921263375305777732e-01 7.567337709547850586e-05
1.791249960660934448e-01 9.918541508942402274e-01 7.750302222855572683e-05
1.841250061988830566e-01 9.915810533345039701e-01 7.932274395902755846e-05
1.891250014305114746e-01 9.913070584752876613e-01 8.113406084734818265e-05
1.941249966621398926e-01 9.910322170539442865e-01 8.293815654486857785e-05
1.991250067949295044e-01 9.907565337683766904e-01 8.473633398563404015e-05
2.041250020265579224e-01 9.904800358664225257e-01 8.652957495797444407e-05
2.091249972581863403e-01 9.902027271064044456e-01 8.831881537226032787e-05
2.141250073909759521e-01 9.899246178237088856e-01 9.010486268057612083e-05
2.191250026226043701e-01 9.896457249307866189e-01 9.188858856414926603e-05
2.241249978542327881e-01 9.893660258777036143e-01 9.367080047506416566e-05
2.291249930858612061e-01 9.890855300602654498e-01 9.545201224646544542e-05
2.341250032186508179e-01 9.888042374784722366e-01 9.723303133043749392e-05
2.391249984502792358e-01 9.885221528302272631e-01 9.901416052151196029e-05
2.441249936819076538e-01 9.882392460489507480e-01 1.007961797449976287e-04
2.491250038146972656e-01 9.879555246512877753e-01 1.025791991079969304e-04
2.541249990463256836e-01 9.876709858184964386e-01 1.043640444137779996e-04
2.591249942779541016e-01 9.873856060610617380e-01 1.061508532962188313e-04
2.641249895095825195e-01 9.870993872581443895e-01 1.079400478325453924e-04
2.691250145435333252e-01 9.868123406847122414e-01 1.097317656566356781e-04
2.741250097751617432e-01 9.865244015097029973e-01 1.115266857622879544e-04
2.791250050067901611e-01 9.862355932226322119e-01 1.133246888668079037e-04
2.841250002384185791e-01 9.859459130047577569e-01 1.151261419938702838e-04
2.891249954700469971e-01 9.856553298499196591e-01 1.169308616316377226e-04
2.941249907016754150e-01 9.853638381206343277e-01 1.187393157352954824e-04
2.991249859333038330e-01 9.850714406356436692e-01 1.205512198614956730e-04
3.041250109672546387e-01 9.847781063887873776e-01 1.223666841173406852e-04
3.091250061988830566e-01 9.844838288030013373e-01 1.241857452051980232e-04
3.141250014305114746e-01 9.841886229115754947e-01 1.260080452769847884e-04
3.191249966621398926e-01 9.838924407958984375e-01 1.278330796751482817e-04
3.241249918937683105e-01 9.835952777580674322e-01 1.296609860335664851e-04
3.291249871253967285e-01 9.832971262814375057e-01 1.314910027781143460e-04
3.341250121593475342e-01 9.829979976409761733e-01 1.333221205936864127e-04
3.391250073909759521e-01 9.826978749242322175e-01 1.351541100904859224e-04
3.441250026226043701e-01 9.823967149104978480e-01 1.369851728525067801e-04
3.491249978542327881e-01 9.820945232372565448e-01 1.388138224338662905e-04
3.541249930858612061e-01 9.817913243336043871e-01 1.406382971209258219e-04
3.591249883174896240e-01 9.814870637038659584e-01 1.424563305424939356e-04
3.641250133514404297e-01 9.811817451063635787e-01 1.442643350421501513e-04
3.691250085830688477e-01 9.808753760577422209e-01 1.460593469037210865e-04
3.703750073909759521e-01 9.807985634639345696e-01 1.466308578188196094e-04
3.750624954700469971e-01 9.805098134308612989e-01 1.477807521673258988e-04
3.806875050067901611e-01 9.801614733165120441e-01 1.479740910635793285e-04
3.853749930858612061e-01 9.798690495232642572e-01 1.456365906839887409e-04
3.900625109672546387e-01 9.795734837724656696e-01 1.370935457680613019e-04
3.956874907016754150e-01 9.792115366517617492e-01 1.027519204493226700e-04
4.003750085830688477e-01 9.789036436033953237e-01 2.849689946312622329e-05
4.050624966621398926e-01 9.786009840190116327e-01 -7.885911047752267695e-05
4.106875061988830566e-01 9.782527153127886788e-01 -1.817665113310508592e-04
4.153749942779541016e-01 9.779671279080395241e-01 -2.245846677002648459e-04
4.210000038146972656e-01 9.776251243253059053e-01 -2.398256928169081338e-04
4.252187609672546387e-01 9.773654749828019073e-01 -2.365893331067315370e-04
4.308437407016754150e-01 9.770151955740791205e-01 -2.246642934864964876e-04
4.350624978542327881e-01 9.767496343903940836e-01 -2.140623742136462066e-04
4.413906335830688477e-01 9.763474112073776690e-01 -1.995883368212601197e-04
4.456093609333038330e-01 9.760771615164619552e-01 -1.915441688352030418e-04
4.519374966621398926e-01 9.756692651457387067e-01 -1.816020847247739093e-04
4.561562538146972656e-01 9.753958283974032417e-01 -1.761276696996735814e-04
4.603750109672546387e-01 9.751211946233739880e-01 -1.711916417030277999e-04
4.682851433753967285e-01 9.746038746951249943e-01 -1.633164881191817314e-04
4.730312526226043701e-01 9.742915806511940335e-01 -1.592016755947338661e-04
4.777773320674896240e-01 9.739781628688568560e-01 -1.553989065985374315e-04
4.827773571014404297e-01 9.736468911758198175e-01 -1.517822002542430022e-04
4.877773523330688477e-01 9.733143923905094308e-01 -1.485046788389459522e-04
4.927773475646972656e-01 9.729805857089939281e-01 -1.454624287747397101e-04
4.977773427963256836e-01 9.726455199894645798e-01 -1.425853118373842613e-04
5.027773380279541016e-01 9.723096311973232764e-01 -1.374956293793147349e-04
5.065273642539978027e-01 9.720566566354534865e-01 -1.332759673665896922e-04
5.102773308753967285e-01 9.718030187296748945e-01 -1.283762471869661324e-04
5.177773237228393555e-01 9.712935480578192005e-01 -1.156296434220422086e-04
5.205898284912109375e-01 9.711017214018722310e-01 -1.092134731743723235e-04
5.262148380279541016e-01 9.707165046278479759e-01 -9.318508134393269820e-05
5.304335951805114746e-01 9.704260182498124498e-01 -7.711984033655063452e-05
5.367617011070251465e-01 9.699859675515462021e-01 -4.376474254090210721e-05
5.409804582595825195e-01 9.696871564893300155e-01 -1.473063970067230917e-05
5.457265377044677734e-01 9.693396187768194006e-01 1.594770970419416393e-05
5.508681535720825195e-01 9.689331806351985099e-01 -3.925727891364121352e-05
5.550209879875183105e-01 9.685974929133072120e-01 -2.814601427815817836e-04
5.603603720664978027e-01 9.682289612117072064e-01 -5.524176094919589983e-04
5.656996965408325195e-01 9.678882091503424601e-01 -6.216608832035158639e-04
5.701491832733154297e-01 9.676014416323507339e-01 -6.016766276265599804e-04
5.754885077476501465e-01 9.672448595169143015e-01 -5.199912146394476296e-04
5.808278918266296387e-01 9.668548132985683718e-01 -3.982984960960049884e-04
5.854998230934143066e-01 9.664511920196081629e-01 -4.591697395728726642e-04
5.901717543601989746e-01 9.660805500199641793e-01 -9.870678186416625977e-04
5.955110788345336914e-01 9.657734462193079406e-01 -1.093637693691723372e-03
6.001830697059631348e-01 9.654608402346156470e-01 -9.218110826802371422e-04
6.051886677742004395e-01 9.649927975508967304e-01 -1.236241732912110678e-03
6.101943254470825195e-01 9.647149635653191613e-01 -1.689262431243370409e-03
6.151999831199645996e-01 9.643425250875539145e-01 -1.501634937201814591e-03
6.200178861618041992e-01 9.640305768092864991e-01 -2.310693117198098397e-03
6.250861287117004395e-01 9.637318991675165591e-01 -2.093858466359782046e-03
6.301543712615966797e-01 9.634815385188962855e-01 -2.938888636715893728e-03
6.350348591804504395e-01 9.631453039610914368e-01 -3.500534983104085576e-03
6.401030421257019043e-01 9.629205149382793483e-01 -3.819462113779753878e-03
6.451712846755981445e-01 9.627618160153843530e-01 -4.522643065804918608e-03
6.500517725944519043e-01 9.626752017166813058e-01 -5.627058409704950408e-03
6.551200151443481445e-01 9.627848582901977759e-01 -6.927562464634186117e-03
6.600474119186401367e-01 9.629914269658732540e-01 -7.357598525549977585e-03
6.650452613830566406e-01 9.635411530292680160e-01 -8.961167241552193963e-03
6.700431108474731445e-01 9.642910999617553269e-01 -1.012916048172072224e-02
6.750409007072448730e-01 9.654589911399803492e-01 -1.105386987695552992e-02
6.800387501716613770e-01 9.670721570846481097e-01 -1.110398828102450094e-02
6.850365400314331055e-01 9.690299687127174044e-01 -1.093314199024820500e-02
6.900343894958496094e-01 9.716020988126106150e-01 -1.113024955899844654e-02
6.950322389602661133e-01 9.742949612622190392e-01 -8.182667159094599713e-03
7.000300288200378418e-01 9.772361511080136509e-01 -7.213916097368512463e-03
7.050278782844543457e-01 9.800025921149794206e-01 -1.482202942148218121e-03
7.100256681442260742e-01 9.823867234103198509e-01 3.549079589655833832e-03
7.150235176086425781e-01 9.843988982327465109e-01 7.779609393603696341e-03
7.200213074684143066e-01 9.858227941202999389e-01 8.967036684158401216e-03
7.250191569328308105e-01 9.869000185886627197e-01 1.767516958302465038e-02
7.300170063972473145e-01 9.874750409807477869e-01 2.026692282390124555e-02
7.350323796272277832e-01 9.877895167308488045e-01 2.375835973053730052e-02
7.400478124618530273e-01 9.879375025556592638e-01 2.811262055570856039e-02
7.450500726699829102e-01 9.877861192073729146e-01 2.455664385715728912e-02
7.500593066215515137e-01 9.876122103536071339e-01 3.102196613556058510e-02
7.551631927490234375e-01 9.872750963483538644e-01 2.916286261798125765e-02
7.601736187934875488e-01 9.869499685729078431e-01 2.805155721204034142e-02
7.625396847724914551e-01 9.868659353021330682e-01 2.768115574503179910e-02
