5.085669433593750000e+03 0.000000000000000000e+00
5.074019042968750000e+03 -1.270437642233446240e-04
5.057050781250000000e+03 -3.124781069345772266e-04
5.046920410156250000e+03 -4.234136722516268492e-04
5.036790039062500000e+03 -5.344986566342413425e-04
5.026659667968750000e+03 -6.455534021370112896e-04
5.016529296875000000e+03 -7.199050160124897957e-04
5.006398437500000000e+03 -7.107552955858409405e-04
4.996268066406250000e+03 -6.993753486312925816e-04
4.986137207031250000e+03 -6.889440119266510010e-04
4.983604492187500000e+03 -6.867038318887352943e-04
4.973172363281250000e+03 -6.761132390238344669e-04
4.961452148437500000e+03 -6.555027794092893600e-04
4.951310058593750000e+03 -6.531682447530329227e-04
4.943358886718750000e+03 -6.520816823467612267e-04
4.933009765625000000e+03 -6.379254045896232128e-04
4.920013183593750000e+03 -6.375550292432308197e-04
4.910266113281250000e+03 -6.391406641341745853e-04
4.900518554687500000e+03 -6.419221172109246254e-04
4.883077148437500000e+03 -6.495386478491127491e-04
4.872946777343750000e+03 -6.550970138050615788e-04
4.862815917968750000e+03 -6.613589939661324024e-04
4.852685546875000000e+03 -6.682251114398241043e-04
4.842554687500000000e+03 -6.756093935109674931e-04
4.832424316406250000e+03 -6.834297091700136662e-04
4.822293457031250000e+03 -6.915978156030178070e-04
4.812163085937500000e+03 -6.999855977483093739e-04
4.802032226562500000e+03 -7.082810043357312679e-04
4.799499511718750000e+03 -7.102335221134126186e-04
4.791763183593750000e+03 -6.745432619936764240e-04
4.781533203125000000e+03 -6.602175417356193066e-04
4.770028320312500000e+03 -6.307800649665296078e-04
4.760401367187500000e+03 -6.347529706545174122e-04
4.745238769531250000e+03 -6.415826501324772835e-04
4.738740234375000000e+03 -6.446727784350514412e-04
4.725743652343750000e+03 -6.511418614536523819e-04
4.719245605468750000e+03 -6.545124342665076256e-04
4.706249023437500000e+03 -6.615059683099389076e-04
4.699750976562500000e+03 -6.651217117905616760e-04
4.686754394531250000e+03 -6.725734565407037735e-04
4.680255859375000000e+03 -6.764026475138962269e-04
4.667259277343750000e+03 -6.842505536042153835e-04
4.654263183593750000e+03 -6.923296023160219193e-04
4.647764648437500000e+03 -6.964482599869370461e-04
4.634768066406250000e+03 -7.048355182632803917e-04
4.628270019531250000e+03 -7.090804283507168293e-04
4.616085937500000000e+03 -7.172147743403911591e-04
4.605955078125000000e+03 -7.241700659506022930e-04
4.598356933593750000e+03 -7.294293027371168137e-04
4.583161132812500000e+03 -7.401887560263276100e-04
4.575562988281250000e+03 -7.456842577084898949e-04
4.567965332031250000e+03 -7.512563606724143028e-04
4.552769042968750000e+03 -7.626256556250154972e-04
4.545171386718750000e+03 -7.684192387387156487e-04
4.537573242187500000e+03 -7.742826128378510475e-04
4.522377441406250000e+03 -7.862108759582042694e-04
4.514779296875000000e+03 -7.922723889350891113e-04
4.507181152343750000e+03 -7.983967079780995846e-04
4.491985351562500000e+03 -8.108293404802680016e-04
4.484387695312500000e+03 -8.171355584636330605e-04
4.476789550781250000e+03 -8.235010900534689426e-04
4.466658691406250000e+03 -8.320806664414703846e-04
4.456528320312500000e+03 -8.407620480284094810e-04
4.446397460937500000e+03 -8.495456422679126263e-04
4.436267089843750000e+03 -8.584266761317849159e-04
4.426136230468750000e+03 -8.674136479385197163e-04
4.416005859375000000e+03 -8.764792582951486111e-04
4.405875000000000000e+03 -8.856686181388795376e-04
4.395744628906250000e+03 -8.949599578045308590e-04
4.385613769531250000e+03 -9.043522295542061329e-04
4.375483398437500000e+03 -9.138456080108880997e-04
4.365352539062500000e+03 -9.234402095898985863e-04
4.355222167968750000e+03 -9.331361507065594196e-04
4.345091308593750000e+03 -9.429336641915142536e-04
4.334960937500000000e+03 -9.528521914035081863e-04
4.324830078125000000e+03 -9.628324769437313080e-04
4.314699218750000000e+03 -9.729576413519680500e-04
4.304568847656250000e+03 -9.831644129008054733e-04
4.294437988281250000e+03 -9.934740373864769936e-04
4.284307617187500000e+03 -1.003886689431965351e-03
4.274176757812500000e+03 -1.014402485452592373e-03
4.264046386718750000e+03 -1.025021658279001713e-03
4.253915527343750000e+03 -1.035744091495871544e-03
4.243785156250000000e+03 -1.046569901518523693e-03
4.233654296875000000e+03 -1.057498739100992680e-03
4.223523925781250000e+03 -1.068530720658600330e-03
4.213393066406250000e+03 -1.079665496945381165e-03
4.203262695312500000e+03 -1.090902369469404221e-03
4.193131835937500000e+03 -1.102240523323416710e-03
4.183001464843750000e+03 -1.113679027184844017e-03
4.172870605468750000e+03 -1.125216251239180565e-03
4.162740234375000000e+03 -1.136849750764667988e-03
4.152609375000000000e+03 -1.148576848208904266e-03
4.142478515625000000e+03 -1.160394051112234592e-03
4.132348144531250000e+03 -1.172297401353716850e-03
4.122217285156250000e+03 -1.184284454211592674e-03
4.112086914062500000e+03 -1.196357887238264084e-03
4.096891113281250000e+03 -1.214561867527663708e-03
4.089292968750000000e+03 -1.223737141117453575e-03
4.081695068359375000e+03 -1.232957118190824986e-03
4.066499267578125000e+03 -1.251557841897010803e-03
4.058901123046875000e+03 -1.260940916836261749e-03
4.051303222656250000e+03 -1.270408276468515396e-03
4.036107421875000000e+03 -1.289522391743957996e-03
4.028509277343750000e+03 -1.299176365137100220e-03
4.020911376953125000e+03 -1.308893319219350815e-03
4.005715332031250000e+03 -1.328509766608476639e-03
3.998117431640625000e+03 -1.338406000286340714e-03
3.990519531250000000e+03 -1.348360674455761909e-03
3.975323486328125000e+03 -1.368437544442713261e-03
3.967725585937500000e+03 -1.378555665723979473e-03
3.960127685546875000e+03 -1.388730015605688095e-03
3.944931640625000000e+03 -1.409226097166538239e-03
3.937333740234375000e+03 -1.419557491317391396e-03
3.925303710937500000e+03 -1.435994403436779976e-03
3.916755859375000000e+03 -1.447786693461239338e-03
3.906625244140625000e+03 -1.461817068047821522e-03
3.900293701171875000e+03 -1.470638322643935680e-03
3.888896728515625000e+03 -1.486583845689892769e-03
3.877499755859375000e+03 -1.502636354416608810e-03
3.869901855468750000e+03 -1.513396855443716049e-03
3.856605468750000000e+03 -1.532319816760718822e-03
3.848258056640625000e+03 -1.544300117529928684e-03
3.837312988281250000e+03 -1.560020726174116135e-03
3.828508300781250000e+03 -1.572814071550965309e-03
3.818989501953125000e+03 -1.586665865033864975e-03
3.807972167968750000e+03 -1.602779026143252850e-03
3.796616699218750000e+03 -1.619482412934303284e-03
3.787490234375000000e+03 -1.632974133826792240e-03
3.778298095703125000e+03 -1.646621385589241982e-03
3.768637695312500000e+03 -1.661032787524163723e-03
3.758109863281250000e+03 -1.676804618909955025e-03
3.747909423828125000e+03 -1.692126854322850704e-03
3.738273193359375000e+03 -1.706736278720200062e-03
3.726754882812500000e+03 -1.724228495731949806e-03
3.717908691406250000e+03 -1.737716607749462128e-03
3.707593017578125000e+03 -1.753504271619021893e-03
3.695821777343750000e+03 -1.771586248651146889e-03
3.687316894531250000e+03 -1.784683088771998882e-03
3.676713134765625000e+03 -1.801052712835371494e-03
3.666520019531250000e+03 -1.816831761971116066e-03
3.656459472656250000e+03 -1.832432230003178120e-03
3.646802978515625000e+03 -1.847448875196278095e-03
3.635537353515625000e+03 -1.865017809905111790e-03
3.625880859375000000e+03 -1.880092429928481579e-03
3.616425537109375000e+03 -1.894703716970980167e-03
3.606014892578125000e+03 -1.909223850816488266e-03
3.595379394531250000e+03 -1.906608929857611656e-03
3.585901123046875000e+03 -1.885244972072541714e-03
3.575312744140625000e+03 -1.874842680990695953e-03
3.565982910156250000e+03 -1.868679421022534370e-03
3.555943359375000000e+03 -1.863349229097366333e-03
3.545623046875000000e+03 -1.858862233348190784e-03
3.534846191406250000e+03 -1.854988746345043182e-03
3.525376708984375000e+03 -1.852203160524368286e-03
3.515093750000000000e+03 -1.849255640991032124e-03
3.505241699218750000e+03 -1.845352002419531345e-03
3.494964111328125000e+03 -1.836396986618638039e-03
3.484806152343750000e+03 -1.826847903430461884e-03
3.474842773437500000e+03 -1.824308419600129128e-03
3.464256835937500000e+03 -1.822693622671067715e-03
3.454429687500000000e+03 -1.821007579565048218e-03
3.444447021484375000e+03 -1.819476252421736717e-03
3.433938964843750000e+03 -1.818227930925786495e-03
3.423956298828125000e+03 -1.817434327676892281e-03
3.413973388671875000e+03 -1.817004871554672718e-03
3.403914062500000000e+03 -1.816874952055513859e-03
3.393557617187500000e+03 -1.817045616917312145e-03
3.383271484375000000e+03 -1.817452721297740936e-03
3.373585449218750000e+03 -1.817983109503984451e-03
3.363291503906250000e+03 -1.818697666749358177e-03
3.353228515625000000e+03 -1.819552853703498840e-03
3.342910888671875000e+03 -1.820569508709013462e-03
3.333037841796875000e+03 -1.821651705540716648e-03
3.322636718750000000e+03 -1.822971273213624954e-03
3.312684814453125000e+03 -1.824339735321700573e-03
3.302647460937500000e+03 -1.825818791985511780e-03
3.292534423828125000e+03 -1.827409141696989536e-03
3.282159912109375000e+03 -1.829100772738456726e-03
3.272224365234375000e+03 -1.830815337598323822e-03
3.262047607421875000e+03 -1.832654466852545738e-03
3.251912841796875000e+03 -1.834511989727616310e-03
3.241716308593750000e+03 -1.836429233662784100e-03
3.231727050781250000e+03 -1.838374417275190353e-03
3.221474853515625000e+03 -1.840382814407348633e-03
3.211472656250000000e+03 -1.842404715716838837e-03
3.201332275390625000e+03 -1.844476792030036449e-03
3.191200683593750000e+03 -1.846555387601256371e-03
3.181067626953125000e+03 -1.848673331551253796e-03
3.170945800781250000e+03 -1.850765082053840160e-03
3.160848876953125000e+03 -1.852938439697027206e-03
3.156565673828125000e+03 -1.853894558735191822e-03
