2.258195800781250000e+03 0.000000000000000000e+00
2.253023193359375000e+03 -2.730792621150612831e-04
2.245488769531250000e+03 -6.731644971296191216e-04
2.240990722656250000e+03 -9.133628918789327145e-04
2.236492675781250000e+03 -1.154563971795141697e-03
2.231994628906250000e+03 -1.396766863763332367e-03
2.227496582031250000e+03 -1.639969297684729099e-03
2.222998535156250000e+03 -1.884165569208562374e-03
2.218500488281250000e+03 -2.129342406988143921e-03
2.214002441406250000e+03 -2.375463256612420082e-03
2.209504394531250000e+03 -2.622308209538459778e-03
2.205006347656250000e+03 -2.868539420887827873e-03
2.200508300781250000e+03 -3.065480384975671768e-03
2.196010009765625000e+03 -3.081005997955799103e-03
2.191511718750000000e+03 -3.071048296988010406e-03
2.187013427734375000e+03 -3.059354610741138458e-03
2.182514892578125000e+03 -3.046632977202534676e-03
2.178016601562500000e+03 -3.034659894183278084e-03
2.173518310546875000e+03 -3.022823249921202660e-03
2.169020019531250000e+03 -3.011396387591958046e-03
2.164521728515625000e+03 -3.000556258484721184e-03
2.160023193359375000e+03 -2.990408334881067276e-03
2.155524902343750000e+03 -2.981028286740183830e-03
2.151026611328125000e+03 -2.972464775666594505e-03
2.149902099609375000e+03 -2.970436587929725647e-03
2.145684814453125000e+03 -2.962170168757438660e-03
2.140795410156250000e+03 -2.862248569726943970e-03
2.133189697265625000e+03 -2.841987647116184235e-03
2.128691406250000000e+03 -2.837484236806631088e-03
2.124193115234375000e+03 -2.836789702996611595e-03
2.119694580078125000e+03 -2.839098684489727020e-03
2.115196289062500000e+03 -2.843863563612103462e-03
2.110697998046875000e+03 -2.850705524906516075e-03
2.106199707031250000e+03 -2.859277883544564247e-03
2.101701416015625000e+03 -2.869360847398638725e-03
2.097203125000000000e+03 -2.880759537220001221e-03
2.092704833984375000e+03 -2.893006196245551109e-03
2.088206542968750000e+03 -2.906864508986473083e-03
2.083708251953125000e+03 -2.921085106208920479e-03
2.079209960937500000e+03 -2.936376258730888367e-03
2.074711669921875000e+03 -2.952472306787967682e-03
2.070213134765625000e+03 -2.968802815303206444e-03
2.065714843750000000e+03 -2.985826693475246429e-03
2.061216552734375000e+03 -3.003292251378297806e-03
2.060092041015625000e+03 -3.007673658430576324e-03
2.055743164062500000e+03 -3.023220691829919815e-03
2.050942871093750000e+03 -2.803666749969124794e-03
2.046763183593750000e+03 -2.801950089633464813e-03
2.042203491210937500e+03 -2.800070680677890778e-03
2.037643798828125000e+03 -2.797987312078475952e-03
2.033083984375000000e+03 -2.795264357700943947e-03
2.028524291992187500e+03 -2.791045233607292175e-03
2.023964599609375000e+03 -2.784727839753031731e-03
2.019404907226562500e+03 -2.779272850602865219e-03
2.015130249023437500e+03 -2.777887508273124695e-03
2.010721923828125000e+03 -2.778281224891543388e-03
2.006153320312500000e+03 -2.778898226097226143e-03
2.001426879882812500e+03 -2.779330592602491379e-03
1.997166381835937500e+03 -2.779451198875904083e-03
1.992544433593750000e+03 -2.779329195618629456e-03
1.988127197265625000e+03 -2.779018366709351540e-03
1.983739990234375000e+03 -2.778465626761317253e-03
1.978621582031250000e+03 -2.777500543743371964e-03
1.974234375000000000e+03 -2.776406938210129738e-03
1.969847167968750000e+03 -2.775032073259353638e-03
1.965459960937500000e+03 -2.773407148197293282e-03
1.961072753906250000e+03 -2.771405503153800964e-03
1.956685546875000000e+03 -2.769015962257981300e-03
1.952298339843750000e+03 -2.766164718195796013e-03
1.946814331054687500e+03 -2.761720214039087296e-03
1.942855590820312500e+03 -2.758191199973225594e-03
1.938054931640625000e+03 -2.768404781818389893e-03
1.934150878906250000e+03 -2.775776432827115059e-03
1.928587402343750000e+03 -2.785784658044576645e-03
1.923316894531250000e+03 -2.796695800498127937e-03
1.920681518554687500e+03 -2.802308415994048119e-03
1.914093383789062500e+03 -2.817026572301983833e-03
1.910140380859375000e+03 -2.826054580509662628e-03
1.906187500000000000e+03 -2.835136139765381813e-03
1.902234619140625000e+03 -2.844505710527300835e-03
1.897736206054687500e+03 -2.855324884876608849e-03
1.893237915039062500e+03 -2.866341033950448036e-03
1.888739624023437500e+03 -2.877538092434406281e-03
1.884241333007812500e+03 -2.888900926336646080e-03
1.879742919921875000e+03 -2.900421386584639549e-03
1.875244628906250000e+03 -2.912194235250353813e-03
1.870746337890625000e+03 -2.924009226262569427e-03
1.864842285156250000e+03 -2.939663361757993698e-03
1.862312011718750000e+03 -2.946428721770644188e-03
1.857251464843750000e+03 -2.960050711408257484e-03
1.852190795898437500e+03 -2.973781432956457138e-03
1.847130249023437500e+03 -2.987610176205635071e-03
1.842069702148437500e+03 -3.001580713316798210e-03
1.838274047851562500e+03 -3.012166358530521393e-03
1.834478393554687500e+03 -3.022868419066071510e-03
1.830208862304687500e+03 -3.034517401829361916e-03
1.825938964843750000e+03 -3.046220866963267326e-03
1.821669067382812500e+03 -3.057862399145960808e-03
1.817043334960937500e+03 -3.070696024224162102e-03
1.812773437500000000e+03 -3.083084244281053543e-03
1.807436157226562500e+03 -3.099349327385425568e-03
1.803166259765625000e+03 -3.112704493105411530e-03
1.798896362304687500e+03 -3.126180265098810196e-03
1.794626464843750000e+03 -3.139699809253215790e-03
1.790356689453125000e+03 -3.153312485665082932e-03
1.785552978515625000e+03 -3.168695373460650444e-03
1.780749389648437500e+03 -3.184168832376599312e-03
1.775945800781250000e+03 -3.199753584340214729e-03
1.771142211914062500e+03 -3.215431002900004387e-03
1.765537963867187500e+03 -3.233875846490263939e-03
1.761935180664062500e+03 -3.245817264541983604e-03
1.757436889648437500e+03 -3.260814351961016655e-03
1.752938598632812500e+03 -3.275905968621373177e-03
1.748440307617187500e+03 -3.291097236797213554e-03
1.743942016601562500e+03 -3.306388156488537788e-03
1.739443725585937500e+03 -3.321779193356633186e-03
1.734945434570312500e+03 -3.337266389280557632e-03
1.730447021484375000e+03 -3.352883737534284592e-03
1.727073364257812500e+03 -3.364643314853310585e-03
1.722012695312500000e+03 -3.382379654794931412e-03
1.716952148437500000e+03 -3.400234039872884750e-03
1.711891479492187500e+03 -3.418198553845286369e-03
1.708096069335937500e+03 -3.431717865169048309e-03
1.704300659179687500e+03 -3.445292823016643524e-03
1.698607421875000000e+03 -3.465797984972596169e-03
1.694812011718750000e+03 -3.479645354673266411e-03
1.691016601562500000e+03 -3.493283642455935478e-03
1.686272338867187500e+03 -3.510122885927557945e-03
1.681527954101562500e+03 -3.525941865518689156e-03
1.677732543945312500e+03 -3.538063727319240570e-03
1.672988159179687500e+03 -3.554067341610789299e-03
1.668243896484375000e+03 -3.571167821064591408e-03
1.663499633789062500e+03 -3.588837338611483574e-03
1.659704101562500000e+03 -3.603200661018490791e-03
1.654959838867187500e+03 -3.621375188231468201e-03
1.649741088867187500e+03 -3.641656599938869476e-03
1.645471191406250000e+03 -3.658449044451117516e-03
1.641201293945312500e+03 -3.675384446978569031e-03
1.636931518554687500e+03 -3.692450001835823059e-03
1.632661621093750000e+03 -3.709634998813271523e-03
1.628319458007812500e+03 -3.727222792804241180e-03
1.623935058593750000e+03 -3.745098831132054329e-03
1.619769897460937500e+03 -3.762193955481052399e-03
