1.001372253417968750e+03 0.000000000000000000e+00
9.990784912109375000e+02 -3.608932311180979013e-04
9.957376098632812500e+02 -8.903460693545639515e-04
9.937430419921875000e+02 -1.208609552122652531e-03
9.917484741210937500e+02 -1.528504653833806515e-03
9.897538452148437500e+02 -1.850036554969847202e-03
9.877592773437500000e+02 -2.173208398744463921e-03
9.857647094726562500e+02 -2.498019021004438400e-03
9.837701416015625000e+02 -2.824453404173254967e-03
9.817755737304687500e+02 -3.152418648824095726e-03
9.797810058593750000e+02 -3.481498686596751213e-03
9.777864379882812500e+02 -3.804167266935110092e-03
9.757913208007812500e+02 -3.932118881493806839e-03
9.737970581054687500e+02 -3.914526198059320450e-03
9.718023071289062500e+02 -3.895993810147047043e-03
9.698075561523437500e+02 -3.875166177749633789e-03
9.678128051757812500e+02 -3.854403272271156311e-03
9.658180541992187500e+02 -3.833038266748189926e-03
9.638233032226562500e+02 -3.811433445662260056e-03
9.618285522460937500e+02 -3.789759939536452293e-03
9.598338012695312500e+02 -3.768101567402482033e-03
9.578391113281250000e+02 -3.746513510122895241e-03
9.558443603515625000e+02 -3.725037910044193268e-03
9.538496093750000000e+02 -3.703711088746786118e-03
9.518548583984375000e+02 -3.682566806674003601e-03
9.498601074218750000e+02 -3.661046270281076431e-03
9.478653564453125000e+02 -3.640455426648259163e-03
9.458706054687500000e+02 -3.620098344981670380e-03
9.438758544921875000e+02 -3.600071649998426437e-03
9.418811035156250000e+02 -3.580402117222547531e-03
9.398863525390625000e+02 -3.561143064871430397e-03
9.378916625976562500e+02 -3.542334772646427155e-03
9.358969116210937500e+02 -3.524023108184337616e-03
9.339021606445312500e+02 -3.506254404783248901e-03
9.319074096679687500e+02 -3.489073831588029861e-03
9.299126586914062500e+02 -3.472523996606469154e-03
9.279179077148437500e+02 -3.456644946709275246e-03
9.259232177734375000e+02 -3.441472304984927177e-03
9.239284667968750000e+02 -3.427037736400961876e-03
9.219337158203125000e+02 -3.413367317989468575e-03
9.199389648437500000e+02 -3.400481306016445160e-03
9.179442138671875000e+02 -3.388394834473729134e-03
9.159494628906250000e+02 -3.377116750925779343e-03
9.139547729492187500e+02 -3.366650780662894249e-03
9.119600219726562500e+02 -3.356995759531855583e-03
9.099652709960937500e+02 -3.348145866766571999e-03
9.079705200195312500e+02 -3.340091090649366379e-03
9.059758300781250000e+02 -3.332817927002906799e-03
9.039810791015625000e+02 -3.326310543343424797e-03
9.019863281250000000e+02 -3.320550313219428062e-03
8.999915771484375000e+02 -3.315517213195562363e-03
8.979968872070312500e+02 -3.311189590021967888e-03
8.960021362304687500e+02 -3.307545091956853867e-03
8.940073852539062500e+02 -3.304560901597142220e-03
8.920126342773437500e+02 -3.302213968709111214e-03
8.900179443359375000e+02 -3.300481243059039116e-03
8.880231933593750000e+02 -3.299339674413204193e-03
8.860284423828125000e+02 -3.298767376691102982e-03
8.840336914062500000e+02 -3.298741998150944710e-03
8.820390014648437500e+02 -3.299242351204156876e-03
8.800442504882812500e+02 -3.300247946754097939e-03
8.780494995117187500e+02 -3.301738761365413666e-03
8.760548095703125000e+02 -3.303695935755968094e-03
8.740600585937500000e+02 -3.306101076304912567e-03
8.720653076171875000e+02 -3.308936720713973045e-03
8.700706176757812500e+02 -3.312186105176806450e-03
8.680758666992187500e+02 -3.315833164379000664e-03
8.660811157226562500e+02 -3.319862764328718185e-03
8.640864257812500000e+02 -3.324260236695408821e-03
8.620916748046875000e+02 -3.329012077301740646e-03
8.600969238281250000e+02 -3.334105014801025391e-03
8.581021728515625000e+02 -3.339526476338505745e-03
8.561074829101562500e+02 -3.345264820381999016e-03
8.541127319335937500e+02 -3.351308638229966164e-03
8.521179809570312500e+02 -3.357647219672799110e-03
8.501232910156250000e+02 -3.364270320162177086e-03
8.481285400390625000e+02 -3.371168626472353935e-03
8.476766357421875000e+02 -3.372828010469675064e-03
8.457832031250000000e+02 -3.379676258191466331e-03
8.436793823242187500e+02 -3.387549659237265587e-03
8.417859497070312500e+02 -3.394830040633678436e-03
8.396820678710937500e+02 -3.402806352823972702e-03
8.377886962890625000e+02 -3.409397322684526443e-03
8.356848754882812500e+02 -3.417398082092404366e-03
8.337914428710937500e+02 -3.425340633839368820e-03
8.316876220703125000e+02 -3.434595884755253792e-03
8.297941894531250000e+02 -3.443184541538357735e-03
8.277955322265625000e+02 -3.452474949881434441e-03
8.254287719726562500e+02 -3.463739296421408653e-03
8.235353393554687500e+02 -3.472946584224700928e-03
8.216419067382812500e+02 -3.482320345938205719e-03
8.193934326171875000e+02 -3.493676194921135902e-03
8.177958374023437500e+02 -3.501883475109934807e-03
8.158011474609375000e+02 -3.512279829010367393e-03
8.138063964843750000e+02 -3.522827289998531342e-03
8.118116455078125000e+02 -3.533532377332448959e-03
8.098169555664062500e+02 -3.544398350641131401e-03
8.078222045898437500e+02 -3.555421484634280205e-03
8.058275146484375000e+02 -3.566598054021596909e-03
8.038327636718750000e+02 -3.577925264835357666e-03
8.018380126953125000e+02 -3.589399624615907669e-03
7.998433227539062500e+02 -3.601018572226166725e-03
7.978485717773437500e+02 -3.612779313698410988e-03
7.958538208007812500e+02 -3.624679520726203918e-03
7.938591308593750000e+02 -3.636716865003108978e-03
7.918643798828125000e+02 -3.648862941190600395e-03
7.891995849609375000e+02 -3.665064228698611259e-03
7.874836425781250000e+02 -3.675953950732946396e-03
7.854866333007812500e+02 -3.688690718263387680e-03
7.836893920898437500e+02 -3.700164146721363068e-03
7.818920898437500000e+02 -3.711698343977332115e-03
7.794957275390625000e+02 -3.727316856384277344e-03
7.776984252929687500e+02 -3.739125793799757957e-03
7.759011230468750000e+02 -3.751033218577504158e-03
7.735047607421875000e+02 -3.767047310248017311e-03
7.717074584960937500e+02 -3.779149847105145454e-03
7.699101562500000000e+02 -3.791293129324913025e-03
7.675137939453125000e+02 -3.807622706517577171e-03
7.658663330078125000e+02 -3.818705677986145020e-03
7.639192504882812500e+02 -3.831683890894055367e-03
7.619722290039062500e+02 -3.844424616545438766e-03
7.599502563476562500e+02 -3.858130192384123802e-03
7.579283447265625000e+02 -3.872490720823407173e-03
7.559064331054687500e+02 -3.887148341163992882e-03
7.537721557617187500e+02 -3.902679309248924255e-03
7.517501831054687500e+02 -3.917654510587453842e-03
7.494755249023437500e+02 -3.934356849640607834e-03
7.475799560546875000e+02 -3.948714118450880051e-03
7.453052368164062500e+02 -3.965885844081640244e-03
7.433148803710937500e+02 -3.981065936386585236e-03
7.417155151367187500e+02 -3.993385005742311478e-03
7.397962036132812500e+02 -4.008464515209197998e-03
7.378770141601562500e+02 -4.023709334433078766e-03
7.358977661132812500e+02 -4.039290826767683029e-03
7.340534667968750000e+02 -4.052678123116493225e-03
7.320292358398437500e+02 -4.067150410264730453e-03
7.300050048828125000e+02 -4.083468578755855560e-03
7.280482177734375000e+02 -4.099878482520580292e-03
7.259417724609375000e+02 -4.118149168789386749e-03
7.240203857421875000e+02 -4.134897142648696899e-03
7.220989379882812500e+02 -4.148229490965604782e-03
7.200814208984375000e+02 -4.165236838161945343e-03
7.180399169921875000e+02 -4.184752237051725388e-03
7.160736694335937500e+02 -4.201389383524656296e-03
7.140731201171875000e+02 -4.217775072902441025e-03
7.121159057617187500e+02 -4.237973596900701523e-03
7.100816650390625000e+02 -4.254147410392761230e-03
7.081157836914062500e+02 -4.276227671653032303e-03
7.061437988281250000e+02 -4.293247591704130173e-03
7.041580810546875000e+02 -4.315501544624567032e-03
7.021450195312500000e+02 -4.339114762842655182e-03
7.001319580078125000e+02 -4.361317958682775497e-03
6.981651000976562500e+02 -4.385699983686208725e-03
6.961546020507812500e+02 -4.413766320794820786e-03
6.941733398437500000e+02 -4.444924648851156235e-03
6.921845092773437500e+02 -4.475604742765426636e-03
6.901765136718750000e+02 -4.512242972850799561e-03
6.881776123046875000e+02 -4.553062375634908676e-03
6.861926269531250000e+02 -4.599372390657663345e-03
6.841937255859375000e+02 -4.643600899726152420e-03
6.822156982421875000e+02 -4.691577050834894180e-03
6.802167968750000000e+02 -4.750849679112434387e-03
6.782231445312500000e+02 -4.811830352991819382e-03
6.762242431640625000e+02 -4.870355129241943359e-03
6.742254028320312500e+02 -4.919963423162698746e-03
6.722421264648437500e+02 -4.972958005964756012e-03
6.702432250976562500e+02 -5.029202904552221298e-03
6.682443847656250000e+02 -5.077178589999675751e-03
6.662532958984375000e+02 -5.117092747241258621e-03
6.642622070312500000e+02 -5.159785505384206772e-03
6.622536010742187500e+02 -5.200308747589588165e-03
6.602738647460937500e+02 -5.242295097559690475e-03
6.582615966796875000e+02 -5.284372717142105103e-03
6.562792358398437500e+02 -5.308635532855987549e-03
6.542706298828125000e+02 -5.351239349693059921e-03
6.522805786132812500e+02 -5.373823456466197968e-03
6.502671508789062500e+02 -5.407930817455053329e-03
6.482808837890625000e+02 -5.439410451799631119e-03
6.461479492187500000e+02 -5.471711046993732452e-03
6.442387695312500000e+02 -5.501222331076860428e-03
6.422961425781250000e+02 -5.534685682505369186e-03
6.402974853515625000e+02 -5.551382433623075485e-03
6.383255615234375000e+02 -5.581568460911512375e-03
6.362422485351562500e+02 -5.612231791019439697e-03
6.341493530273437500e+02 -5.642197094857692719e-03
6.323103027343750000e+02 -5.668503697961568832e-03
6.302525634765625000e+02 -5.698033142834901810e-03
6.283359375000000000e+02 -5.725652445107698441e-03
6.261427612304687500e+02 -5.757397506386041641e-03
6.235001220703125000e+02 -5.795850884169340134e-03
6.220516357421875000e+02 -5.817002616822719574e-03
6.200569458007812500e+02 -5.846270360052585602e-03
6.180621948242187500e+02 -5.875628441572189331e-03
6.162438354492187500e+02 -5.902597680687904358e-03
6.131635131835937500e+02 -5.948397330939769745e-03
6.121387939453125000e+02 -5.963733885437250137e-03
6.103818969726562500e+02 -5.990068428218364716e-03
6.083914794921875000e+02 -6.020018830895423889e-03
6.063377075195312500e+02 -6.051056552678346634e-03
6.043740234375000000e+02 -6.080862134695053101e-03
6.024285888671875000e+02 -6.110513582825660706e-03
