0.000000000000000000e+00 1.000000000000000000e+00 0.000000000000000000e+00
5.750000011175870895e-03 9.998181312021149347e-01 -5.749445138068141698e-09
1.412499975413084030e-02 9.995516500557087847e-01 -1.176472105761765620e-08
1.912499964237213135e-02 9.993918958303392719e-01 -9.820934015747622502e-09
2.412500046193599701e-02 9.992315960677666808e-01 3.555681384063665932e-08
2.912499941885471344e-02 9.990706744553643492e-01 -1.170763792766551821e-07
3.412500023841857910e-02 9.989088136932642303e-01 -8.016895956836866807e-08
3.912499919533729553e-02 9.987461911125817826e-01 -7.968923095458649787e-08
4.412499815225601196e-02 9.985826454013148057e-01 -8.528181987957815088e-08
4.912500083446502686e-02 9.984180463516280080e-01 -9.289790891488534162e-08
5.412499979138374329e-02 9.982522910302111807e-01 -9.760236780110830045e-08
5.536591634154319763e-02 9.982106729072175444e-01 -3.055331865498881725e-06
6.000381335616111755e-02 9.980096727346930985e-01 -2.605449472144464822e-06
6.731853634119033813e-02 9.976500071227608624e-01 4.088256966931987871e-07
7.097589969635009766e-02 9.974827675814725847e-01 2.420991048012494495e-06
7.566189020872116089e-02 9.972723520934639874e-01 6.527361714524690531e-06
8.080505579710006714e-02 9.970523647416700275e-01 1.223230265613634443e-05
8.646253496408462524e-02 9.968435061433289501e-01 1.601737820845276186e-05
9.109137952327728271e-02 9.967398625746529683e-01 1.546077021597414751e-05
9.572023153305053711e-02 9.966445321317516370e-01 1.324127801309953520e-05
1.003490760922431946e-01 9.964655245669792327e-01 1.127697184433783032e-05
1.065208762884140015e-01 9.962082779722745141e-01 9.308942209611794158e-06
1.111497208476066589e-01 9.960137792245415955e-01 8.346649738763852255e-06
1.157785728573799133e-01 9.958185761962651261e-01 7.705536764936045223e-06
1.211788952350616455e-01 9.955900238963696358e-01 7.252923115343585087e-06
1.258077472448348999e-01 9.953934223948449622e-01 7.020240242754443994e-06
1.342793703079223633e-01 9.950318989394111302e-01 6.776193136770741647e-06
1.392793804407119751e-01 9.948174531733020576e-01 6.765492504916858722e-06
1.430293768644332886e-01 9.946560089081438738e-01 6.759109159787418013e-06
1.467793732881546021e-01 9.944941338549397880e-01 6.802987588257560906e-06
1.517793834209442139e-01 9.942774455998015792e-01 6.857223217681152568e-06
1.567793786525726318e-01 9.940597997472989666e-01 6.934997774332207447e-06
1.617793738842010498e-01 9.938411226935764953e-01 7.027107036428983785e-06
1.667793840169906616e-01 9.936213591423370683e-01 7.130659434371550360e-06
1.717793792486190796e-01 9.934004481929289421e-01 7.244173608844357178e-06
1.767793744802474976e-01 9.931783207249804679e-01 7.366528050439481783e-06
1.817793846130371094e-01 9.929549483430957224e-01 7.496527820300168830e-06
1.867793798446655273e-01 9.927302428720979899e-01 7.633166342068840185e-06
1.917793750762939453e-01 9.925041811473223063e-01 7.775475350404696329e-06
1.967793703079223633e-01 9.922766847078060559e-01 7.922663540377789250e-06
2.017793804407119751e-01 9.920477378613569153e-01 8.073973813323152271e-06
2.067793756723403931e-01 9.918172673777432280e-01 8.228782246967487879e-06
2.117793709039688110e-01 9.915852388835910691e-01 8.386616338770489190e-06
2.167793810367584229e-01 9.913515911046252294e-01 8.547135850416458258e-06
2.217793762683868408e-01 9.911163262825871678e-01 8.709896556544139928e-06
2.267793715000152588e-01 9.908793771652236737e-01 8.874518995653987244e-06
2.317793816328048706e-01 9.906407175988805047e-01 9.040857221015403139e-06
2.367793768644332886e-01 9.904003154519255281e-01 9.208666771854640446e-06
2.417793720960617065e-01 9.901581333619956515e-01 9.377922107493841670e-06
2.467793822288513184e-01 9.899141533951567595e-01 9.548493700209607357e-06
2.517793774604797363e-01 9.896683606064634597e-01 9.720318610474365010e-06
2.567793726921081543e-01 9.894207049303493928e-01 9.893223526545532836e-06
2.617793679237365723e-01 9.891711706746220134e-01 1.006728689479080716e-05
2.667793631553649902e-01 9.889197451360779434e-01 1.024238922132451033e-05
2.717793881893157959e-01 9.886664133697719015e-01 1.041866824337364315e-05
2.767793834209442139e-01 9.884111432440716438e-01 1.059597527770641093e-05
2.817793786525726318e-01 9.881539198140322222e-01 1.077421272244672888e-05
2.867793738842010498e-01 9.878947378489225661e-01 1.095344260495509909e-05
2.917793691158294678e-01 9.876336003377318429e-01 1.113371783092136380e-05
2.967793643474578857e-01 9.873704572148934711e-01 1.131485505476520923e-05
3.017793893814086914e-01 9.871053159528800913e-01 1.149688802666808915e-05
3.067793846130371094e-01 9.868381735627027584e-01 1.167955313034786116e-05
3.117793798446655273e-01 9.865690001544710208e-01 1.186281023045361431e-05
3.167793750762939453e-01 9.862978076841407704e-01 1.204679797637941303e-05
3.217793703079223633e-01 9.860245707453056951e-01 1.223133484687907926e-05
3.267793655395507812e-01 9.857492968104377695e-01 1.241636976059690478e-05
3.317793905735015869e-01 9.854719948465046064e-01 1.260161994574235705e-05
3.367793858051300049e-01 9.851926080627142479e-01 1.278713374716995002e-05
3.417793810367584229e-01 9.849111962388474861e-01 1.297271322462631142e-05
3.467793762683868408e-01 9.846276891336618320e-01 1.315859371721452684e-05
3.517793715000152588e-01 9.843421136480587919e-01 1.334441491894343609e-05
3.567793667316436768e-01 9.840544877159723702e-01 1.352983750366440653e-05
3.617793917655944824e-01 9.837647396016657719e-01 1.371478028850854252e-05
3.667793869972229004e-01 9.834729515023376001e-01 1.389922411796745390e-05
3.717793822288513184e-01 9.831790740996686484e-01 1.408366885959343229e-05
3.767793774604797363e-01 9.828830999211863872e-01 1.426766116635456095e-05
3.817793726921081543e-01 9.825850125274507851e-01 1.453576074962401049e-05
3.867793679237365723e-01 9.822848477863308503e-01 1.467512710700422720e-05
3.917793631553649902e-01 9.819825608629905167e-01 1.478392674599525096e-05
3.967793881893157959e-01 9.816781816473202360e-01 1.488038476458025492e-05
4.017793834209442139e-01 9.813717026668478116e-01 1.494964560991870098e-05
4.067793786525726318e-01 9.810631149546056307e-01 1.499883513113193717e-05
4.117793738842010498e-01 9.807523811482308229e-01 1.504377760248483036e-05
4.167793691158294678e-01 9.804395595330099855e-01 1.511044698118813221e-05
4.217793643474578857e-01 9.801245753842164898e-01 1.525260000895566440e-05
4.261543750762939453e-01 9.798472420358985691e-01 1.570661018632651680e-05
4.317793846130371094e-01 9.794883137702008469e-01 1.662738263665403940e-05
4.355293810367584229e-01 9.792475820872038605e-01 1.774111308383661485e-05
4.411543905735015869e-01 9.788843691057136365e-01 2.086355216823058582e-05
4.467793703079223633e-01 9.785189278328921825e-01 2.746160865472182798e-05
4.505293667316436768e-01 9.782742178054795179e-01 3.454901723156479843e-05
4.561543762683868408e-01 9.779058234114839099e-01 5.072694961401203996e-05
4.617793858051300049e-01 9.775358284138558895e-01 7.328145884626876573e-05
4.655293822288513184e-01 9.772879769589595256e-01 8.925675149062004487e-05
4.711543917655944824e-01 9.769138437060019831e-01 1.060755432644506813e-04
4.777168631553649902e-01 9.764729648332288736e-01 1.040349817532867260e-04
4.805293679237365723e-01 9.762824735725544878e-01 9.533365226982856635e-05
4.861543774604797363e-01 9.758988846527607564e-01 6.500785544616818955e-05
4.917793869972229004e-01 9.755119600211955566e-01 1.798328614258275630e-05
4.974043667316436768e-01 9.751218700502342074e-01 -4.894511516951206983e-05
5.002169013023376465e-01 9.749256698204884497e-01 -9.338079014907971448e-05
5.058418512344360352e-01 9.745310455531495109e-01 -2.187324375877417772e-04
5.114668607711791992e-01 9.741333964288994007e-01 -4.457765998616157791e-04
5.170918703079223633e-01 9.737324922955817863e-01 -9.613418322235316215e-04
5.213106274604797363e-01 9.734273015693866160e-01 -2.275774457896024422e-03
5.255293846130371094e-01 9.731015944224029601e-01 -6.047161505808442555e-03
5.318574905395507812e-01 9.720107210254574914e-01 -3.102233244086105915e-02
5.360762476921081543e-01 9.710435469400403585e-01 -4.414280247851753991e-02
5.424043536186218262e-01 9.698957542247566010e-01 -5.467338449924629556e-02
5.455684661865234375e-01 9.693508645112787203e-01 -5.890416024831086200e-02
5.501167774200439453e-01 9.685727200708941220e-01 -6.447546769309348003e-02
5.554561614990234375e-01 9.676618077262257867e-01 -7.047449573363659403e-02
5.607954859733581543e-01 9.667490750872307359e-01 -7.606694653965934139e-02
5.661348700523376465e-01 9.658330426043324479e-01 -8.134894599877189048e-02
5.704730749130249023e-01 9.650870088732323993e-01 -8.544442142258662498e-02
5.754787325859069824e-01 9.642263743132499787e-01 -8.996416142358135137e-02
5.804843902587890625e-01 9.633685643479126259e-01 -9.426672895321300261e-02
5.854899883270263672e-01 9.625117198260360052e-01 -9.838663188997842646e-02
5.904956459999084473e-01 9.616468229676786716e-01 -1.024096990542360391e-01
5.955013036727905273e-01 9.607678928057664658e-01 -1.064008811778816704e-01
6.005069613456726074e-01 9.598811733384090550e-01 -1.103365278851156928e-01
6.055126190185546875e-01 9.589969765778036948e-01 -1.141627701209177587e-01
6.105182170867919922e-01 9.581193705380371961e-01 -1.178662769941578453e-01
6.160244345664978027e-01 9.571579472675380007e-01 -1.218320601834139288e-01
6.205295324325561523e-01 9.563714037679436064e-01 -1.250142201153701949e-01
6.250346302986145020e-01 9.555832103463975935e-01 -1.281527408073044327e-01
6.317922472953796387e-01 9.543954727815483485e-01 -1.327981080177598472e-01
6.362972855567932129e-01 9.536000848633768845e-01 -1.358561128173589039e-01
6.419286727905273438e-01 9.526011348354478381e-01 -1.396426538062025546e-01
6.453074812889099121e-01 9.519994543301603107e-01 -1.418956491319019464e-01
6.520650982856750488e-01 9.507908386768486597e-01 -1.463628128156372332e-01
6.554439067840576172e-01 9.501838676609558609e-01 -1.485791183008386418e-01
6.604439020156860352e-01 9.492822181933305847e-01 -1.518395673282933456e-01
6.654438972473144531e-01 9.483768414563693572e-01 -1.550773747637503031e-01
6.704438924789428711e-01 9.474673757823977027e-01 -1.582969045312117295e-01
6.754438877105712891e-01 9.465541499602105890e-01 -1.614968265305536943e-01
6.804438829421997070e-01 9.456370683421584378e-01 -1.646804585396134391e-01
6.852876543998718262e-01 9.447447415313570129e-01 -1.677510021482462033e-01
6.905092597007751465e-01 9.437785687572691762e-01 -1.710462579531020488e-01
6.961230039596557617e-01 9.427347659597667962e-01 -1.745748342426236555e-01
7.004911899566650391e-01 9.419186643475299103e-01 -1.773115675549782611e-01
7.055968642234802246e-01 9.409598683983991796e-01 -1.805042562008370988e-01
7.104933857917785645e-01 9.400365756611165358e-01 -1.835545792985966707e-01
7.155392169952392578e-01 9.390782699061887007e-01 -1.866961562318269485e-01
7.209649682044982910e-01 9.380388848344912711e-01 -1.900730712173267500e-01
7.252367138862609863e-01 9.372135651800471701e-01 -1.927280706243113262e-01
7.301539778709411621e-01 9.362617873771883481e-01 -1.957622083464051754e-01
7.350197434425354004e-01 9.353279554645415050e-01 -1.987259703214908912e-01
7.405806183815002441e-01 9.342690642503519438e-01 -2.020781215327727143e-01
7.454464435577392578e-01 9.333396739754225013e-01 -2.050129202040355536e-01
7.503122091293334961e-01 9.324006651337537477e-01 -2.079713169437897857e-01
7.551779747009277344e-01 9.314508899535536290e-01 -2.109523851654321880e-01
7.600437402725219727e-01 9.304931341726095928e-01 -2.139433768306960026e-01
7.656046152114868164e-01 9.293920145212262174e-01 -2.173619732683949590e-01
7.704704403877258301e-01 9.284247119092802203e-01 -2.203512313200140793e-01
7.753362059593200684e-01 9.274535535014691856e-01 -2.233393087209613603e-01
7.802019715309143066e-01 9.264783121346260586e-01 -2.263265790948671696e-01
7.850003838539123535e-01 9.255126295547411175e-01 -2.292715403288748677e-01
7.902562022209167480e-01 9.244492130111410244e-01 -2.325041170335072904e-01
7.952747941017150879e-01 9.234292802801327138e-01 -2.355911449167100158e-01
8.003116846084594727e-01 9.224004941635804977e-01 -2.386928935709476118e-01
8.054497241973876953e-01 9.213465766271579094e-01 -2.418588606547655562e-01
8.102021813392639160e-01 9.203667083052767817e-01 -2.447918360427124018e-01
8.151351809501647949e-01 9.193448984891496867e-01 -2.478400369582517138e-01
8.200885057449340820e-01 9.183145401643608707e-01 -2.509036012774700231e-01
8.252362608909606934e-01 9.172381215184255421e-01 -2.540934204938479213e-01
8.302438259124755859e-01 9.161860810671216271e-01 -2.572006539429786964e-01
8.351961970329284668e-01 9.151403712946100111e-01 -2.602795816658760031e-01
8.402805924415588379e-01 9.140620815415341216e-01 -2.634449210619949633e-01
8.454548120498657227e-01 9.129589652454701554e-01 -2.666730292280086734e-01
8.500093817710876465e-01 9.119833532439857171e-01 -2.695202206304327941e-01
8.550727963447570801e-01 9.108938906498684762e-01 -2.726898940606635735e-01
8.601938486099243164e-01 9.097864403196928018e-01 -2.759032665106972426e-01
8.652113080024719238e-01 9.086954593191418628e-01 -2.790592204812224475e-01
8.703817129135131836e-01 9.075661295891741531e-01 -2.823174875466760714e-01
8.750110268592834473e-01 9.065499330944692957e-01 -2.852407786101248677e-01
8.802808523178100586e-01 9.053882983709291565e-01 -2.885750855568223749e-01
8.852222561836242676e-01 9.042926605254498762e-01 -2.917106247321865631e-01
8.903710246086120605e-01 9.031453251254897285e-01 -2.949845541002234506e-01
8.952211141586303711e-01 9.020594851860920249e-01 -2.980745410825783592e-01
9.001273512840270996e-01 9.009555857748990926e-01 -3.012077787363797721e-01
9.052166342735290527e-01 8.998034859264049112e-01 -3.044681082042727804e-01
9.100236892700195312e-01 8.987106935984942035e-01 -3.075534921435020830e-01
9.150290489196777344e-01 8.975661379583435018e-01 -3.107751142032933456e-01
9.202082753181457520e-01 8.963766996587292368e-01 -3.141151600089526208e-01
9.251024723052978516e-01 8.952460129277362011e-01 -3.172815754411269507e-01
9.302954077720642090e-01 8.940403264836863650e-01 -3.206497476336771513e-01
9.352437257766723633e-01 8.928853811176236110e-01 -3.238682013650832636e-01
9.401516914367675781e-01 8.917344529528342667e-01 -3.270697971982890473e-01
9.450733065605163574e-01 8.905745339090046508e-01 -3.302895959747643162e-01
9.500391483306884766e-01 8.893986775755997609e-01 -3.335483412784647217e-01
9.552632570266723633e-01 8.881557244161667475e-01 -3.369876813001193572e-01
9.602528810501098633e-01 8.869627830213945296e-01 -3.402826531510161345e-01
9.650916457176208496e-01 8.858004249625061055e-01 -3.434888520273475798e-01
9.700973629951477051e-01 8.845922277676603329e-01 -3.468159854003428078e-01
9.750227928161621094e-01 8.833978277462353201e-01 -3.501005256794809117e-01
9.800464510917663574e-01 8.821736454379897063e-01 -3.534609862803011482e-01
9.851238131523132324e-01 8.809304412034769660e-01 -3.568688821372276165e-01
9.901864528656005859e-01 8.796845110109574595e-01 -3.602785116077987237e-01
9.951082468032836914e-01 8.784674305406771078e-01 -3.636038216974779580e-01
1.000000000000000000e+00 8.772518206530056650e-01 -3.669200452604676754e-01
