0.000000000000000000e+00 1.000000000000000000e+00 0.000000000000000000e+00
5.750000011175870895e-03 9.996943718072366369e-01 -2.055592178702299579e-08
1.418749988079071045e-02 9.992476712244615644e-01 -5.318086499021727059e-08
2.178125083446502686e-02 9.988415773188098479e-01 -8.579587590553223812e-08
3.317187353968620300e-02 9.982265642410860229e-01 -1.426463961294769264e-07
5.025781318545341492e-02 9.972878912870610790e-01 -2.258665901658934295e-07
7.588671892881393433e-02 9.962682359715984148e-01 1.374557664495665778e-06
9.510839730501174927e-02 9.959278532620391422e-01 2.447900660591424405e-06
1.008465141057968140e-01 9.958012680815903073e-01 2.746962158631507818e-06
1.050960943102836609e-01 9.955689989738202295e-01 1.306983530083552551e-05
1.110495105385780334e-01 9.924589039413047598e-01 4.879517314716604141e-05
1.159204915165901184e-01 9.921824523447542177e-01 6.351115074406408421e-06
1.207914799451828003e-01 9.917755851782967813e-01 -9.509849742448995446e-06
1.299245655536651611e-01 9.910332024973123044e-01 -6.669752361812974130e-06
1.381443440914154053e-01 9.903470912712911689e-01 -7.038454394732819854e-06
1.504740267992019653e-01 9.893012141153931793e-01 -7.007577539541112162e-06
1.689685285091400146e-01 9.877047397714402432e-01 -6.865995528357036109e-06
1.967102885246276855e-01 9.852448077673543470e-01 -6.722221579712821657e-06
2.383229285478591919e-01 9.814056874722622004e-01 -5.754022371027542370e-06
2.799355685710906982e-01 9.773891019307434647e-01 -2.730023444253480575e-06
3.111450672149658203e-01 9.742644217525709971e-01 2.868587778740718321e-06
3.345521688461303711e-01 9.718604914471871137e-01 1.092424140066404650e-05
3.521074950695037842e-01 9.700248277385835616e-01 2.056212838553074659e-05
3.696628510951995850e-01 9.681618536370975026e-01 3.511229498963164476e-05
3.872181773185729980e-01 9.662722326982967624e-01 5.674213316951979744e-05
3.916070163249969482e-01 9.657958715365986269e-01 6.323160346411351026e-05
3.959958255290985107e-01 9.653176213338255929e-01 7.038343840084394104e-05
4.025790989398956299e-01 9.645972600296124355e-01 8.190800522496954807e-05
4.091623425483703613e-01 9.638732730816906846e-01 9.474712884624604298e-05
4.157455861568450928e-01 9.631456933689397371e-01 1.090023079184663840e-04
4.223288297653198242e-01 9.624144252437101255e-01 1.245486631215961411e-04
4.289121031761169434e-01 9.616795075628596923e-01 1.411524826585954569e-04
4.354953467845916748e-01 9.609408775576181450e-01 1.585113722010060328e-04
4.420785903930664062e-01 9.601986009857446103e-01 1.766212306456981396e-04
4.486618340015411377e-01 9.594525433427323335e-01 1.941970408137935181e-04
4.552450776100158691e-01 9.587027703863399974e-01 2.106292124009389243e-04
4.618283510208129883e-01 9.579491266891375645e-01 2.255446909690580332e-04
4.684115946292877197e-01 9.571917676785550722e-01 2.385245218333020964e-04
4.749948382377624512e-01 9.564305199932281454e-01 2.496338264248630320e-04
4.815780818462371826e-01 9.556655211266527061e-01 2.593125757577953764e-04
4.881613552570343018e-01 9.548967561338838062e-01 2.683479627129146472e-04
4.947445988655090332e-01 9.541243385965045842e-01 2.781716371493288113e-04
5.013278126716613770e-01 9.533482505805812579e-01 2.892483518359476708e-04
5.079110860824584961e-01 9.525685727888175691e-01 3.025695812924017827e-04
5.144943594932556152e-01 9.517853500560494728e-01 3.186231086816890571e-04
5.210775732994079590e-01 9.509987617216193456e-01 3.381865965631169167e-04
5.276608467102050781e-01 9.502088227304724688e-01 3.609406551114492157e-04
5.342441201210021973e-01 9.494154673248500487e-01 3.868286278058686288e-04
5.408273339271545410e-01 9.486186626258723553e-01 4.146496357576853818e-04
5.474106073379516602e-01 9.478184445014079529e-01 4.472283319908537886e-04
5.539938211441040039e-01 9.470147830615663898e-01 4.842336801310361091e-04
5.605770945549011230e-01 9.462073495175532534e-01 5.260324151228737465e-04
5.671603679656982422e-01 9.453962514729739031e-01 5.732871059339263598e-04
5.737435817718505859e-01 9.445812617646609510e-01 6.276469506199283026e-04
5.803268551826477051e-01 9.437622189872062473e-01 6.908546699015798154e-04
5.869100689888000488e-01 9.429392307442151511e-01 7.659113372107794609e-04
5.934933423995971680e-01 9.421120638945426062e-01 8.583999404010529601e-04
6.000766158103942871e-01 9.412806706143639346e-01 9.689094620983934071e-04
6.066598296165466309e-01 9.404448356964678624e-01 1.105714147868516089e-03
6.132431030273437500e-01 9.396046488105257444e-01 1.278997868678945649e-03
6.198263168334960938e-01 9.387599126832608665e-01 1.504436295833456961e-03
6.264095902442932129e-01 9.379104240634182910e-01 1.807967432565717137e-03
6.300483942031860352e-01 9.374384447596565417e-01 1.993619730143308955e-03
6.359800100326538086e-01 9.366661677047625201e-01 2.411235441306895828e-03
6.400579810142517090e-01 9.361327168523505549e-01 2.825487372223707376e-03
6.452257037162780762e-01 9.354532120393608263e-01 3.506850308932940585e-03
6.501975059509277344e-01 9.347947676431653807e-01 4.436792752885210939e-03
6.552705764770507812e-01 9.341163986460119251e-01 5.868524575677137867e-03
6.603436470031738281e-01 9.334264383493511286e-01 8.125206165519214055e-03
6.657338142395019531e-01 9.326641026720127181e-01 1.223186601270774727e-02
6.702538728713989258e-01 9.319563339786360867e-01 1.871183546703312356e-02
6.752202510833740234e-01 9.309794247559072256e-01 3.079223259188869702e-02
6.802130937576293945e-01 9.293885174040463770e-01 5.239700033428853349e-02
6.852735877037048340e-01 9.261518726853268380e-01 8.833582744542345377e-02
6.900376677513122559e-01 9.215333884423205779e-01 1.256217097208618960e-01
6.953231692314147949e-01 9.189828542023750213e-01 1.390306284098387080e-01
7.003982663154602051e-01 9.195738430938570351e-01 1.286091444891650226e-01
7.052343487739562988e-01 9.190408166778892829e-01 1.274622245586817526e-01
7.101746201515197754e-01 9.163992438096840720e-01 1.427515909790876003e-01
7.159559130668640137e-01 9.132267846416656232e-01 1.592039580910259433e-01
7.204177379608154297e-01 9.123299683693224527e-01 1.606904570666396193e-01
7.251995205879211426e-01 9.113766004242929153e-01 1.624141622126744622e-01
7.313196063041687012e-01 9.090423195415798796e-01 1.719707223740894464e-01
7.350609898567199707e-01 9.075107675341269609e-01 1.782131064300088719e-01
7.400114536285400391e-01 9.059804709020721214e-01 1.831093843256458020e-01
7.450848817825317383e-01 9.045165477606971205e-01 1.874358264052552736e-01
7.503824830055236816e-01 9.026443944738614666e-01 1.939601319076732500e-01
7.550149559974670410e-01 9.010119341963301887e-01 1.994680914659341386e-01
7.602652907371520996e-01 8.993666810456966143e-01 2.043792993618388787e-01
7.650195956230163574e-01 8.978095731819294434e-01 2.091580950431562169e-01
7.703045010566711426e-01 8.959696591309072033e-01 2.149798536160550388e-01
7.756522297859191895e-01 8.942034774615879034e-01 2.202032614174599112e-01
7.806804180145263672e-01 8.925509371556683558e-01 2.249907849467816523e-01
7.851930260658264160e-01 8.910068612841269831e-01 2.295559575812239905e-01
7.900675535202026367e-01 8.893581827520506966e-01 2.342910841326288629e-01
7.951263189315795898e-01 8.876707430100697627e-01 2.390062143473387080e-01
8.000738620758056641e-01 8.859945059990206317e-01 2.436844006574819532e-01
8.050771355628967285e-01 8.842941179565070309e-01 2.483705227335332999e-01
8.101163506507873535e-01 8.826015132414605224e-01 2.529256822546829264e-01
8.152141571044921875e-01 8.808830956170421445e-01 2.575147070216852185e-01
8.200551271438598633e-01 8.792505098019711696e-01 2.618293127046859570e-01
8.251152038574218750e-01 8.775592082861471965e-01 2.662172083990113625e-01
8.301111459732055664e-01 8.758895709629040960e-01 2.705091575450691566e-01
8.350194096565246582e-01 8.742456030775587195e-01 2.746997799625826575e-01
8.400079011917114258e-01 8.725785721527608008e-01 2.788954238816876985e-01
8.450538516044616699e-01 8.708826317259428240e-01 2.831244249185081996e-01
8.500351309776306152e-01 8.691950485124877446e-01 2.873152266753642436e-01
8.551915287971496582e-01 8.674351198082455028e-01 2.916442990653311806e-01
8.600265979766845703e-01 8.657681725751407154e-01 2.957262119513650589e-01
8.651937246322631836e-01 8.639647481023505771e-01 3.001262429412034916e-01
8.700317144393920898e-01 8.622598885322293460e-01 3.042613000524149180e-01
8.751599192619323730e-01 8.604322054243696005e-01 3.086764852166993256e-01
8.802713751792907715e-01 8.585892186926112890e-01 3.131099629939244622e-01
8.851559162139892578e-01 8.568135918179174970e-01 3.173564795065346722e-01
8.900915384292602539e-01 8.550023361938358102e-01 3.216639116158331313e-01
8.951907753944396973e-01 8.531147896134305686e-01 3.261291623465811806e-01
9.001581072807312012e-01 8.512634934921339269e-01 3.304742557178164675e-01
9.050180315971374512e-01 8.494394928187745109e-01 3.347290218401842710e-01
9.101600646972656250e-01 8.474953108739899932e-01 3.392311566957180724e-01
9.150450825691223145e-01 8.456381204663013795e-01 3.434975200955711072e-01
9.200237989425659180e-01 8.437329747184133533e-01 3.478427031364776933e-01
9.250431060791015625e-01 8.417996726937438945e-01 3.522175070587965084e-01
9.305819272994995117e-01 8.396531481467311986e-01 3.570311842422410620e-01
9.355095624923706055e-01 8.377307260421767987e-01 3.613058570316325935e-01
9.400444030761718750e-01 8.359494798680827676e-01 3.652341059909861576e-01
9.453057050704956055e-01 8.338684859168401520e-01 3.697784752616919413e-01
9.501639008522033691e-01 8.319328285688051272e-01 3.739624621235308477e-01
9.552729725837707520e-01 8.298795485239655045e-01 3.783536457058031544e-01
9.600226879119873047e-01 8.279549384794318012e-01 3.824187305835271555e-01
9.650226235389709473e-01 8.259074570733350162e-01 3.866822843336802373e-01
9.702134132385253906e-01 8.237564370868021291e-01 3.910863504587261397e-01
9.750640392303466797e-01 8.217197638650832747e-01 3.951734641856941566e-01
9.800181984901428223e-01 8.196064170964433293e-01 3.993205669227473109e-01
9.850593805313110352e-01 8.174157631152055847e-01 4.034971112018700956e-01
9.900854825973510742e-01 8.151804177698028786e-01 4.076075091534800410e-01
9.953396320343017578e-01 8.127752619789117006e-01 4.118250324723769507e-01
1.000000000000000000e+00 8.105672240374021120e-01 4.154713599852319916e-01
