5.085668945312500000e+03 0.000000000000000000e+00
5.071106933593750000e+03 -2.094526716973632574e-04
5.049738281250000000e+03 -5.128287593834102154e-04
5.030506835937500000e+03 -7.868794491514563560e-04
5.001658691406250000e+03 -1.199649646878242493e-03
4.958387695312500000e+03 -1.822406775318086147e-03
4.893479980468750000e+03 -2.402243902906775475e-03
4.844797851562500000e+03 -2.392355818301439285e-03
4.830265136718750000e+03 -2.392023801803588867e-03
4.819500488281250000e+03 -1.663360628299415112e-03
4.804420898437500000e+03 -1.145398244261741638e-03
4.792084472656250000e+03 -1.107152551412582397e-03
4.779748046875000000e+03 -1.117363572120666504e-03
4.756616699218750000e+03 -1.126655144616961479e-03
4.735798828125000000e+03 -1.138314954005181789e-03
4.704572265625000000e+03 -1.159621286205947399e-03
4.657731933593750000e+03 -1.198571058921515942e-03
4.587471679687500000e+03 -1.269267406314611435e-03
4.482081054687500000e+03 -1.396260806359350681e-03
4.376690429687500000e+03 -1.543251564726233482e-03
4.297647460937500000e+03 -1.664908835664391518e-03
4.238365722656250000e+03 -1.762152998708188534e-03
4.193904296875000000e+03 -1.838352531194686890e-03
4.149442382812500000e+03 -1.917309244163334370e-03
4.104980957031250000e+03 -1.998973544687032700e-03
4.093865722656250000e+03 -2.019671490415930748e-03
4.082750244140625000e+03 -2.040697494521737099e-03
4.066077148437500000e+03 -2.072501694783568382e-03
4.049404052734375000e+03 -2.104633953422307968e-03
4.032730957031250000e+03 -2.137127099558711052e-03
4.016057861328125000e+03 -2.169967629015445709e-03
3.999385009765625000e+03 -2.203148091211915016e-03
3.982711914062500000e+03 -2.236660337075591087e-03
3.966038818359375000e+03 -2.270507859066128731e-03
3.949365722656250000e+03 -2.304660854861140251e-03
3.932692626953125000e+03 -2.339119557291269302e-03
3.916019531250000000e+03 -2.373877447098493576e-03
3.899346435546875000e+03 -2.408930100500583649e-03
3.882673339843750000e+03 -2.444277284666895866e-03
3.866000244140625000e+03 -2.479921793565154076e-03
3.849327392578125000e+03 -2.515871543437242508e-03
3.832654296875000000e+03 -2.552148653194308281e-03
3.815981201171875000e+03 -2.588749397546052933e-03
3.799308105468750000e+03 -2.625699853524565697e-03
3.782635009765625000e+03 -2.663011895492672920e-03
3.765961914062500000e+03 -2.700719749554991722e-03
3.749288818359375000e+03 -2.738830400630831718e-03
3.732615966796875000e+03 -2.777355024591088295e-03
3.715942871093750000e+03 -2.816268941387534142e-03
3.699269775390625000e+03 -2.855630358681082726e-03
3.682596679687500000e+03 -2.895405516028404236e-03
3.665923583984375000e+03 -2.935584867373108864e-03
3.649250488281250000e+03 -2.976160729303956032e-03
3.632577636718750000e+03 -3.017123090103268623e-03
3.615904541015625000e+03 -3.058462403714656830e-03
3.599231445312500000e+03 -3.100170521065592766e-03
3.582558349609375000e+03 -3.142255125567317009e-03
3.565885253906250000e+03 -3.184681525453925133e-03
3.549212402343750000e+03 -3.227451816201210022e-03
3.532539306640625000e+03 -3.270564600825309753e-03
3.515866210937500000e+03 -3.314013825729489326e-03
3.499193115234375000e+03 -3.357792505994439125e-03
3.489977294921875000e+03 -3.381948219612240791e-03
3.474954833984375000e+03 -3.421871690079569817e-03
3.464626708984375000e+03 -3.449420211836695671e-03
3.451538574218750000e+03 -3.484534798189997673e-03
3.438946777343750000e+03 -3.518401179462671280e-03
3.426098632812500000e+03 -3.553014015778899193e-03
3.413250244140625000e+03 -3.587495069950819016e-03
3.399598876953125000e+03 -3.623383119702339172e-03
3.388151123046875000e+03 -3.651199163869023323e-03
3.375572998046875000e+03 -3.674653358757495880e-03
3.362927734375000000e+03 -3.675822168588638306e-03
3.350111083984375000e+03 -3.615958848968148232e-03
3.338045166015625000e+03 -3.499394981190562248e-03
3.324658447265625000e+03 -3.472496522590517998e-03
3.311805419921875000e+03 -3.562659258022904396e-03
3.299557128906250000e+03 -3.603246528655290604e-03
3.287045166015625000e+03 -3.564223414286971092e-03
3.272402832031250000e+03 -3.518213052302598953e-03
3.261102783203125000e+03 -3.544372273609042168e-03
3.248991943359375000e+03 -3.571128938347101212e-03
3.233491943359375000e+03 -3.561655525118112564e-03
3.224016357421875000e+03 -3.552580019459128380e-03
3.211478515625000000e+03 -3.560945857316255569e-03
3.198629150390625000e+03 -3.573385300114750862e-03
3.185212158203125000e+03 -3.572758752852678299e-03
3.173479736328125000e+03 -3.573121735826134682e-03
3.160182373046875000e+03 -3.582103177905082703e-03
3.148141357421875000e+03 -3.587526967748999596e-03
3.134756347656250000e+03 -3.589528379961848259e-03
3.121212402343750000e+03 -3.595909103751182556e-03
3.108477783203125000e+03 -3.602321725338697433e-03
3.097048828125000000e+03 -3.605742007493972778e-03
3.084703369140625000e+03 -3.610440064221620560e-03
3.071891113281250000e+03 -3.616420086473226547e-03
3.059360595703125000e+03 -3.621175186708569527e-03
3.046689208984375000e+03 -3.625859040766954422e-03
3.033926513671875000e+03 -3.631418338045477867e-03
3.021015380859375000e+03 -3.636825364083051682e-03
3.008755126953125000e+03 -3.641758812591433525e-03
2.995939453125000000e+03 -3.647664561867713928e-03
2.983286376953125000e+03 -3.653994994238018990e-03
2.970855468750000000e+03 -3.660132875666022301e-03
2.958221435546875000e+03 -3.666720120236277580e-03
2.945441650390625000e+03 -3.673883154988288879e-03
2.932825927734375000e+03 -3.680823370814323425e-03
2.919766357421875000e+03 -3.688181750476360321e-03
2.907520751953125000e+03 -3.694767132401466370e-03
2.894434326171875000e+03 -3.702397458255290985e-03
2.882181152343750000e+03 -3.709245705977082253e-03
2.869193359375000000e+03 -3.716879291459918022e-03
2.856247558593750000e+03 -3.724256297573447227e-03
2.843876708984375000e+03 -3.731339238584041595e-03
2.831376708984375000e+03 -3.738763043656945229e-03
2.818461914062500000e+03 -3.746358212083578110e-03
2.805881347656250000e+03 -3.753845812752842903e-03
2.793572998046875000e+03 -3.761195112019777298e-03
2.780549804687500000e+03 -3.768972819671034813e-03
2.768177734375000000e+03 -3.776516066864132881e-03
2.755568359375000000e+03 -3.784229047596454620e-03
2.742856201171875000e+03 -3.791975090280175209e-03
2.728828125000000000e+03 -3.800710197538137436e-03
2.716348144531250000e+03 -3.808517241850495338e-03
2.704863037109375000e+03 -3.815586213022470474e-03
2.691537841796875000e+03 -3.824001876637339592e-03
2.679233642578125000e+03 -3.831746056675910950e-03
2.666294189453125000e+03 -3.839855547994375229e-03
2.654264648437500000e+03 -3.847469808533787727e-03
2.641601562500000000e+03 -3.855426795780658722e-03
2.628455322265625000e+03 -3.863652003929018974e-03
2.616170166015625000e+03 -3.871310269460082054e-03
2.603623046875000000e+03 -3.879064694046974182e-03
2.590855224609375000e+03 -3.886919235810637474e-03
2.578125976562500000e+03 -3.894581692293286324e-03
2.564819091796875000e+03 -3.902370575815439224e-03
2.553015869140625000e+03 -3.909095190465450287e-03
