0.000000000000000000e+00 1.000000000000000000e+00 0.000000000000000000e+00
4.999999888241291046e-03 9.998402620263460161e-01 -6.021454886527450492e-09
9.999999776482582092e-03 9.996793580656291311e-01 -1.572708632530910477e-08
1.499999966472387314e-02 9.995177775471150161e-01 -3.781084053437499649e-08
1.999999955296516418e-02 9.993570760919266993e-01 -4.410867465800848389e-07
2.500000037252902985e-02 9.992488738468715548e-01 -2.575722843909464068e-06
2.999999932944774628e-02 9.990243462955250564e-01 -2.990454286649948263e-06
3.500000014901161194e-02 9.988019459988890514e-01 -3.280522920066068041e-06
3.999999910593032837e-02 9.985823132811473268e-01 -3.481563963309055725e-06
4.500000178813934326e-02 9.983644732306984348e-01 -3.675307624605523429e-06
5.000000074505805969e-02 9.981379061787067908e-01 -3.869249289777098218e-06
5.499999970197677612e-02 9.978977666582380390e-01 -1.597586987900132848e-05
5.999999865889549255e-02 9.976259274843359837e-01 -3.954387042953186503e-06
6.499999761581420898e-02 9.973932481012424134e-01 -3.516942873096265861e-06
7.000000029802322388e-02 9.971813637869699765e-01 -3.572599962353706529e-06
7.500000298023223877e-02 9.969347279011702145e-01 -3.705646435753637960e-06
7.999999821186065674e-02 9.966867754639696653e-01 -3.904164103525025480e-06
8.500000089406967163e-02 9.964376677184546560e-01 -4.106487671868139575e-06
9.000000357627868652e-02 9.961873062518463717e-01 -4.321777754846740982e-06
9.499999880790710449e-02 9.959360353485877670e-01 -4.524093888261738557e-06
1.000000014901161194e-01 9.956836511307404214e-01 -4.725624658480412096e-06
1.049999967217445374e-01 9.954301144896435805e-01 -4.927451651887733616e-06
1.099999994039535522e-01 9.951753866371987334e-01 -5.129678957477336941e-06
1.150000020861625671e-01 9.949193919205866488e-01 -5.332804324121034248e-06
1.199999973177909851e-01 9.946620780880712775e-01 -5.537189324112499451e-06
1.250000000000000000e-01 9.944033858355354472e-01 -5.743184964321241065e-06
1.299999952316284180e-01 9.941432401512851902e-01 -5.951201731041699762e-06
1.350000053644180298e-01 9.938815814106403135e-01 -6.161516673174225387e-06
1.400000005960464478e-01 9.936183442187911385e-01 -6.374463188548047677e-06
1.449999958276748657e-01 9.933534856203223296e-01 -6.590279586174908587e-06
1.500000059604644775e-01 9.930869100875213684e-01 -6.809281263531756776e-06
1.550000011920928955e-01 9.928185849229829163e-01 -7.031638050029257688e-06
1.599999964237213135e-01 9.925484588366597638e-01 -7.257604298471402533e-06
1.650000065565109253e-01 9.922764632281134700e-01 -7.487405404573728661e-06
1.700000017881393433e-01 9.920025737345719019e-01 -7.721266764051774268e-06
1.749999970197677612e-01 9.917267358603597538e-01 -7.959384032908607234e-06
1.800000071525573730e-01 9.914488912630481376e-01 -8.201926257930883325e-06
1.850000023841857910e-01 9.911690245556229462e-01 -8.448987354000075801e-06
1.899999976158142090e-01 9.908871049640559647e-01 -8.700807586687954204e-06
1.949999928474426270e-01 9.906030632467830443e-01 -8.957484783996053746e-06
2.000000029802322388e-01 9.903169032505581004e-01 -9.219084686341406048e-06
2.049999982118606567e-01 9.900285980481060566e-01 -9.485685556125239955e-06
2.099999934434890747e-01 9.897381078896401174e-01 -9.757234174914721072e-06
2.150000035762786865e-01 9.894454770128267018e-01 -9.832815306276833606e-06
2.199999988079071045e-01 9.891505945029379632e-01 -1.010062141703958226e-05
2.249999940395355225e-01 9.888534789526162161e-01 -1.037004364638769287e-05
2.300000041723251343e-01 9.885541220272289209e-01 -1.062900923630770531e-05
2.349999994039535522e-01 9.882525173155199960e-01 -1.086682519491981044e-05
2.399999946355819702e-01 9.879486519949777223e-01 -1.106857314330189174e-05
2.450000047683715820e-01 9.876425247833507948e-01 -1.121209464779421064e-05
2.500000000000000000e-01 9.873341151646204406e-01 -1.126304503624178713e-05
2.549999952316284180e-01 9.870234603240710669e-01 -1.117483157069743178e-05
2.599999904632568359e-01 9.867105269231716269e-01 -1.088294881482084339e-05
2.649999856948852539e-01 9.863953636874672748e-01 -1.031220303613598662e-05
2.700000107288360596e-01 9.860779680524552893e-01 -9.360532237201177463e-06
2.750000059604644775e-01 9.857583053973542064e-01 -7.930159287041976538e-06
2.800000011920928955e-01 9.854364193187039600e-01 -5.892472059912040490e-06
2.849999964237213135e-01 9.851122585264574516e-01 -3.259095457233801626e-06
2.899999916553497314e-01 9.847857832708278858e-01 -3.470134999145198163e-08
2.949999868869781494e-01 9.844569448262703304e-01 3.632185041528789943e-06
3.000000119209289551e-01 9.841257354992778428e-01 7.583479545697444519e-06
3.050000071525573730e-01 9.837920462984998116e-01 1.155365054973033308e-05
3.100000023841857910e-01 9.834558861996948176e-01 1.536030791887716218e-05
3.149999976158142090e-01 9.831172103240710669e-01 1.879069766327112596e-05
3.199999928474426270e-01 9.827760917599460688e-01 2.183896340742832377e-05
3.249999880790710449e-01 9.824325292250689623e-01 2.429974461052598065e-05
3.300000131130218506e-01 9.820865022034205305e-01 2.633221760517408843e-05
3.350000083446502686e-01 9.817381145573463863e-01 2.788988043781088038e-05
3.400000035762786865e-01 9.813872624245011389e-01 2.908706665039062500e-05
3.449999988079071045e-01 9.810340406914719313e-01 2.994299435815891137e-05
3.499999940395355225e-01 9.806784249954864086e-01 3.056867721200990859e-05
3.549999892711639404e-01 9.803204102075400161e-01 3.092605151048227589e-05
3.600000143051147461e-01 9.799599770938648424e-01 3.108789189523007706e-05
3.650000095367431641e-01 9.795971833557641784e-01 3.108028478983069554e-05
3.700000047683715820e-01 9.792319610339251801e-01 3.093057820776931279e-05
3.750000000000000000e-01 9.788643550071395305e-01 3.072645421288594140e-05
3.799999952316284180e-01 9.784943280901228224e-01 3.009808226292874718e-05
3.849999904632568359e-01 9.781218943876378580e-01 2.929871322728004791e-05
3.899999856948852539e-01 9.777470333836658645e-01 2.830855610991726492e-05
3.950000107288360596e-01 9.773696540383731701e-01 2.708024963611314369e-05
4.000000059604644775e-01 9.769899589474461132e-01 2.535030777965273263e-05
4.050000011920928955e-01 9.766077788537289583e-01 2.285651862621307373e-05
4.099999964237213135e-01 9.762231624827665266e-01 1.941774854389559339e-05
4.149999916553497314e-01 9.758361021410516534e-01 1.461570534635992569e-05
4.199999868869781494e-01 9.754464901194852544e-01 6.662555696333155604e-06
4.250000119209289551e-01 9.750544700301995160e-01 -4.422491291115263683e-06
4.300000071525573730e-01 9.746598905675550872e-01 -2.584180661610194712e-05
4.350000023841857910e-01 9.742628876501772117e-01 -6.986399408148115853e-05
4.399999976158142090e-01 9.738632176503413396e-01 -2.469844928308695441e-04
4.449999928474426270e-01 9.734601317333574366e-01 -9.065557928646312321e-04
4.499999880790710449e-01 9.723786041516216949e-01 -2.375693441439075473e-02
4.550000131130218506e-01 9.709058591698397356e-01 -3.843238894678965151e-02
4.600000083446502686e-01 9.698252804539784222e-01 -4.539940136821329908e-02
4.650000035762786865e-01 9.688148767807904793e-01 -5.089126394576385520e-02
4.699999988079071045e-01 9.678230657497373102e-01 -5.575156973189666215e-02
4.749999940395355225e-01 9.668439361828715661e-01 -6.017529143004857889e-02
4.799999892711639404e-01 9.658732925543264125e-01 -6.428178418584230835e-02
4.850000143051147461e-01 9.649090627461921477e-01 -6.814153975799304430e-02
4.900000095367431641e-01 9.639493926232601817e-01 -7.180561097730107922e-02
4.950000047683715820e-01 9.629927460486147339e-01 -7.531118953929227811e-02
5.000000000000000000e-01 9.620378535935858455e-01 -7.868487574473148616e-02
5.049999952316284180e-01 9.610844972754726268e-01 -8.194382611443014330e-02
5.099999904632568359e-01 9.601349877109047748e-01 -8.509100264861804708e-02
5.149999856948852539e-01 9.591928126230960805e-01 -8.812371903106945570e-02
5.199999809265136719e-01 9.582591465541294706e-01 -9.105035477325695847e-02
5.249999761581420898e-01 9.573298914292278639e-01 -9.389797178637079855e-02
5.299999713897705078e-01 9.563984282677914228e-01 -9.670129984366793163e-02
5.350000262260437012e-01 9.554615181033350169e-01 -9.947954065659467271e-02
5.400000214576721191e-01 9.545203406069460161e-01 -1.022322839047728471e-01
5.450000166893005371e-01 9.535771320246848592e-01 -1.049537979254201725e-01
5.500000119209289551e-01 9.526331438337052315e-01 -1.076408065667673331e-01
5.550000071525573730e-01 9.516873399750525042e-01 -1.102982208508403311e-01
5.600000023841857910e-01 9.507391254841779382e-01 -1.129297464835543607e-01
5.649999976158142090e-01 9.497879310415571208e-01 -1.155391148158482206e-01
5.699999928474426270e-01 9.488335258419773321e-01 -1.181295571206998490e-01
5.749999880790710449e-01 9.478757303702730619e-01 -1.207022658917082519e-01
5.799999833106994629e-01 9.469146984965861602e-01 -1.232595107134650675e-01
5.849999785423278809e-01 9.459501788996849125e-01 -1.258029969800420200e-01
5.899999737739562988e-01 9.449821202895221095e-01 -1.283332119468881261e-01
5.950000286102294922e-01 9.440106970522583740e-01 -1.308522713284532568e-01
6.000000238418579102e-01 9.430356629956669900e-01 -1.333608418953518837e-01
6.050000190734863281e-01 9.420569617006959717e-01 -1.358604751715139225e-01
6.100000143051147461e-01 9.410745521353073295e-01 -1.383517609924829195e-01
6.150000095367431641e-01 9.400882291393120038e-01 -1.408360457219997308e-01
6.200000047683715820e-01 9.390980440027574261e-01 -1.433143423384979076e-01
6.250000000000000000e-01 9.381038479845063005e-01 -1.457870739848673713e-01
6.299999952316284180e-01 9.371055282464547664e-01 -1.482552279945181239e-01
6.349999904632568359e-01 9.361029309184610847e-01 -1.507194070255055141e-01
6.399999856948852539e-01 9.350959688074448328e-01 -1.531800342207195464e-01
6.449999809265136719e-01 9.340843700761555235e-01 -1.556378019957983250e-01
6.499999761581420898e-01 9.330678526293330055e-01 -1.580931976061909217e-01
6.549999713897705078e-01 9.320458984374999645e-01 -1.605460287142200515e-01
6.600000262260437012e-01 9.310181741153492618e-01 -1.629975006359965783e-01
6.650000214576721191e-01 9.299848489200368551e-01 -1.654461772501969463e-01
6.700000166893005371e-01 9.289459587545956243e-01 -1.678940204011291903e-01
6.750000119209289551e-01 9.279029910303965289e-01 -1.703400812229188543e-01
6.800000071525573730e-01 9.268567253561581509e-01 -1.727859881745666959e-01
6.850000023841857910e-01 9.258077566964285632e-01 -1.752317797236082053e-01
6.899999976158142090e-01 9.247560542771795511e-01 -1.776799306148240665e-01
6.949999928474426270e-01 9.237010539078912563e-01 -1.801297484325761478e-01
6.999999880790710449e-01 9.226417092715992752e-01 -1.825828488133534599e-01
7.049999833106994629e-01 9.215764919248948805e-01 -1.850413731166294651e-01
7.099999785423278809e-01 9.205034990070247725e-01 -1.875076806845785149e-01
7.149999737739562988e-01 9.194212328486081054e-01 -1.899830409458705405e-01
7.200000286102294922e-01 9.183323554030987657e-01 -1.924644277877166354e-01
7.250000238418579102e-01 9.172422264804358516e-01 -1.949480713916426078e-01
7.300000190734863281e-01 9.161519129136029838e-01 -1.974322535410648616e-01
7.350000143051147461e-01 9.150595220998555268e-01 -1.999169998810070847e-01
7.400000095367431641e-01 9.139639307871586515e-01 -2.024034772600446508e-01
7.450000047683715820e-01 9.128645183659400697e-01 -2.048906726997439531e-01
7.500000000000000000e-01 9.117611053210346039e-01 -2.073779835420496431e-01
7.549999952316284180e-01 9.106538044905463369e-01 -2.098616912585346550e-01
7.599999904632568359e-01 9.095419491038603255e-01 -2.123378593380711721e-01
7.649999856948852539e-01 9.084237747833509014e-01 -2.148103601792279438e-01
7.699999809265136719e-01 9.072978556657037563e-01 -2.172904134798450682e-01
7.749999761581420898e-01 9.061647969734769603e-01 -2.197859820197610170e-01
7.799999713897705078e-01 9.050264246323529438e-01 -2.222955783876050528e-01
7.850000262260437012e-01 9.038829130284925517e-01 -2.248157661502100946e-01
7.900000214576721191e-01 9.027343749999999778e-01 -2.273433909696691291e-01
7.950000166893005371e-01 9.015808823529412042e-01 -2.298785041360294212e-01
8.000000119209289551e-01 9.004220760569852100e-01 -2.324198490431328701e-01
8.050000071525573730e-01 8.992576688878676228e-01 -2.349676052061449583e-01
8.100000023841857910e-01 8.980882455521271845e-01 -2.375218239151129229e-01
8.149999976158142090e-01 8.969133341813287918e-01 -2.400825821051076614e-01
8.199999928474426270e-01 8.957330578715861913e-01 -2.426495463908219519e-01
8.249999880790710449e-01 8.945473037847951892e-01 -2.452232809627757359e-01
8.299999833106994629e-01 8.933561950170693100e-01 -2.478036319508272189e-01
8.349999785423278809e-01 8.921595161502100524e-01 -2.503907019350709029e-01
8.399999737739562988e-01 8.909575031184349125e-01 -2.529846704306722427e-01
8.450000286102294922e-01 8.897497456013654382e-01 -2.555853066324185741e-01
8.500000238418579102e-01 8.885365923713235414e-01 -2.581925848952862368e-01
8.550000190734863281e-01 8.873176946559873102e-01 -2.608081977908350835e-01
8.600000143051147461e-01 8.860933807116596617e-01 -2.634304783925288662e-01
8.650000095367431641e-01 8.848633222820379007e-01 -2.660595549254858305e-01
8.700000047683715820e-01 8.836276219472164462e-01 -2.686964788356748790e-01
8.750000000000000000e-01 8.823861053210346750e-01 -2.713408654477416082e-01
8.799999952316284180e-01 8.811392750459559053e-01 -2.739919454109768782e-01
8.849999904632568359e-01 8.798863617712709972e-01 -2.766519498424369616e-01
8.899999856948852539e-01 8.786275809151785632e-01 -2.793190835904674207e-01
8.949999809265136719e-01 8.773636710543591954e-01 -2.819934492351628408e-01
8.999999761581420898e-01 8.760936474199054746e-01 -2.846755596769958152e-01
9.049999713897705078e-01 8.748178280101102100e-01 -2.873662355567226934e-01
9.100000262260437012e-01 8.735360076647846750e-01 -2.900648613937762410e-01
9.150000214576721191e-01 8.722483812861081542e-01 -2.927711038028492641e-01
9.200000166893005371e-01 8.709542513294380450e-01 -2.954878863166360281e-01
9.250000119209289551e-01 8.696544999835872369e-01 -2.982110544413077990e-01
9.300000071525573730e-01 8.683492913767068000e-01 -3.009424802635898288e-01
9.350000023841857910e-01 8.670378766741071441e-01 -3.036812149176076892e-01
9.399999976158142090e-01 8.657201430376838536e-01 -3.064305153213628952e-01
9.449999928474426270e-01 8.643965520778623679e-01 -3.091873553620667070e-01
9.499999880790710449e-01 8.630670217305672631e-01 -3.119517350397190136e-01
9.549999833106994629e-01 8.617318699940913485e-01 -3.147248853154542836e-01
9.599999785423278809e-01 8.603894248128938216e-01 -3.175084474707852156e-01
9.649999737739562988e-01 8.590412146303834096e-01 -3.202994979730173220e-01
9.700000286102294922e-01 8.576871368664653605e-01 -3.230993960084033723e-01
9.750000238418579102e-01 8.563268017167804391e-01 -3.259075773864233416e-01
9.800000190734863281e-01 8.549601168592436684e-01 -3.287242216222426294e-01
9.850000143051147461e-01 8.535869694557509657e-01 -3.315506622570903450e-01
9.900000095367431641e-01 8.522079031808035277e-01 -3.343840526933429813e-01
9.950000047683715820e-01 8.508223128118433953e-01 -3.372280345243566235e-01
1.000000000000000000e+00 8.494308548614759591e-01 -3.400795303472951558e-01
