2.472135925292968750e+02 0.000000000000000000e+00
2.466473083496093750e+02 -1.931466395035386086e-04
2.458224792480468750e+02 -4.761540039908140898e-04
2.453300170898437500e+02 -6.472120294347405434e-04
2.448376312255859375e+02 -8.186682243831455708e-04
2.443451995849609375e+02 -9.910908993333578110e-04
2.438527679443359375e+02 -1.164464396424591541e-03
2.437426147460937500e+02 -1.056038308888673782e-03
2.430924682617187500e+02 -1.037925132550299168e-03
2.427180938720703125e+02 -1.027721096761524677e-03
2.422256317138671875e+02 -1.014451147057116032e-03
2.417331848144531250e+02 -1.001333817839622498e-03
2.412407379150390625e+02 -9.883134625852108002e-04
2.407482910156250000e+02 -9.753693011589348316e-04
2.402558288574218750e+02 -9.624845697544515133e-04
2.397633819580078125e+02 -9.496416896581649780e-04
2.392709350585937500e+02 -9.368241881020367146e-04
2.387784729003906250e+02 -9.240173967555165291e-04
2.382860260009765625e+02 -9.112101979553699493e-04
2.377935791015625000e+02 -8.983958978205919266e-04
2.373011322021484375e+02 -8.855748455971479416e-04
2.368086700439453125e+02 -8.727560634724795818e-04
2.363162231445312500e+02 -8.599602151662111282e-04
2.358237762451171875e+02 -8.472216431982815266e-04
2.353801269531250000e+02 -8.332186262123286724e-04
2.348898620605468750e+02 -8.210262167267501354e-04
2.343664245605468750e+02 -8.089681505225598812e-04
2.338516693115234375e+02 -7.970618316903710365e-04
2.333953857421875000e+02 -7.877927273511886597e-04
2.329040222167968750e+02 -7.785544730722904205e-04
2.323600006103515625e+02 -7.683302392251789570e-04
2.319454040527343750e+02 -7.603619014844298363e-04
2.313679351806640625e+02 -7.486752583645284176e-04
2.307349395751953125e+02 -7.348501239903271198e-04
2.304351043701171875e+02 -7.289886125363409519e-04
2.296855010986328125e+02 -7.171050528995692730e-04
2.292357330322265625e+02 -7.109272992238402367e-04
2.289085235595703125e+02 -7.067382102832198143e-04
2.281480712890625000e+02 -6.978910532779991627e-04
2.277878723144531250e+02 -6.940978928469121456e-04
2.274276428222656250e+02 -6.904915207996964455e-04
2.267072143554687500e+02 -6.841301801614463329e-04
2.264507904052734375e+02 -6.820483831688761711e-04
2.259699554443359375e+02 -6.783852004446089268e-04
2.255131683349609375e+02 -6.752564222551882267e-04
2.249113922119140625e+02 -6.715076742693781853e-04
2.242267761230468750e+02 -6.677997298538684845e-04
2.237343292236328125e+02 -6.654559983871877193e-04
2.235708160400390625e+02 -6.647334084846079350e-04
2.229378204345703125e+02 -6.621700595133006573e-04
2.224694671630859375e+02 -6.605467060580849648e-04
2.220828247070312500e+02 -6.593656726181507111e-04
2.216031188964843750e+02 -6.580599583685398102e-04
2.210334167480468750e+02 -6.567492964677512646e-04
2.205075531005859375e+02 -6.557571468874812126e-04
2.201131439208984375e+02 -6.551432306878268719e-04
2.195872650146484375e+02 -6.544790812768042088e-04
2.190614013671875000e+02 -6.539326859638094902e-04
2.185683898925781250e+02 -6.535396096296608448e-04
2.180753784179687500e+02 -6.532862898893654346e-04
2.176563262939453125e+02 -6.532703409902751446e-04
2.171633300781250000e+02 -6.534738931804895401e-04
2.166456756591796875e+02 -6.538208690471947193e-04
2.161742401123046875e+02 -6.542482296936213970e-04
2.155918731689453125e+02 -6.549243116751313210e-04
2.150303039550781250e+02 -6.557259475812315941e-04
2.146559295654296875e+02 -6.563370116055011749e-04
2.141879577636718750e+02 -6.571862031705677509e-04
2.132743377685546875e+02 -6.591009441763162613e-04
2.127818908691406250e+02 -6.602731882594525814e-04
2.122894439697265625e+02 -6.615376914851367474e-04
2.117969970703125000e+02 -6.628908449783921242e-04
2.113045349121093750e+02 -6.643298547714948654e-04
2.108120880126953125e+02 -6.658521015197038651e-04
2.107505340576171875e+02 -6.660482031293213367e-04
2.101888427734375000e+02 -6.679161451756954193e-04
2.097733306884765625e+02 -6.693658069707453251e-04
2.092539367675781250e+02 -6.712660542689263821e-04
2.087865142822265625e+02 -6.730639724992215633e-04
2.081632385253906250e+02 -6.755072390660643578e-04
2.077737121582031250e+02 -6.770524196326732635e-04
2.072916717529296875e+02 -6.790675106458365917e-04
2.067575683593750000e+02 -6.813672953285276890e-04
2.063138732910156250e+02 -6.833408260717988014e-04
2.056483154296875000e+02 -6.864400929771363735e-04
2.050936889648437500e+02 -6.893362733535468578e-04
2.047609100341796875e+02 -6.912424578331410885e-04
2.040953521728515625e+02 -6.955672870390117168e-04
2.037625732421875000e+02 -6.979198660701513290e-04
2.033466033935546875e+02 -7.009754772298038006e-04
2.028058319091796875e+02 -7.050627609714865685e-04
2.023066711425781250e+02 -7.089257123880088329e-04
2.018737945556640625e+02 -7.049602572806179523e-04
2.013867950439453125e+02 -7.075595785863697529e-04
2.009129791259765625e+02 -7.101327064447104931e-04
2.003799438476562500e+02 -7.131618913263082504e-04
1.999357452392578125e+02 -7.157450891099870205e-04
1.994026947021484375e+02 -7.188893505372107029e-04
1.988696441650390625e+02 -7.220713887363672256e-04
1.983699188232421875e+02 -7.250938215292990208e-04
1.979201507568359375e+02 -7.278502453118562698e-04
1.974703979492187500e+02 -7.306384504772722721e-04
1.965708770751953125e+02 -7.363067124970257282e-04
1.960784301757812500e+02 -7.394388667307794094e-04
1.955859832763671875e+02 -7.426256779581308365e-04
1.954628753662109375e+02 -7.434544386342167854e-04
1.949704284667968750e+02 -7.466842071153223515e-04
1.944779815673828125e+02 -7.499423227272927761e-04
1.939855194091796875e+02 -7.532371091656386852e-04
1.934930725097656250e+02 -7.565739215351641178e-04
1.930006256103515625e+02 -7.599738892167806625e-04
1.925389404296875000e+02 -7.632391061633825302e-04
1.919849548339843750e+02 -7.672049687243998051e-04
1.914655761718750000e+02 -7.709129713475704193e-04
1.910500640869140625e+02 -7.738745771348476410e-04
1.905306854248046875e+02 -7.775461417622864246e-04
1.900113067626953125e+02 -7.811920950189232826e-04
1.895958099365234375e+02 -7.840592879801988602e-04
1.890244750976562500e+02 -7.879552431404590607e-04
1.885570526123046875e+02 -7.912230794318020344e-04
1.880895996093750000e+02 -7.946818368509411812e-04
1.876221618652343750e+02 -7.982613751664757729e-04
1.871255035400390625e+02 -8.020391687750816345e-04
1.865996398925781250e+02 -8.061010739766061306e-04
1.860080108642578125e+02 -8.106004097498953342e-04
1.856136169433593750e+02 -8.136035758070647717e-04
1.850220031738281250e+02 -8.180635049939155579e-04
1.846276092529296875e+02 -8.210752857849001884e-04
1.840359954833984375e+02 -8.257381268776953220e-04
1.836416015625000000e+02 -8.289775578305125237e-04
1.830499877929687500e+02 -8.338260813616216183e-04
1.826555938720703125e+02 -8.368919370695948601e-04
1.822057189941406250e+02 -8.401539525948464870e-04
1.816788330078125000e+02 -8.442263933829963207e-04
1.812108612060546875e+02 -8.481431868858635426e-04
1.807194824218750000e+02 -8.522039861418306828e-04
1.802368927001953125e+02 -8.560903952457010746e-04
1.797186584472656250e+02 -8.601061417721211910e-04
1.792300262451171875e+02 -8.640976157039403915e-04
1.787469635009765625e+02 -8.683165651746094227e-04
1.782180786132812500e+02 -8.728174725547432899e-04
1.777472381591796875e+02 -8.764372905716300011e-04
1.772728729248046875e+02 -8.806451223790645599e-04
1.767375030517578125e+02 -8.852384635247290134e-04
1.762778472900390625e+02 -8.888375596143305302e-04
1.757712860107421875e+02 -8.934175712056457996e-04
1.753138275146484375e+02 -8.973986259661614895e-04
1.748009490966796875e+02 -9.017707197926938534e-04
1.743308105468750000e+02 -9.060046286322176456e-04
1.738179321289062500e+02 -9.101919131353497505e-04
1.733050384521484375e+02 -9.149271063506603241e-04
1.728477630615234375e+02 -6.612762226723134518e-04
1.723368835449218750e+02 -6.636275211349129677e-04
1.718554534912109375e+02 -6.654745084233582020e-04
1.713479919433593750e+02 -6.673335446976125240e-04
1.708833618164062500e+02 -6.690195295959711075e-04
1.703750305175781250e+02 -6.708638975396752357e-04
1.698721771240234375e+02 -6.726921419613063335e-04
1.694024505615234375e+02 -6.744046113453805447e-04
1.688936004638671875e+02 -6.762647535651922226e-04
1.684124450683593750e+02 -6.780292023904621601e-04
1.679170684814453125e+02 -6.798508693464100361e-04
1.674363250732421875e+02 -6.816240493208169937e-04
1.669414978027343750e+02 -6.834547384642064571e-04
1.664269714355468750e+02 -6.853638915345072746e-04
1.659312438964843750e+02 -6.872093654237687588e-04
1.654585113525390625e+02 -6.889743381179869175e-04
1.649494018554687500e+02 -6.908809882588684559e-04
1.644684143066406250e+02 -6.926879286766052246e-04
1.639589843750000000e+02 -6.946077919565141201e-04
1.634821777343750000e+02 -6.964100757613778114e-04
1.629708862304687500e+02 -6.983491475693881512e-04
1.624995117187500000e+02 -7.001421181485056877e-04
1.620022430419921875e+02 -7.020397461019456387e-04
1.615058593750000000e+02 -7.039401098154485226e-04
1.610270385742187500e+02 -7.057790062390267849e-04
1.605258789062500000e+02 -7.077099289745092392e-04
1.600430908203125000e+02 -7.095760665833950043e-04
1.595329132080078125e+02 -7.115546031855046749e-04
1.590506896972656250e+02 -7.134306943044066429e-04
1.585721740722656250e+02 -7.152986945584416389e-04
1.580683135986328125e+02 -7.172720506787300110e-04
1.575808715820312500e+02 -7.191874901764094830e-04
1.570831604003906250e+02 -7.211498450487852097e-04
1.565973510742187500e+02 -7.230718620121479034e-04
1.561027679443359375e+02 -7.250351482070982456e-04
1.556056060791015625e+02 -7.270155474543571472e-04
1.551166992187500000e+02 -7.289698114618659019e-04
1.546229095458984375e+02 -7.309504435397684574e-04
1.541371612548828125e+02 -7.329056970775127411e-04
1.536320495605468750e+02 -7.349460502155125141e-04
1.531447143554687500e+02 -7.369217346422374249e-04
1.526430358886718750e+02 -7.389627862721681595e-04
1.521658477783203125e+02 -7.409113459289073944e-04
1.516606292724609375e+02 -7.429817924275994301e-04
1.511700744628906250e+02 -7.449999102391302586e-04
1.506727600097656250e+02 -7.470532436855137348e-04
1.501933441162109375e+02 -7.490401621907949448e-04
1.496862487792968750e+02 -7.511497824452817440e-04
1.492041473388671875e+02 -7.531630108132958412e-04
1.487238006591796875e+02 -7.551767048425972462e-04
