3.074958496093750000e+03 0.000000000000000000e+00
3.067915039062500000e+03 -2.964858722407370806e-04
3.057655761718750000e+03 -7.305507315322756767e-04
3.051530761718750000e+03 -9.909786749631166458e-04
3.045405761718750000e+03 -1.252365065738558769e-03
3.039281005859375000e+03 -1.514707924798130989e-03
3.033156005859375000e+03 -1.778004923835396767e-03
3.027031005859375000e+03 -2.042252337560057640e-03
3.020906250000000000e+03 -2.307445276528596878e-03
3.014781250000000000e+03 -2.573575591668486595e-03
3.008656494140625000e+03 -2.840628381818532944e-03
3.002531494140625000e+03 -3.108571749180555344e-03
2.996406494140625000e+03 -3.377323271706700325e-03
2.990281738281250000e+03 -3.646326716989278793e-03
2.984156738281250000e+03 -3.912142477929592133e-03
2.978031738281250000e+03 -4.091986455023288727e-03
2.971906494140625000e+03 -4.094299394637346268e-03
2.965781005859375000e+03 -4.074065480381250381e-03
2.959655761718750000e+03 -4.051497206091880798e-03
2.953530273437500000e+03 -4.028029739856719971e-03
2.947405029296875000e+03 -4.006290342658758163e-03
2.941279785156250000e+03 -3.985311836004257202e-03
2.935154296875000000e+03 -3.965432289987802505e-03
2.929029052734375000e+03 -3.946903627365827560e-03
2.922903564453125000e+03 -3.929853439331054688e-03
2.916778320312500000e+03 -3.914358094334602356e-03
2.910652832031250000e+03 -3.900463460013270378e-03
2.904527587890625000e+03 -3.886992810294032097e-03
2.898402343750000000e+03 -3.877530340105295181e-03
2.892276855468750000e+03 -3.868495812639594078e-03
2.890745605468750000e+03 -3.866456681862473488e-03
2.885003173828125000e+03 -3.859353251755237579e-03
2.878731201171875000e+03 -3.841056488454341888e-03
2.870645751953125000e+03 -3.840465564280748367e-03
2.861447509765625000e+03 -3.845254192128777504e-03
2.855928466796875000e+03 -3.849259344860911369e-03
2.850409423828125000e+03 -3.853594185784459114e-03
2.844890380859375000e+03 -3.857881296426057816e-03
2.842130859375000000e+03 -3.859901567921042442e-03
2.835911132812500000e+03 -3.861046629026532173e-03
2.829726562500000000e+03 -3.850432112812995911e-03
2.821090820312500000e+03 -3.859983291476964951e-03
2.817472900390625000e+03 -3.864737460389733315e-03
2.809065185546875000e+03 -3.877465147525072098e-03
2.803091308593750000e+03 -3.887811210006475449e-03
2.796965820312500000e+03 -3.899316070601344109e-03
2.790840576171875000e+03 -3.911887761205434799e-03
2.784715332031250000e+03 -3.925282042473554611e-03
2.778590087890625000e+03 -3.939480520784854889e-03
2.772464599609375000e+03 -3.954429645091295242e-03
2.766339355468750000e+03 -3.970073536038398743e-03
2.760214111328125000e+03 -3.986357711255550385e-03
2.754088867187500000e+03 -4.003228154033422470e-03
2.747963623046875000e+03 -4.020631313323974609e-03
2.741838134765625000e+03 -4.038514569401741028e-03
2.735712890625000000e+03 -4.056826699525117874e-03
2.729587646484375000e+03 -4.075420554727315903e-03
2.723462402343750000e+03 -4.094499163329601288e-03
2.717337158203125000e+03 -4.113711416721343994e-03
2.711211914062500000e+03 -4.133319482207298279e-03
2.705086425781250000e+03 -4.152933601289987564e-03
2.701162597656250000e+03 -4.165600053966045380e-03
2.695025146484375000e+03 -4.185565281659364700e-03
2.688756835937500000e+03 -4.206001758575439453e-03
2.682624511718750000e+03 -4.225981421768665314e-03
2.676492431640625000e+03 -4.245777614414691925e-03
2.670053466796875000e+03 -4.265373107045888901e-03
2.664477050781250000e+03 -4.274544306099414825e-03
2.658440673828125000e+03 -4.270516801625490189e-03
2.652231689453125000e+03 -4.284195136278867722e-03
2.645343750000000000e+03 -4.305250011384487152e-03
2.639231933593750000e+03 -4.323936067521572113e-03
2.633120117187500000e+03 -4.342140629887580872e-03
2.627008300781250000e+03 -4.359743092209100723e-03
2.620896484375000000e+03 -4.376906901597976685e-03
2.614784667968750000e+03 -4.393384326249361038e-03
2.608672851562500000e+03 -4.409236367791891098e-03
2.600705566406250000e+03 -4.428858403116464615e-03
2.594812011718750000e+03 -4.442658741027116776e-03
2.589655029296875000e+03 -4.453943576663732529e-03
2.583024902343750000e+03 -4.467740654945373535e-03
2.578604736328125000e+03 -4.476217087358236313e-03
2.568106689453125000e+03 -4.494650289416313171e-03
2.561981445312500000e+03 -4.503721836954355240e-03
2.555855957031250000e+03 -4.511714912950992584e-03
2.549730712890625000e+03 -4.518462345004081726e-03
2.543605468750000000e+03 -4.523896612226963043e-03
2.537480224609375000e+03 -4.527812823653221130e-03
2.531354736328125000e+03 -4.530173260718584061e-03
2.526760742187500000e+03 -4.530794452875852585e-03
2.523315429687500000e+03 -4.530584905296564102e-03
2.517339599609375000e+03 -4.528746940195560455e-03
2.510071777343750000e+03 -4.523686598986387253e-03
2.505029785156250000e+03 -4.520299378782510757e-03
2.498795654296875000e+03 -4.542956594377756119e-03
2.492427490234375000e+03 -4.560950677841901779e-03
2.486945800781250000e+03 -4.577128682285547256e-03
