4.017489746093750000e+03 0.000000000000000000e+00
4.008286865234375000e+03 -1.640183036215603352e-04
3.994882568359375000e+03 -4.037771141156554222e-04
3.986879882812500000e+03 -5.474165081977844238e-04
3.978877441406250000e+03 -6.914213881827890873e-04
3.970875000000000000e+03 -8.357815095223486423e-04
3.962872314453125000e+03 -9.804710280150175095e-04
3.954869873046875000e+03 -1.125204609706997871e-03
3.946865966796875000e+03 -1.227334723807871342e-03
3.938864257812500000e+03 -1.195775112137198448e-03
3.930861328125000000e+03 -1.162690226919949055e-03
3.922858398437500000e+03 -1.132479286752641201e-03
3.921357910156250000e+03 -1.127481926232576370e-03
3.911659179687500000e+03 -1.081155845895409584e-03
3.904537353515625000e+03 -1.064607291482388973e-03
3.890125000000000000e+03 -1.043804571963846684e-03
3.882122070312500000e+03 -1.033942680805921555e-03
3.874119140625000000e+03 -1.021269010379910469e-03
3.873118896484375000e+03 -1.019292627461254597e-03
3.864740966796875000e+03 -1.001596800051629543e-03
3.857038818359375000e+03 -9.924671612679958344e-04
3.847780761718750000e+03 -9.770505130290985107e-04
3.841371093750000000e+03 -9.723305702209472656e-04
3.831222900390625000e+03 -9.666651603765785694e-04
3.824012207031250000e+03 -9.638225310482084751e-04
3.816009277343750000e+03 -9.617415489628911018e-04
3.808006347656250000e+03 -9.606807725504040718e-04
3.800003662109375000e+03 -9.605060331523418427e-04
3.792000732421875000e+03 -9.611233836039900780e-04
3.783997802734375000e+03 -9.624583763070404530e-04
3.775995117187500000e+03 -9.644466917961835861e-04
3.767992187500000000e+03 -9.670322178862988949e-04
3.759989501953125000e+03 -9.701657691039144993e-04
3.751986572265625000e+03 -9.738043299876153469e-04
3.743983642578125000e+03 -9.779101237654685974e-04
3.735980957031250000e+03 -9.824497392401099205e-04
3.727978027343750000e+03 -9.873937815427780151e-04
3.719975341796875000e+03 -9.927161736413836479e-04
3.711972412109375000e+03 -9.983937488868832588e-04
3.703969726562500000e+03 -1.004405668936669827e-03
3.695966796875000000e+03 -1.010733540169894695e-03
3.687963867187500000e+03 -1.017360831610858440e-03
3.679961181640625000e+03 -1.024272642098367214e-03
3.671958251953125000e+03 -1.031455583870410919e-03
3.663955566406250000e+03 -1.038897433318197727e-03
3.655952636718750000e+03 -1.046587480232119560e-03
3.647949951171875000e+03 -1.054515712894499302e-03
3.639947021484375000e+03 -1.062673167325556278e-03
3.631944091796875000e+03 -1.071051694452762604e-03
3.623941406250000000e+03 -1.079643727280199528e-03
3.615938476562500000e+03 -1.088442513719201088e-03
3.607935791015625000e+03 -1.097441767342388630e-03
3.599932861328125000e+03 -1.106635900214314461e-03
3.591930175781250000e+03 -1.116019673645496368e-03
3.583927246093750000e+03 -1.125588081777095795e-03
3.575924560546875000e+03 -1.135336817242205143e-03
3.567921630859375000e+03 -1.145261921919882298e-03
3.559918701171875000e+03 -1.155359321273863316e-03
3.551916015625000000e+03 -1.165625872090458870e-03
3.543913085937500000e+03 -1.176057965494692326e-03
3.535910400390625000e+03 -1.186652923934161663e-03
3.527907470703125000e+03 -1.197407720610499382e-03
3.519904785156250000e+03 -1.208320027217268944e-03
3.511901855468750000e+03 -1.219387166202068329e-03
3.503899169921875000e+03 -1.230606925673782825e-03
3.495896240234375000e+03 -1.241977326571941376e-03
3.487893554687500000e+03 -1.253496389836072922e-03
3.479890625000000000e+03 -1.265162136405706406e-03
3.471887695312500000e+03 -1.276973052881658077e-03
3.463885009765625000e+03 -1.288927276618778706e-03
3.455882080078125000e+03 -1.301023410633206367e-03
3.447879394531250000e+03 -1.313260057941079140e-03
3.438876220703125000e+03 -1.327217672951519489e-03
3.432874023437500000e+03 -1.336602843366563320e-03
3.423870849609375000e+03 -1.350824488326907158e-03
3.414867675781250000e+03 -1.365216565318405628e-03
3.408865722656250000e+03 -1.374903717078268528e-03
3.399862548828125000e+03 -1.389563665725290775e-03
3.390859375000000000e+03 -1.404339796863496304e-03
3.384857177734375000e+03 -1.414194237440824509e-03
3.375854003906250000e+03 -1.428816933184862137e-03
3.366850830078125000e+03 -1.443243352696299553e-03
3.360848632812500000e+03 -1.452925265766680241e-03
3.351845703125000000e+03 -1.467785099521279335e-03
3.342842529296875000e+03 -1.483108149841427803e-03
3.336840332031250000e+03 -1.493542920798063278e-03
3.327837158203125000e+03 -1.509443740360438824e-03
3.318833984375000000e+03 -1.525572850368916988e-03
3.312831787109375000e+03 -1.536428928375244141e-03
3.303828613281250000e+03 -1.552854664623737335e-03
3.294825683593750000e+03 -1.569438842125236988e-03
3.285822509765625000e+03 -1.586174708791077137e-03
3.276819335937500000e+03 -1.603062148205935955e-03
3.272317626953125000e+03 -1.611562911421060562e-03
3.258812988281250000e+03 -1.637290348298847675e-03
3.252060546875000000e+03 -1.650281599722802639e-03
3.244057861328125000e+03 -1.665787654928863049e-03
3.236054931640625000e+03 -1.681410241872072220e-03
3.228052246093750000e+03 -1.697154017165303230e-03
3.220049316406250000e+03 -1.713015604764223099e-03
3.212046630859375000e+03 -1.728988718241453171e-03
3.204043701171875000e+03 -1.745085581205785275e-03
3.196041015625000000e+03 -1.761299790814518929e-03
3.188038085937500000e+03 -1.777630182914435863e-03
3.180035400390625000e+03 -1.794076641090214252e-03
3.172032470703125000e+03 -1.810638932511210442e-03
3.167030761718750000e+03 -1.821054378524422646e-03
3.155776855468750000e+03 -1.844639191403985023e-03
3.147773925781250000e+03 -1.861549215391278267e-03
3.142772216796875000e+03 -1.872182358056306839e-03
3.131518310546875000e+03 -1.896255533210933208e-03
3.126516601562500000e+03 -1.907032099552452564e-03
3.117513427734375000e+03 -1.926534227095544338e-03
3.113011718750000000e+03 -1.936328480951488018e-03
3.099507080078125000e+03 -1.965967239812016487e-03
3.092754638671875000e+03 -1.980911009013652802e-03
3.086002441406250000e+03 -1.995917875319719315e-03
3.079250000000000000e+03 -2.011027187108993530e-03
3.069543457031250000e+03 -2.032836200669407845e-03
3.063846191406250000e+03 -2.045774599537253380e-03
3.055656250000000000e+03 -2.064356813207268715e-03
3.048445556640625000e+03 -2.080944366753101349e-03
3.039883056640625000e+03 -2.100693527609109879e-03
3.032278076171875000e+03 -2.118352102115750313e-03
3.023152099609375000e+03 -2.139696152880787849e-03
3.016307373046875000e+03 -2.155815251171588898e-03
3.007181396484375000e+03 -2.177441027015447617e-03
3.000336914062500000e+03 -2.193706110119819641e-03
2.992494384765625000e+03 -2.212258987128734589e-03
2.984794433593750000e+03 -2.230278449133038521e-03
2.977094238281250000e+03 -2.248002449050545692e-03
2.968110839843750000e+03 -2.268745331093668938e-03
2.959769042968750000e+03 -2.288695191964507103e-03
2.951828369140625000e+03 -2.308030612766742706e-03
2.943631103515625000e+03 -2.328185131773352623e-03
2.935858154296875000e+03 -2.347384579479694366e-03
2.928378417968750000e+03 -2.365878783166408539e-03
2.920809570312500000e+03 -2.384829567745327950e-03
2.912301025390625000e+03 -2.406246960163116455e-03
2.904487060546875000e+03 -2.425975864753127098e-03
2.896673095703125000e+03 -2.445810940116643906e-03
2.888859375000000000e+03 -2.465755445882678032e-03
2.881045410156250000e+03 -2.485806820914149284e-03
2.872547851562500000e+03 -2.507746918126940727e-03
2.863378417968750000e+03 -2.531617181375622749e-03
2.856440429687500000e+03 -2.549807075411081314e-03
2.848626220703125000e+03 -2.570489654317498207e-03
2.840835937500000000e+03 -2.591355936601758003e-03
2.832707031250000000e+03 -2.613258548080921173e-03
2.824578125000000000e+03 -2.634599572047591209e-03
2.816957031250000000e+03 -2.653671661391854286e-03
2.808574218750000000e+03 -2.675182186067104340e-03
2.800953369140625000e+03 -2.695742063224315643e-03
2.792570312500000000e+03 -2.718474948778748512e-03
2.784949462890625000e+03 -2.739196177572011948e-03
2.776566406250000000e+03 -2.762358402833342552e-03
2.768945556640625000e+03 -2.783974632620811462e-03
2.760562500000000000e+03 -2.808163873851299286e-03
2.752941650390625000e+03 -2.828035037964582443e-03
2.744939941406250000e+03 -2.848411677405238152e-03
2.736747314453125000e+03 -2.871178323403000832e-03
2.728745361328125000e+03 -2.893652766942977905e-03
2.720743652343750000e+03 -2.916658064350485802e-03
2.712741699218750000e+03 -2.938260789960622787e-03
2.704739746093750000e+03 -2.954857423901557922e-03
2.696737792968750000e+03 -2.968599321320652962e-03
2.688878662109375000e+03 -2.977032214403152466e-03
2.680733886718750000e+03 -2.984208287671208382e-03
2.673017578125000000e+03 -2.982061123475432396e-03
2.664979980468750000e+03 -2.977723721414804459e-03
2.656861816406250000e+03 -2.977862255647778511e-03
2.648904541015625000e+03 -2.979038050398230553e-03
2.640947265625000000e+03 -2.975068986415863037e-03
2.632989990234375000e+03 -2.972251269966363907e-03
2.624791503906250000e+03 -2.976273186504840851e-03
2.616834228515625000e+03 -2.975505543872714043e-03
2.608876953125000000e+03 -2.973714377731084824e-03
2.600919677734375000e+03 -2.974090864881873131e-03
2.592962402343750000e+03 -2.979203592985868454e-03
2.584824218750000000e+03 -2.980393823236227036e-03
2.576866699218750000e+03 -2.980910707265138626e-03
2.568909423828125000e+03 -2.982034115120768547e-03
2.560952148437500000e+03 -2.986119827255606651e-03
2.552813964843750000e+03 -2.991291228681802750e-03
2.544856689453125000e+03 -2.995140384882688522e-03
2.536899414062500000e+03 -2.997119678184390068e-03
2.528942138671875000e+03 -3.000181866809725761e-03
2.520803955078125000e+03 -3.003333229571580887e-03
2.512937011718750000e+03 -3.006378887221217155e-03
2.504954589843750000e+03 -3.009701846167445183e-03
2.496952880859375000e+03 -3.013253910467028618e-03
2.488750732421875000e+03 -3.017121460288763046e-03
2.480840087890625000e+03 -3.020936157554388046e-03
2.472810791015625000e+03 -3.024860285222530365e-03
2.464779785156250000e+03 -3.028788138180971146e-03
2.456790039062500000e+03 -3.032606095075607300e-03
2.448772460937500000e+03 -3.036214271560311317e-03
2.440777832031250000e+03 -3.039312781766057014e-03
2.432931152343750000e+03 -3.041818737983703613e-03
2.424788574218750000e+03 -3.044576616957783699e-03
2.416927978515625000e+03 -3.048214130103588104e-03
