0.000000000000000000e+00 1.000000000000000000e+00 0.000000000000000000e+00
5.750000011175870895e-03 9.999163505247825601e-01 -6.023098346001158599e-08
1.412499975413084030e-02 9.997962281323861111e-01 -1.639747945198132454e-07
1.912499964237213135e-02 9.997255396727778853e-01 -2.401564960595184071e-07
2.412500046193599701e-02 9.996556115899108974e-01 -3.346371431250107306e-07
2.912499941885471344e-02 9.995864376641702131e-01 -4.608255523090489071e-07
3.412500023841857910e-02 9.995180097179137135e-01 -6.498771456434674379e-07
3.912499919533729553e-02 9.994503042548175120e-01 -1.031270611734278028e-06
4.412499815225601196e-02 9.993831644887508636e-01 -2.246071524909081093e-06
4.912500083446502686e-02 9.992985662630790022e-01 -1.760307308016479771e-05
5.412499979138374329e-02 9.991690893104111515e-01 -3.632747653673812263e-05
5.912499874830245972e-02 9.990353939613857426e-01 -4.862544941153503441e-05
6.412500143051147461e-02 9.989000659058058229e-01 -5.836726800687070960e-05
6.912499666213989258e-02 9.987633608389592244e-01 -6.666820910241868159e-05
7.412499934434890747e-02 9.986249548225586414e-01 -7.401299685383764409e-05
7.912500202655792236e-02 9.984848219415415338e-01 -8.065629624514188351e-05
8.412499725818634033e-02 9.983428691320372916e-01 -8.675640511915879457e-05
8.912499994039535522e-02 9.981989720017437895e-01 -9.241931428367964468e-05
9.412500262260437012e-02 9.980529911852112912e-01 -9.771982648810326124e-05
9.912499785423278809e-02 9.979047763750749089e-01 -1.027134521571910331e-04
1.041250005364418030e-01 9.977541706988202197e-01 -1.074425732168022500e-04
1.091250032186508179e-01 9.976010168232203323e-01 -1.119406542916228774e-04
1.141249984502792358e-01 9.974451611007468799e-01 -1.162346182526021750e-04
1.191250011324882507e-01 9.972864683123601193e-01 -1.203466638706732536e-04
1.241249963641166687e-01 9.971248207460854385e-01 -1.242953096178994765e-04
1.291249990463256836e-01 9.969601347826528848e-01 -1.280963024943347173e-04
1.341249942779541016e-01 9.967923705704546666e-01 -1.317628249885955348e-04
1.391250044107437134e-01 9.966215313344761739e-01 -1.353061519527205023e-04
1.441249996423721313e-01 9.964476742030342615e-01 -1.387357405850276758e-04
1.491249948740005493e-01 9.962709056006537889e-01 -1.420599772878315150e-04
1.541250050067901611e-01 9.960913796355759242e-01 -1.452856737634409970e-04
1.591250002384185791e-01 9.959092941837035529e-01 -1.484202086061671086e-04
1.641249954700469971e-01 9.957246319683277225e-01 -1.514720851960389605e-04
1.691250056028366089e-01 9.955381398039738761e-01 -1.544484301753666102e-04
1.741250008344650269e-01 9.953498236799009913e-01 -1.573549664538839471e-04
1.791249960660934448e-01 9.951599752269505439e-01 -1.601984787390427797e-04
1.841250061988830566e-01 9.949688469154247539e-01 -1.629850138788637825e-04
1.891250014305114746e-01 9.947766898334891028e-01 -1.657195569236497381e-04
1.941249966621398926e-01 9.945837016266901864e-01 -1.684050953042680017e-04
1.991250067949295044e-01 9.943900702656179869e-01 -1.710442565201561341e-04
2.041250020265579224e-01 9.941959477853083982e-01 -1.736391821633214642e-04
2.091249972581863403e-01 9.940014797708262018e-01 -1.761921218052002675e-04
2.141250073909759521e-01 9.938067864680636410e-01 -1.787052350343713370e-04
2.191250026226043701e-01 9.936119761443944487e-01 -1.811803395045552165e-04
2.241249978542327881e-01 9.934171367958548604e-01 -1.836190729037575123e-04
2.291249930858612061e-01 9.932223370685668851e-01 -1.860228929542688927e-04
2.341250032186508179e-01 9.930276520586243105e-01 -1.883930054263792050e-04
2.391249984502792358e-01 9.928331250729767188e-01 -1.907307420663787616e-04
2.441249936819076538e-01 9.926388137006529888e-01 -1.930371466754139361e-04
2.491250038146972656e-01 9.924447451236743101e-01 -1.953132990477741656e-04
2.541249990463256836e-01 9.922509557383072387e-01 -1.975599370428905298e-04
2.591249942779541016e-01 9.920574713444363368e-01 -1.997778885030516180e-04
2.641249895095825195e-01 9.918643122134002121e-01 -2.019681792328323127e-04
2.691250145435333252e-01 9.916715023022343312e-01 -2.041311691636624626e-04
2.741250097751617432e-01 9.914790508251835055e-01 -2.062678841001169773e-04
2.791250050067901611e-01 9.912869725250391673e-01 -2.083782520559098925e-04
2.841250002384185791e-01 9.910952756946214137e-01 -2.104634068150451186e-04
2.891249954700469971e-01 9.909039723124480892e-01 -2.125233843706656107e-04
2.941249907016754150e-01 9.907130688284906395e-01 -2.145585626507726812e-04
2.991249859333038330e-01 9.905225560285042530e-01 -2.165695715353684633e-04
3.041250109672546387e-01 9.903324541838273154e-01 -2.185560330964516989e-04
3.091250061988830566e-01 9.901427632944596047e-01 -2.205181812894517175e-04
3.141250014305114746e-01 9.899534769104298970e-01 -2.224560881006544836e-04
3.191249966621398926e-01 9.897645977960116692e-01 -2.243693756020587388e-04
3.241249918937683105e-01 9.895761277940537948e-01 -2.262578818245210635e-04
3.291249871253967285e-01 9.893880613760096532e-01 -2.281210668708967256e-04
3.341250121593475342e-01 9.892004049918501352e-01 -2.299583368543265467e-04
3.391250073909759521e-01 9.890131429773598715e-01 -2.317683960216632784e-04
3.441250026226043701e-01 9.888262817825095308e-01 -2.335502365649034476e-04
3.491249978542327881e-01 9.886398195644507947e-01 -2.353024367548993141e-04
3.541249930858612061e-01 9.884537434232407715e-01 -2.370229449825010312e-04
3.591249883174896240e-01 9.882680607302752884e-01 -2.387093857002719132e-04
3.600625097751617432e-01 9.882332926211150337e-01 -2.397228266305969464e-04
3.654531240463256836e-01 9.880328910938207532e-01 -2.412214551282965548e-04
3.703750073909759521e-01 9.878493497913011234e-01 -2.419409220633299360e-04
3.752968609333038330e-01 9.876641434747815973e-01 -2.406706520612688965e-04
3.802187442779541016e-01 9.874743816357304249e-01 -2.315892221559073122e-04
3.851406276226043701e-01 9.872754682089395217e-01 -1.954509728196738368e-04
3.900625109672546387e-01 9.870698680048404228e-01 -1.069847314398069879e-04
3.956874907016754150e-01 9.868509089889156982e-01 2.306000586005224663e-05
4.006093740463256836e-01 9.866749878666827289e-01 1.110235310119131355e-04
4.055312573909759521e-01 9.865040194009238039e-01 1.691633988405771350e-04
4.104531109333038330e-01 9.863339327383732202e-01 2.054289199303889577e-04
4.153749942779541016e-01 9.861634434133336180e-01 2.273114551092691516e-04
4.202968776226043701e-01 9.859922399843371599e-01 2.398934521248951147e-04
4.255703091621398926e-01 9.858079854992853885e-01 2.468950542562825859e-04
4.303164184093475342e-01 9.856414896278564708e-01 2.500179813103975261e-04
4.362490177154541016e-01 9.854328054160887973e-01 2.507214672899476496e-04
4.424782693386077881e-01 9.852129047043657328e-01 2.507190917425109367e-04
4.451479613780975342e-01 9.851185029255594694e-01 2.514055349688599107e-04
4.511547386646270752e-01 9.849056704608714075e-01 2.513040702987984036e-04
4.551592469215393066e-01 9.847637683297124633e-01 2.507872987484586254e-04
4.626677036285400391e-01 9.844978848517229597e-01 2.494271718649472775e-04
4.676676988601684570e-01 9.843210450693028468e-01 2.484888126308791426e-04
4.726677238941192627e-01 9.841443545576454843e-01 2.476771132669587129e-04
4.757927060127258301e-01 9.840337707224675601e-01 2.495224097212731451e-04
4.824723899364471436e-01 9.837974806338692924e-01 2.500412148841913329e-04
4.872184991836547852e-01 9.836297961248867683e-01 2.504412606718459350e-04
4.922184944152832031e-01 9.834533378121934621e-01 2.509218771100620222e-04
4.972184896469116211e-01 9.832770858985790952e-01 2.514513182467308637e-04
5.022184848785400391e-01 9.831010219555545993e-01 2.520259487744114799e-04
5.072184801101684570e-01 9.829251275546309063e-01 2.526404597045143032e-04
5.122184753417968750e-01 9.827494321813905476e-01 2.532875984187287302e-04
5.172184705734252930e-01 9.825738989788552757e-01 2.539591044907408743e-04
5.222184658050537109e-01 9.823985297898738533e-01 2.546454577342323659e-04
5.272184610366821289e-01 9.822233356715400765e-01 2.553369040074555864e-04
5.322185158729553223e-01 9.820483000382133065e-01 2.560228073366598283e-04
5.372185111045837402e-01 9.818734634325700927e-01 2.570389117595654315e-04
5.422185063362121582e-01 9.816986802695453207e-01 2.577644435391910054e-04
5.472185015678405762e-01 9.815240666486214627e-01 2.584870418776636703e-04
5.522184967994689941e-01 9.813496096698557380e-01 2.591863886457710644e-04
5.572184920310974121e-01 9.811752558906297050e-01 2.598852675030196907e-04
5.622184872627258301e-01 9.810010200537344627e-01 2.605566296024599063e-04
5.672184824943542480e-01 9.808269095305659491e-01 2.611918545863478407e-04
5.722184777259826660e-01 9.806529114211814946e-01 2.617814762580797871e-04
5.753434896469116211e-01 9.805446182472119521e-01 2.580867621345796573e-04
5.800309777259826660e-01 9.803825138847608311e-01 2.547286018945168844e-04
5.856559872627258301e-01 9.801886867209909093e-01 2.472875594804828359e-04
5.903434753417968750e-01 9.800278778813311664e-01 2.361922052459440244e-04
5.950309634208679199e-01 9.798681507939877022e-01 2.190109864237227931e-04
6.006559729576110840e-01 9.796784000120301039e-01 1.834098267670414848e-04
6.053434610366821289e-01 9.795219845241970313e-01 1.352027346546523360e-04
6.100310087203979492e-01 9.793664757180329250e-01 6.447338773576533337e-05
6.151872277259826660e-01 9.791955828090797009e-01 -4.414061381333116418e-05
6.208122372627258301e-01 9.790051759729063718e-01 -1.901623743455767128e-04
6.264372467994689941e-01 9.788083855080719209e-01 -3.240447545397108801e-04
6.306560039520263672e-01 9.786558234173318160e-01 -4.076247557925717418e-04
6.369841098785400391e-01 9.784185676758992978e-01 -4.913568280745243995e-04
6.406425833702087402e-01 9.782748051887548701e-01 -5.165966956511787228e-04
6.459819078445434570e-01 9.780569251608733916e-01 -4.807826905434834167e-04
6.513212919235229492e-01 9.778376666819991181e-01 -3.831276427144589443e-04
6.553257703781127930e-01 9.776818151059357698e-01 -3.015533053644613420e-04
6.606651544570922852e-01 9.774866500338494912e-01 -2.177981434812868331e-04
6.656708121299743652e-01 9.773100516646380242e-01 -1.627108361122112784e-04
6.706764101982116699e-01 9.771354638435990614e-01 -1.291256253989998208e-04
6.761826276779174805e-01 9.769438591556273144e-01 -1.069177032092919101e-04
6.806877255439758301e-01 9.767870456124272405e-01 -9.499794403136065048e-05
6.851928234100341797e-01 9.766300993841051659e-01 -8.668045958747033839e-05
6.904487609863281250e-01 9.764468317446501899e-01 -8.013588938736109879e-05
6.972063779830932617e-01 9.762109415542676860e-01 -7.398315403916410065e-05
7.028377056121826172e-01 9.760140552612893705e-01 -7.029881043998515149e-05
7.078377008438110352e-01 9.758390767562792334e-01 -6.765761561151863656e-05
7.128376960754394531e-01 9.756641332653985810e-01 -6.496342987829936070e-05
7.178376913070678711e-01 9.754891234319567062e-01 -6.235281572393749602e-05
7.228376865386962891e-01 9.753139643277523030e-01 -5.988804578493182851e-05
7.278376817703247070e-01 9.751386706955766925e-01 -5.755896999496192961e-05
7.309626936912536621e-01 9.750292220553339329e-01 -5.682330164644453185e-05
7.375252246856689453e-01 9.747988124976411095e-01 -5.349421936676697939e-05
7.406892776489257812e-01 9.746877181933122358e-01 -5.303326868204679074e-05
7.482039332389831543e-01 9.744235918717683020e-01 -4.986750528864238426e-05
7.517634630203247070e-01 9.742984145159881981e-01 -4.832185174963900671e-05
7.553230524063110352e-01 9.741732168888699306e-01 -4.666412906082355755e-05
7.624422311782836914e-01 9.739227147493961789e-01 -4.316241466912670432e-05
7.660017609596252441e-01 9.737974636796591366e-01 -4.122733331964787372e-05
7.731209397315979004e-01 9.735470721111205705e-01 -3.687600528704371541e-05
7.766804695129394531e-01 9.734220274404628004e-01 -3.455133865708889844e-05
7.820198535919189453e-01 9.732348382185046498e-01 -3.091427655035746617e-05
7.873591780662536621e-01 9.730485759495536291e-01 -2.627657582434479036e-05
7.900288701057434082e-01 9.729560649337398726e-01 -2.367218848371851429e-05
7.953682541847229004e-01 9.727733980630330901e-01 -1.851828759851087132e-05
8.003738522529602051e-01 9.726067326495038134e-01 -1.807969765386719630e-05
8.053795099258422852e-01 9.724498122210663009e-01 -3.257547482704194880e-05
8.106354475021362305e-01 9.723038604294045317e-01 -1.208609518941473860e-04
8.152109384536743164e-01 9.721831335537676200e-01 -3.532303704155816213e-04
8.202791213989257812e-01 9.720231005535033830e-01 -7.201107083887293373e-04
8.253473639488220215e-01 9.718318165212437298e-01 -9.619769266838037146e-04
8.300988078117370605e-01 9.716423403237752776e-01 -1.048901158830394019e-03
8.358005285263061523e-01 9.714111088554640006e-01 -1.048267895472798422e-03
8.400768637657165527e-01 9.712380082135039228e-01 -1.006107471415386119e-03
8.457785844802856445e-01 9.710097676889908325e-01 -9.319667079022540693e-04
8.500549197196960449e-01 9.708412704836343332e-01 -8.756981235771363207e-04
8.554002642631530762e-01 9.706344088494489597e-01 -8.146641191077117492e-04
8.604115843772888184e-01 9.704439264564698187e-01 -7.737148643115868184e-04
8.658238053321838379e-01 9.702416092877227394e-01 -7.449885929264308572e-04
8.703339695930480957e-01 9.700753013868839147e-01 -7.336129600875043125e-04
8.757461905479431152e-01 9.698785385647834545e-01 -7.334381773851920321e-04
8.800590038299560547e-01 9.697245353661874123e-01 -7.413025351538174174e-04
8.850090503692626953e-01 9.695537622424138524e-01 -7.518774645340040074e-04
8.904452323913574219e-01 9.693820769084249278e-01 -7.490327824716982823e-04
8.950098156929016113e-01 9.692640000495357233e-01 -7.693188777868298312e-04
9.002353549003601074e-01 9.691489270343872642e-01 -1.056642851967742446e-03
9.051173329353332520e-01 9.689974577530570121e-01 -1.538018241596682701e-03
9.104875326156616211e-01 9.687775137343844767e-01 -1.796072951837438415e-03
9.153695106506347656e-01 9.685616792688047649e-01 -1.791842173838960892e-03
9.202514886856079102e-01 9.683454356907645888e-01 -1.683895858589577830e-03
9.251334667205810547e-01 9.681387970412986821e-01 -1.577938236476142571e-03
9.300155043601989746e-01 9.679468901261039093e-01 -1.537761394528375149e-03
9.353856444358825684e-01 9.677548210402042717e-01 -1.577471333425402083e-03
9.402676820755004883e-01 9.676080012667005459e-01 -1.611360893157369294e-03
9.450886249542236328e-01 9.675165885888435957e-01 -1.661841708104967513e-03
9.500316381454467773e-01 9.674224669230733209e-01 -2.231549237661315747e-03
9.552492499351501465e-01 9.672133404275644608e-01 -2.667183749341734550e-03
9.601922631263732910e-01 9.669757677161175957e-01 -2.589865007262299058e-03
9.651352763175964355e-01 9.667532179090712052e-01 -2.444627204379021951e-03
9.700782895088195801e-01 9.665724639155438558e-01 -2.501192588161155368e-03
9.750213027000427246e-01 9.664585316238772927e-01 -2.567466042467937172e-03
9.802389144897460938e-01 9.664217594165156466e-01 -3.049985798084793413e-03
9.851819276809692383e-01 9.662323698329464694e-01 -3.646831581558006297e-03
9.901249408721923828e-01 9.659792471623074306e-01 -3.448715244514354711e-03
9.950679540634155273e-01 9.658052601100166612e-01 -3.543378074387997304e-03
1.000000000000000000e+00 9.657755017856468616e-01 -3.652566009097629220e-03
