9.043976562500000000e+03 0.000000000000000000e+00
9.023258789062500000e+03 -1.691410434432327747e-04
8.993083984375000000e+03 -4.151139874011278152e-04
8.975069335937500000e+03 -5.618055583909153938e-04
8.957054687500000000e+03 -7.083714008331298828e-04
8.939039062500000000e+03 -8.548055193386971951e-04
8.921024414062500000e+03 -1.001100987195968628e-03
8.903009765625000000e+03 -1.147250179201364517e-03
8.884994140625000000e+03 -1.293243025429546833e-03
8.866979492187500000e+03 -1.439063693396747112e-03
8.848964843750000000e+03 -1.584677025675773621e-03
8.830950195312500000e+03 -1.729875220917165279e-03
8.812934570312500000e+03 -1.872704830020666122e-03
8.794919921875000000e+03 -1.941589405760169029e-03
8.776903320312500000e+03 -1.920036273077130318e-03
8.758887695312500000e+03 -1.897234003990888596e-03
8.740872070312500000e+03 -1.879255636595189571e-03
8.722856445312500000e+03 -1.864225720055401325e-03
8.704840820312500000e+03 -1.853076159022748470e-03
8.686825195312500000e+03 -1.845035818405449390e-03
8.682321289062500000e+03 -1.843549660407006741e-03
8.663743164062500000e+03 -1.839035423472523689e-03
8.646166992187500000e+03 -1.837445423007011414e-03
8.629066406250000000e+03 -1.837143558077514172e-03
8.609828125000000000e+03 -1.839523669332265854e-03
8.587383789062500000e+03 -1.844848040491342545e-03
8.572955078125000000e+03 -1.849801396019756794e-03
8.554939453125000000e+03 -1.856852206401526928e-03
8.536923828125000000e+03 -1.865628757514059544e-03
8.518908203125000000e+03 -1.875684363767504692e-03
8.500892578125000000e+03 -1.886893529444932938e-03
8.482876953125000000e+03 -1.899151015095412731e-03
8.464861328125000000e+03 -1.912385225296020508e-03
8.446845703125000000e+03 -1.926525728777050972e-03
8.428830078125000000e+03 -1.941511291079223156e-03
8.410814453125000000e+03 -1.957286847755312920e-03
8.392798828125000000e+03 -1.973803620785474777e-03
8.374784179687500000e+03 -1.991017721593379974e-03
8.356768554687500000e+03 -2.008890034630894661e-03
8.338752929687500000e+03 -2.027385169640183449e-03
8.320737304687500000e+03 -2.046471461653709412e-03
8.302721679687500000e+03 -2.066120505332946777e-03
8.284706054687500000e+03 -2.086306223645806313e-03
8.266690429687500000e+03 -2.107004867866635323e-03
8.248674804687500000e+03 -2.128195483237504959e-03
8.230659179687500000e+03 -2.149858511984348297e-03
8.212644531250000000e+03 -2.171975793316960335e-03
8.194628906250000000e+03 -2.194531494751572609e-03
8.176613281250000000e+03 -2.217510482296347618e-03
8.158597656250000000e+03 -2.240899018943309784e-03
8.140582031250000000e+03 -2.264684531837701797e-03
8.122566406250000000e+03 -2.288855379447340965e-03
8.104551269531250000e+03 -2.313400851562619209e-03
8.086535644531250000e+03 -2.338310703635215759e-03
8.068520019531250000e+03 -2.363576088100671768e-03
8.050504882812500000e+03 -2.389187924563884735e-03
8.032489257812500000e+03 -2.415138762444257736e-03
8.014473632812500000e+03 -2.441420452669262886e-03
7.996458007812500000e+03 -2.468026243150234222e-03
7.978442871093750000e+03 -2.494949847459793091e-03
7.960427246093750000e+03 -2.522184746339917183e-03
7.942411621093750000e+03 -2.549725351855158806e-03
7.924396484375000000e+03 -2.577565843239426613e-03
7.906380859375000000e+03 -2.605701563879847527e-03
7.888365234375000000e+03 -2.634127391502261162e-03
7.870350097656250000e+03 -2.662838669493794441e-03
7.852334472656250000e+03 -2.691831206902861595e-03
7.834318847656250000e+03 -2.721100812777876854e-03
7.816303710937500000e+03 -2.750643296167254448e-03
7.798288085937500000e+03 -2.780455397441983223e-03
7.780272460937500000e+03 -2.810532925650477409e-03
7.762257324218750000e+03 -2.840872853994369507e-03
7.744241699218750000e+03 -2.871471922844648361e-03
7.726226074218750000e+03 -2.902326872572302818e-03
7.708210937500000000e+03 -2.933434676378965378e-03
7.690195312500000000e+03 -2.964792540296912193e-03
7.672179687500000000e+03 -2.996397437527775764e-03
7.654164550781250000e+03 -3.028247039765119553e-03
7.636148925781250000e+03 -3.060338785871863365e-03
7.618133300781250000e+03 -3.092669881880283356e-03
7.600118164062500000e+03 -3.125237999483942986e-03
7.582102539062500000e+03 -3.158041043207049370e-03
7.564086914062500000e+03 -3.191076451912522316e-03
7.546071777343750000e+03 -3.224342362955212593e-03
7.528056152343750000e+03 -3.257836215198040009e-03
7.510040527343750000e+03 -3.291556378826498985e-03
7.492025390625000000e+03 -3.325500758364796638e-03
7.474009765625000000e+03 -3.359667258337140083e-03
7.455994628906250000e+03 -3.394054016098380089e-03
7.438260253906250000e+03 -3.428163705393671989e-03
7.420526367187500000e+03 -3.462433815002441406e-03
7.402792480468750000e+03 -3.496886929497122765e-03
7.385058593750000000e+03 -3.531247144564986229e-03
7.367324707031250000e+03 -3.562912810593843460e-03
7.349590820312500000e+03 -3.594013163819909096e-03
7.331856445312500000e+03 -3.629218088462948799e-03
7.312855957031250000e+03 -3.667948767542839050e-03
7.293855468750000000e+03 -3.706770250573754311e-03
7.272954589843750000e+03 -3.749593393877148628e-03
7.258704101562500000e+03 -3.778837621212005615e-03
7.227863281250000000e+03 -3.842461621388792992e-03
7.209847656250000000e+03 -3.879962489008903503e-03
7.191832519531250000e+03 -3.917952533811330795e-03
7.187328613281250000e+03 -3.927424084395170212e-03
7.169312988281250000e+03 -3.965504001826047897e-03
7.151297851562500000e+03 -4.003931302577257156e-03
7.132156250000000000e+03 -4.045256413519382477e-03
7.115266601562500000e+03 -4.081903491169214249e-03
7.097532714843750000e+03 -4.116984084248542786e-03
7.078532226562500000e+03 -4.154723137617111206e-03
7.061431640625000000e+03 -4.197050351649522781e-03
7.043618652343750000e+03 -4.228531382977962494e-03
7.025983886718750000e+03 -4.274823702871799469e-03
7.007947753906250000e+03 -4.314093850553035736e-03
6.990062500000000000e+03 -4.355765413492918015e-03
6.972093750000000000e+03 -4.389475565403699875e-03
6.954082031250000000e+03 -4.441065713763237000e-03
6.936025878906250000e+03 -4.483681637793779373e-03
6.918142089843750000e+03 -4.540366586297750473e-03
6.900051269531250000e+03 -4.599872976541519165e-03
6.882074707031250000e+03 -4.665499087423086166e-03
6.864098632812500000e+03 -4.719982389360666275e-03
6.846007324218750000e+03 -4.778060130774974823e-03
6.828030761718750000e+03 -4.816466476768255234e-03
6.810025878906250000e+03 -4.862621426582336426e-03
6.794880371093750000e+03 -4.886250011622905731e-03
