2.258196044921875000e+03 0.000000000000000000e+00
2.253022949218750000e+03 -1.333613763563334942e-04
2.245488525390625000e+03 -3.285832935944199562e-04
2.240990234375000000e+03 -4.456772294361144304e-04
2.236492187500000000e+03 -5.616936832666397095e-04
2.231993896484375000e+03 -6.811021594330668449e-04
2.227495849609375000e+03 -7.995138294063508511e-04
2.222997558593750000e+03 -9.182780049741268158e-04
2.221873046875000000e+03 -9.480299195274710655e-04
2.217131591796875000e+03 -9.857062250375747681e-04
2.211717041015625000e+03 -9.853752562776207924e-04
2.207869873046875000e+03 -9.853699011728167534e-04
2.203371582031250000e+03 -9.855369571596384048e-04
2.198873046875000000e+03 -9.859143756330013275e-04
2.194374755859375000e+03 -9.864658350124955177e-04
2.189876464843750000e+03 -9.872702648863196373e-04
2.185378173828125000e+03 -9.882790036499500275e-04
2.181645263671875000e+03 -9.262216626666486263e-04
2.177094482421875000e+03 -9.308419539593160152e-04
2.172606201171875000e+03 -9.355381480418145657e-04
2.168074951171875000e+03 -8.979396079666912556e-04
2.163053710937500000e+03 -8.981654536910355091e-04
2.158945312500000000e+03 -8.995195385068655014e-04
2.153467529296875000e+03 -9.024944156408309937e-04
2.150043945312500000e+03 -9.048828505910933018e-04
2.142854248046875000e+03 -9.108393569476902485e-04
2.138355957031250000e+03 -9.150673286058008671e-04
2.133857666015625000e+03 -9.194815065711736679e-04
2.129359375000000000e+03 -9.240426006726920605e-04
2.124860839843750000e+03 -9.286577696911990643e-04
2.120362548828125000e+03 -9.332663030363619328e-04
2.115864257812500000e+03 -9.378344402648508549e-04
2.113615234375000000e+03 -9.399672853760421276e-04
2.109116699218750000e+03 -9.442614973522722721e-04
2.104583251953125000e+03 -9.484046604484319687e-04
2.100313476562500000e+03 -9.521241299808025360e-04
2.096043457031250000e+03 -9.556302684359252453e-04
2.090995361328125000e+03 -9.594635339453816414e-04
2.086604492187500000e+03 -9.625646634958684444e-04
2.082377197265625000e+03 -9.652987355366349220e-04
2.077568115234375000e+03 -9.680899092927575111e-04
2.071797363281250000e+03 -9.710091399028897285e-04
2.067649658203125000e+03 -9.727299329824745655e-04
2.062780517578125000e+03 -9.743929258547723293e-04
2.060041503906250000e+03 -9.751472389325499535e-04
2.054563720703125000e+03 -9.762585395947098732e-04
2.050455322265625000e+03 -9.767392184585332870e-04
2.046346923828125000e+03 -9.769113967195153236e-04
2.042238647460937500e+03 -9.767579613253474236e-04
2.037103149414062500e+03 -9.761111577972769737e-04
2.032994750976562500e+03 -9.751938050612807274e-04
2.027859375000000000e+03 -9.735579951666295528e-04
2.023750976562500000e+03 -9.717619977891445160e-04
2.019129028320312500e+03 -9.690574370324611664e-04
2.014892333984375000e+03 -9.648680570535361767e-04
2.009692626953125000e+03 -9.613798465579748154e-04
2.003193115234375000e+03 -9.570174734108150005e-04
1.999293334960937500e+03 -9.541819454170763493e-04
1.995393554687500000e+03 -9.512098622508347034e-04
1.991493896484375000e+03 -9.483478497713804245e-04
1.987594116210937500e+03 -9.458640124648809433e-04
1.983694335937500000e+03 -9.439355926588177681e-04
1.978819702148437500e+03 -9.426973410882055759e-04
1.973213867187500000e+03 -9.425088646821677685e-04
1.968826660156250000e+03 -9.428805205971002579e-04
1.965536254882812500e+03 -9.433776140213012695e-04
1.958955444335937500e+03 -9.447475313208997250e-04
1.955665039062500000e+03 -9.456051047891378403e-04
1.949084228515625000e+03 -9.476406266912817955e-04
1.945793823242187500e+03 -9.488151408731937408e-04
1.942914794921875000e+03 -9.499318548478186131e-04
1.938596069335937500e+03 -9.517303551547229290e-04
1.933043579101562500e+03 -9.543681517243385315e-04
1.929573242187500000e+03 -9.561518672853708267e-04
1.924595458984375000e+03 -9.589228429831564426e-04
1.920285644531250000e+03 -9.615213493816554546e-04
1.916322509765625000e+03 -6.158399628475308418e-04
1.911241577148437500e+03 -6.286639254540205002e-04
1.904816162109375000e+03 -6.357911042869091034e-04
1.900960815429687500e+03 -6.401103455573320389e-04
1.897105590820312500e+03 -6.444855243898928165e-04
1.893250244140625000e+03 -6.488914368674159050e-04
1.885539794921875000e+03 -6.578211323358118534e-04
1.881684448242187500e+03 -6.623317603953182697e-04
1.877829223632812500e+03 -6.669093854725360870e-04
1.873973876953125000e+03 -6.714978371746838093e-04
1.870118652343750000e+03 -6.761569529771804810e-04
1.866263305664062500e+03 -6.808235775679349899e-04
1.857909667968750000e+03 -6.911031086929142475e-04
1.853411376953125000e+03 -6.967160152271389961e-04
1.848913085937500000e+03 -7.023841608315706253e-04
1.844414794921875000e+03 -7.081056828610599041e-04
1.839916503906250000e+03 -7.138804066926240921e-04
1.835418090820312500e+03 -7.197080412879586220e-04
1.830919799804687500e+03 -7.255882956087589264e-04
1.826421508789062500e+03 -7.315207039937376976e-04
1.821923095703125000e+03 -7.375049754045903683e-04
1.817424804687500000e+03 -7.435407023876905441e-04
1.812926513671875000e+03 -7.496276521123945713e-04
1.808428222656250000e+03 -7.557710632681846619e-04
1.803929931640625000e+03 -7.619584794156253338e-04
1.799431518554687500e+03 -7.681967108510434628e-04
1.794933227539062500e+03 -7.744858157820999622e-04
1.790434936523437500e+03 -7.808257942087948322e-04
1.785936645507812500e+03 -7.872167625464498997e-04
1.781438354492187500e+03 -7.936580805107951164e-04
1.776939941406250000e+03 -8.001497481018304825e-04
1.772441650390625000e+03 -8.066915324889123440e-04
1.767943359375000000e+03 -8.132830844260752201e-04
1.763445068359375000e+03 -8.199241128750145435e-04
1.758946655273437500e+03 -8.266140939667820930e-04
1.754448364257812500e+03 -8.333525620400905609e-04
1.749950073242187500e+03 -8.401387021876871586e-04
1.748825439453125000e+03 -8.418438956141471863e-04
1.743483764648437500e+03 -8.499802206642925739e-04
1.738423095703125000e+03 -8.577482076361775398e-04
1.735892822265625000e+03 -8.616539998911321163e-04
1.730832153320312500e+03 -8.695090073160827160e-04
1.725771606445312500e+03 -8.774228626862168312e-04
1.722608764648437500e+03 -8.823989192023873329e-04
1.717468994140625000e+03 -8.905633003450930119e-04
1.712598754882812500e+03 -8.983926963992416859e-04
1.708995971679687500e+03 -9.042615420185029507e-04
1.703591918945312500e+03 -9.131984552368521690e-04
1.699989135742187500e+03 -9.192216675728559494e-04
1.694979125976562500e+03 -9.276695200242102146e-04
1.690419433593750000e+03 -9.353956556878983974e-04
1.685218505859375000e+03 -9.442393202334642410e-04
1.681792114257812500e+03 -9.500768501311540604e-04
1.677075073242187500e+03 -9.581655613146722317e-04
1.673095092773437500e+03 -9.650191059336066246e-04
1.668203613281250000e+03 -9.734847699292004108e-04
1.664039184570312500e+03 -9.807075839489698410e-04
1.659278320312500000e+03 -9.890575893223285675e-04
1.655243041992187500e+03 -9.961553150787949562e-04
1.650756835937500000e+03 -1.004087273031473160e-03
1.646271850585937500e+03 -1.012074528262019157e-03
1.641522949218750000e+03 -1.020576222799718380e-03
1.636947265625000000e+03 -1.028810045681893826e-03
1.632738403320312500e+03 -1.036439905874431133e-03
1.628270019531250000e+03 -1.044583390466868877e-03
1.623708618164062500e+03 -1.052939216606318951e-03
1.619298461914062500e+03 -1.061053015291690826e-03
1.614326538085937500e+03 -1.070264261215925217e-03
1.610235595703125000e+03 -1.077866065315902233e-03
1.605396728515625000e+03 -1.086971024051308632e-03
1.601399536132812500e+03 -1.094509847462177277e-03
1.596799560546875000e+03 -1.103201997466385365e-03
1.591815307617187500e+03 -1.112682628445327282e-03
1.587677612304687500e+03 -1.120564527809619904e-03
1.583300292968750000e+03 -1.128912204876542091e-03
1.578721435546875000e+03 -1.137628918513655663e-03
1.574070678710937500e+03 -1.146510010585188866e-03
1.569945556640625000e+03 -1.154411234892904758e-03
1.565231201171875000e+03 -1.163535984233021736e-03
1.560516845703125000e+03 -1.172785414382815361e-03
1.556391723632812500e+03 -1.180947758257389069e-03
1.551677368164062500e+03 -1.190291834063827991e-03
1.547091796875000000e+03 -1.199351740069687366e-03
1.542616821289062500e+03 -1.208168570883572102e-03
1.538141845703125000e+03 -1.216985750943422318e-03
1.533651367187500000e+03 -1.225851476192474365e-03
1.529456054687500000e+03 -1.234045950695872307e-03
1.524682006835937500e+03 -1.239633653312921524e-03
1.520294433593750000e+03 -1.220787409693002701e-03
1.515613403320312500e+03 -1.214587828144431114e-03
1.511341186523437500e+03 -1.215226831845939159e-03
1.506764282226562500e+03 -1.216541393660008907e-03
1.502340332031250000e+03 -1.218024874106049538e-03
1.497916381835937500e+03 -1.219486352056264877e-03
1.493215820312500000e+03 -1.220783684402704239e-03
1.488791870117187500e+03 -1.221553655341267586e-03
1.484367797851562500e+03 -1.222021528519690037e-03
1.479943847656250000e+03 -1.223102095536887646e-03
1.475243286132812500e+03 -1.224672421813011169e-03
1.470819335937500000e+03 -1.226150197908282280e-03
1.466395385742187500e+03 -1.227709231898188591e-03
1.461971313476562500e+03 -1.229226123541593552e-03
1.457270874023437500e+03 -1.230646972544491291e-03
1.452846801757812500e+03 -1.231782487593591213e-03
1.448388305664062500e+03 -1.233000657521188259e-03
1.443877929687500000e+03 -1.234657946042716503e-03
1.439476440429687500e+03 -1.236661453731358051e-03
1.434904785156250000e+03 -1.238932134583592415e-03
1.430425537109375000e+03 -1.241201302036643028e-03
1.425792236328125000e+03 -1.243540435098111629e-03
1.421479858398437500e+03 -1.245710067451000214e-03
1.416823242187500000e+03 -1.248029991984367371e-03
1.412440551757812500e+03 -1.250177505426108837e-03
1.407783935546875000e+03 -1.252367394044995308e-03
1.403401245117187500e+03 -1.254286267794668674e-03
1.398950805664062500e+03 -1.256136340089142323e-03
1.394485961914062500e+03 -1.258193864487111568e-03
1.389982910156250000e+03 -1.260673743672668934e-03
1.385479736328125000e+03 -1.263338606804609299e-03
1.380967895507812500e+03 -1.265927450731396675e-03
1.376481567382812500e+03 -1.268411404453217983e-03
1.371980468750000000e+03 -1.270947279408574104e-03
1.367432983398437500e+03 -1.273563248105347157e-03
1.362853759765625000e+03 -1.276244409382343292e-03
1.358532104492187500e+03 -1.278815092518925667e-03
