2.258196044921875000e+03 0.000000000000000000e+00
2.253022949218750000e+03 -1.610267354408279061e-04
2.245488525390625000e+03 -3.968117234762758017e-04
2.240990478515625000e+03 -5.382860545068979263e-04
2.236492187500000000e+03 -6.802661810070276260e-04
2.231994140625000000e+03 -8.221452008001506329e-04
2.227495849609375000e+03 -8.844582480378448963e-04
2.222997314453125000e+03 -8.688819943927228451e-04
2.218499267578125000e+03 -8.565679308958351612e-04
2.214000732421875000e+03 -8.447542204521596432e-04
2.209502441406250000e+03 -8.336286991834640503e-04
2.205004150390625000e+03 -8.229173836298286915e-04
2.200505859375000000e+03 -8.126928587444126606e-04
2.196007568359375000e+03 -8.030241006053984165e-04
2.191509033203125000e+03 -7.939836941659450531e-04
2.187010742187500000e+03 -7.856415468268096447e-04
2.185886230468750000e+03 -7.836688891984522343e-04
2.181668945312500000e+03 -7.766485214233398438e-04
2.176608398437500000e+03 -7.692518993280827999e-04
2.172391113281250000e+03 -7.636846858076751232e-04
2.168174072265625000e+03 -7.585242274217307568e-04
2.162691650390625000e+03 -7.527244742959737778e-04
2.158896240234375000e+03 -7.496910984627902508e-04
2.154626220703125000e+03 -7.470707059837877750e-04
2.148933105468750000e+03 -7.446769741363823414e-04
2.144663330078125000e+03 -7.435490260832011700e-04
2.140393310546875000e+03 -7.429292891174554825e-04
2.136123535156250000e+03 -7.427742821164429188e-04
2.131853515625000000e+03 -7.430454716086387634e-04
2.126872070312500000e+03 -7.438393658958375454e-04
2.119171142578125000e+03 -7.459777407348155975e-04
2.114672851562500000e+03 -7.477701292373239994e-04
2.110174560546875000e+03 -7.498143240809440613e-04
2.105676269531250000e+03 -7.521377992816269398e-04
2.101177978515625000e+03 -7.547182030975818634e-04
2.096679687500000000e+03 -7.574972696602344513e-04
2.092181396484375000e+03 -7.605330320075154305e-04
2.087683105468750000e+03 -7.637653616257011890e-04
2.083184570312500000e+03 -7.671839557588100433e-04
2.078686279296875000e+03 -7.707717013545334339e-04
2.074187988281250000e+03 -7.745180046185851097e-04
2.069689697265625000e+03 -7.784114568494260311e-04
2.065191406250000000e+03 -7.824425119906663895e-04
2.060693115234375000e+03 -7.866023224778473377e-04
2.056194824218750000e+03 -7.908832048997282982e-04
2.051696533203125000e+03 -7.952781743369996548e-04
2.047198120117187500e+03 -7.997810025699436665e-04
2.042699829101562500e+03 -8.043862180784344673e-04
2.038201416015625000e+03 -8.090888732112944126e-04
2.033703125000000000e+03 -8.138846606016159058e-04
2.029204833984375000e+03 -8.187697385437786579e-04
2.024706542968750000e+03 -8.237406727857887745e-04
2.020208129882812500e+03 -8.287944365292787552e-04
2.015709838867187500e+03 -8.339284686371684074e-04
2.011211547851562500e+03 -8.391403825953602791e-04
2.006713256835937500e+03 -8.444281993433833122e-04
2.002214843750000000e+03 -8.497901726514101028e-04
1.997716552734375000e+03 -8.552247891202569008e-04
1.993218261718750000e+03 -8.607307099737226963e-04
1.988719970703125000e+03 -8.663068874739110470e-04
1.984221557617187500e+03 -8.719522738829255104e-04
1.979723266601562500e+03 -8.776661125011742115e-04
1.975224975585937500e+03 -8.834477048367261887e-04
1.970726684570312500e+03 -8.892965852282941341e-04
1.966228271484375000e+03 -8.952122298069298267e-04
1.961729980468750000e+03 -9.011943475343286991e-04
1.957231689453125000e+03 -9.072426473721861839e-04
1.952733398437500000e+03 -9.133569546975195408e-04
1.948235107421875000e+03 -9.195370948873460293e-04
1.943736694335937500e+03 -9.257830097340047359e-04
1.939238403320312500e+03 -9.320946992374956608e-04
1.934740112304687500e+03 -9.384721633978188038e-04
1.930241821289062500e+03 -9.449154022149741650e-04
1.925743408203125000e+03 -9.514245903119444847e-04
1.921245117187500000e+03 -9.579997858963906765e-04
1.916746826171875000e+03 -9.646411053836345673e-04
1.912248535156250000e+03 -9.713487233966588974e-04
1.907750122070312500e+03 -9.781228145584464073e-04
1.903251831054687500e+03 -9.849634952843189240e-04
1.898753540039062500e+03 -9.918711148202419281e-04
1.894255249023437500e+03 -9.988456731662154198e-04
1.889756958007812500e+03 -1.005887519568204880e-03
1.885258544921875000e+03 -1.012996770441532135e-03
1.880760253906250000e+03 -1.020173658616840839e-03
1.876261962890625000e+03 -1.027418416924774647e-03
1.871763671875000000e+03 -1.034731278195977211e-03
1.867265258789062500e+03 -1.042112358845770359e-03
1.862766967773437500e+03 -1.049562008120119572e-03
1.858268676757812500e+03 -1.057080342434346676e-03
1.853770385742187500e+03 -1.064667478203773499e-03
1.849272094726562500e+03 -1.072323764674365520e-03
1.848147460937500000e+03 -1.074266503565013409e-03
1.843649169921875000e+03 -1.082009985111653805e-03
1.839150878906250000e+03 -1.089823315851390362e-03
1.834652465820312500e+03 -1.097706728614866734e-03
1.830154174804687500e+03 -1.105660572648048401e-03
1.825655883789062500e+03 -1.113684731535613537e-03
1.821157592773437500e+03 -1.121778390370309353e-03
1.816659179687500000e+03 -1.129937358200550079e-03
1.812160888671875000e+03 -1.138149644248187542e-03
1.807662597656250000e+03 -1.146389869973063469e-03
1.803164306640625000e+03 -1.154631492681801319e-03
1.798665893554687500e+03 -1.162928878329694271e-03
1.793605346679687500e+03 -1.172292162664234638e-03
1.790231567382812500e+03 -1.178584527224302292e-03
1.785592773437500000e+03 -1.187312183901667595e-03
1.781164672851562500e+03 -1.195780816487967968e-03
1.775471435546875000e+03 -1.206834567710757256e-03
1.771676025390625000e+03 -1.214310643263161182e-03
1.765982910156250000e+03 -1.225656014867126942e-03
1.762187377929687500e+03 -1.233291462995111942e-03
1.757443115234375000e+03 -1.242925878614187241e-03
1.751749877929687500e+03 -1.254586852155625820e-03
1.748903320312500000e+03 -1.260460470803081989e-03
1.743210083007812500e+03 -1.272228779271245003e-03
1.738940185546875000e+03 -1.281242584809660912e-03
1.734670410156250000e+03 -1.290250103920698166e-03
1.730400512695312500e+03 -1.299328636378049850e-03
1.725902221679687500e+03 -1.308868406340479851e-03
1.722528442382812500e+03 -1.316238078288733959e-03
1.718311279296875000e+03 -1.325386110693216324e-03
1.713250732421875000e+03 -1.336448825895786285e-03
1.708190063476562500e+03 -1.347603974863886833e-03
1.703129516601562500e+03 -1.358855981379747391e-03
1.698068847656250000e+03 -1.370207639411091805e-03
1.695538574218750000e+03 -1.375923515297472477e-03
1.690477905273437500e+03 -1.387453405186533928e-03
1.686049926757812500e+03 -1.397659303620457649e-03
1.682254272460937500e+03 -1.406490569934248924e-03
1.677510131835937500e+03 -1.417330466210842133e-03
1.673240234375000000e+03 -1.426779897883534431e-03
1.667547119140625000e+03 -1.439666957594454288e-03
1.663277221679687500e+03 -1.449830248020589352e-03
1.659007324218750000e+03 -1.460221712477505207e-03
1.655093261718750000e+03 -1.469762413762509823e-03
1.650823364257812500e+03 -1.480213599279522896e-03
1.646019775390625000e+03 -1.492048962973058224e-03
1.641749877929687500e+03 -1.502650324255228043e-03
1.636946289062500000e+03 -1.514124800451099873e-03
1.632676391601562500e+03 -1.524202176369726658e-03
1.628406494140625000e+03 -1.535167102701961994e-03
1.623602905273437500e+03 -1.547697465866804123e-03
1.619433105468750000e+03 -1.558462390676140785e-03
1.614929687500000000e+03 -1.569356420077383518e-03
1.610426269531250000e+03 -1.580980140715837479e-03
1.605922851562500000e+03 -1.593281165696680546e-03
1.601419555664062500e+03 -1.604988588951528072e-03
1.596916137695312500e+03 -1.616707886569201946e-03
1.592337646484375000e+03 -1.629532314836978912e-03
1.587946899414062500e+03 -1.640578964725136757e-03
1.583387207031250000e+03 -1.654078485444188118e-03
1.578827514648437500e+03 -1.666208496317267418e-03
1.574436645507812500e+03 -1.679106033407151699e-03
1.569876953125000000e+03 -1.692713820375502110e-03
1.565317260742187500e+03 -1.706192502751946449e-03
1.560884277343750000e+03 -1.719120424240827560e-03
1.556419555664062500e+03 -1.733048469759523869e-03
1.551954956054687500e+03 -1.747775357216596603e-03
1.547395263671875000e+03 -1.763467094860970974e-03
1.542930541992187500e+03 -1.778611913323402405e-03
1.538370849609375000e+03 -1.796691329218447208e-03
1.533953735351562500e+03 -1.812839182093739510e-03
1.529465209960937500e+03 -1.831489615142345428e-03
1.524923339843750000e+03 -1.851873588748276234e-03
1.520434936523437500e+03 -1.873849774710834026e-03
1.515946533203125000e+03 -1.896209665574133396e-03
1.511458129882812500e+03 -1.920491689816117287e-03
1.506969726562500000e+03 -1.943329349160194397e-03
1.502454589843750000e+03 -1.970036886632442474e-03
1.497966064453125000e+03 -1.997749088332056999e-03
1.493477661132812500e+03 -2.022235887125134468e-03
1.488962524414062500e+03 -2.043783431872725487e-03
1.484474121093750000e+03 -2.064860193058848381e-03
1.479985717773437500e+03 -2.083066385239362717e-03
1.475470581054687500e+03 -2.102279802784323692e-03
1.470982055664062500e+03 -2.110165311023592949e-03
1.466466918945312500e+03 -2.123062033206224442e-03
1.461978515625000000e+03 -2.132562920451164246e-03
1.457490112304687500e+03 -2.149458276107907295e-03
1.452974853515625000e+03 -2.164175035431981087e-03
1.448486450195312500e+03 -2.174067543819546700e-03
1.443998046875000000e+03 -2.185055986046791077e-03
1.439482910156250000e+03 -2.209353959187865257e-03
1.435004516601562500e+03 -2.230603946372866631e-03
1.430505249023437500e+03 -2.186136553063988686e-03
1.429375244140625000e+03 -2.095241798087954521e-03
