1.566976806640625000e+03 0.000000000000000000e+00
1.563387329101562500e+03 -1.591105392435565591e-04
1.558159057617187500e+03 -3.922499890904873610e-04
1.555037841796875000e+03 -5.322176730260252953e-04
1.551916503906250000e+03 -6.724973209202289581e-04
1.548795043945312500e+03 -7.501880172640085220e-04
1.545673706054687500e+03 -7.415215368382632732e-04
1.542552246093750000e+03 -7.348678773269057274e-04
1.539430786132812500e+03 -7.287199841812252998e-04
1.536309448242187500e+03 -7.230009650811553001e-04
1.533187988281250000e+03 -7.174310740083456039e-04
1.530066650390625000e+03 -7.120444788597524166e-04
1.526945190429687500e+03 -7.068647537380456924e-04
1.523823730468750000e+03 -7.019226904958486557e-04
1.520702270507812500e+03 -6.972560659050941467e-04
1.517580932617187500e+03 -6.929070223122835159e-04
1.514459472656250000e+03 -6.889180513098835945e-04
1.511338012695312500e+03 -6.853282102383673191e-04
1.508216674804687500e+03 -6.821699207648634911e-04
1.505095214843750000e+03 -6.794660002924501896e-04
1.501973754882812500e+03 -6.772286724299192429e-04
1.501193481445312500e+03 -6.767244194634258747e-04
1.498267089843750000e+03 -6.751507753506302834e-04
1.494853027343750000e+03 -6.738607189618051052e-04
1.491926757812500000e+03 -6.731355097144842148e-04
1.488415161132812500e+03 -6.727704894728958607e-04
1.485488769531250000e+03 -6.728127482347190380e-04
1.482562500000000000e+03 -6.731073372066020966e-04
1.479050903320312500e+03 -6.736069917678833008e-04
1.476124511718750000e+03 -6.741469260305166245e-04
1.473198242187500000e+03 -6.750722532160580158e-04
1.469686645507812500e+03 -6.767208687961101532e-04
1.466760253906250000e+03 -6.783924764022231102e-04
1.463833984375000000e+03 -6.802572752349078655e-04
1.460029785156250000e+03 -6.829185876995325089e-04
1.456957153320312500e+03 -6.852375227026641369e-04
1.453500366210937500e+03 -6.880050059407949448e-04
1.451278198242187500e+03 -6.898636347614228725e-04
1.448156738281250000e+03 -6.925686029717326164e-04
1.445035400390625000e+03 -6.953729898668825626e-04
1.441913940429687500e+03 -6.982660852372646332e-04
1.437768310546875000e+03 -7.022251957096159458e-04
1.435793090820312500e+03 -7.041523931547999382e-04
1.429708740234375000e+03 -7.102659437805414200e-04
1.426587280273437500e+03 -7.134550251066684723e-04
1.423465942382812500e+03 -7.167161093093454838e-04
1.420344482421875000e+03 -7.200185791589319706e-04
1.417223022460937500e+03 -7.233624928630888462e-04
1.414101684570312500e+03 -7.267424953170120716e-04
1.410980224609375000e+03 -7.301572477445006371e-04
1.407858886718750000e+03 -7.336044218391180038e-04
1.404737426757812500e+03 -7.370826206170022488e-04
1.401615966796875000e+03 -7.405904470942914486e-04
1.398494628906250000e+03 -7.441270863637328148e-04
1.395373168945312500e+03 -7.476916653104126453e-04
1.392251708984375000e+03 -7.512838346883654594e-04
1.389130371093750000e+03 -7.549033034592866898e-04
1.386008911132812500e+03 -7.585498387925326824e-04
1.382887573242187500e+03 -7.622235571034252644e-04
1.379766113281250000e+03 -7.659246330149471760e-04
1.376644653320312500e+03 -7.696531829424202442e-04
1.373523315429687500e+03 -7.734096725471317768e-04
1.370401855468750000e+03 -7.771943928673863411e-04
1.367280395507812500e+03 -7.810078677721321583e-04
1.364159057617187500e+03 -7.848505629226565361e-04
1.361037597656250000e+03 -7.887229439802467823e-04
1.357916259765625000e+03 -7.926257094368338585e-04
1.354794799804687500e+03 -7.965593249537050724e-04
1.351673339843750000e+03 -8.005243726074695587e-04
1.348552001953125000e+03 -8.045214926823973656e-04
1.345430541992187500e+03 -8.085512672550976276e-04
1.342309082031250000e+03 -8.126142784021794796e-04
1.339187744140625000e+03 -8.167111082002520561e-04
1.336066284179687500e+03 -8.208423387259244919e-04
1.332944824218750000e+03 -8.250085520558059216e-04
1.329823486328125000e+03 -8.292102720588445663e-04
1.326702026367187500e+03 -8.334480226039886475e-04
1.323580688476562500e+03 -8.377224439755082130e-04
1.320459228515625000e+03 -8.420338854193687439e-04
1.317337768554687500e+03 -8.463829872198402882e-04
1.314216430664062500e+03 -8.507702150382101536e-04
1.311094970703125000e+03 -8.551959763281047344e-04
1.307973510742187500e+03 -8.596607949584722519e-04
1.304852172851562500e+03 -8.641650783829391003e-04
1.301730712890625000e+03 -8.687092922627925873e-04
1.298609375000000000e+03 -8.732937858439981937e-04
1.295487915039062500e+03 -8.779190247878432274e-04
1.292366455078125000e+03 -8.825853583402931690e-04
1.289245117187500000e+03 -8.872931357473134995e-04
1.286123657226562500e+03 -8.920428226701915264e-04
1.283002197265625000e+03 -8.968347101472318172e-04
1.279880859375000000e+03 -9.016690892167389393e-04
1.276759399414062500e+03 -9.065464255400002003e-04
1.273638061523437500e+03 -9.114668937399983406e-04
1.270516601562500000e+03 -9.164309012703597546e-04
1.267395141601562500e+03 -9.214386809617280960e-04
1.264273803710937500e+03 -9.264906402677297592e-04
1.261152343750000000e+03 -9.315868956036865711e-04
1.258030883789062500e+03 -9.367278544232249260e-04
1.254909545898437500e+03 -9.419137495569884777e-04
1.251788085937500000e+03 -9.471447556279599667e-04
1.248666748046875000e+03 -9.524212800897657871e-04
1.245545288085937500e+03 -9.577434393577277660e-04
1.242423828125000000e+03 -9.631114662624895573e-04
1.241643554687500000e+03 -9.644760866649448872e-04
1.238912231445312500e+03 -9.692134917713701725e-04
1.235839599609375000e+03 -9.745960705913603306e-04
1.232547485351562500e+03 -9.804179426282644272e-04
1.229255371093750000e+03 -9.862426668405532837e-04
1.226621704101562500e+03 -9.910165099427103996e-04
1.223329589843750000e+03 -9.969763923436403275e-04
1.220037475585937500e+03 -1.002984587103128433e-03
1.216745361328125000e+03 -1.009035389870405197e-03
1.214111694335937500e+03 -1.013900968246161938e-03
1.210819580078125000e+03 -1.020012889057397842e-03
1.207527465820312500e+03 -1.026168465614318848e-03
1.204235351562500000e+03 -1.032390049658715725e-03
1.201272460937500000e+03 -1.038054586388170719e-03
1.197568847656250000e+03 -1.045223674736917019e-03
1.195346557617187500e+03 -1.049549435265362263e-03
1.190902221679687500e+03 -1.058299327269196510e-03
1.188680053710937500e+03 -1.062706694938242435e-03
1.184235717773437500e+03 -1.071595354005694389e-03
1.182013549804687500e+03 -1.076067681424319744e-03
1.179791381835937500e+03 -1.080590882338583469e-03
1.175346923828125000e+03 -1.089696073904633522e-03
1.173124755859375000e+03 -1.094290171749889851e-03
1.168680541992187500e+03 -1.103548100218176842e-03
1.166458251953125000e+03 -1.108234515413641930e-03
1.164236083984375000e+03 -1.112938160076737404e-03
1.159791625976562500e+03 -1.122428337112069130e-03
1.156875122070312500e+03 -1.128707895986735821e-03
1.154375000000000000e+03 -1.134142163209617138e-03
1.150937744140625000e+03 -1.141677144914865494e-03
1.148125366210937500e+03 -1.147844013758003712e-03
1.145312866210937500e+03 -1.153989578597247601e-03
1.141562988281250000e+03 -1.162308268249034882e-03
1.138750488281250000e+03 -1.168669783510267735e-03
1.135938110351562500e+03 -1.175091718323528767e-03
1.132188110351562500e+03 -1.183722517453134060e-03
1.129375610351562500e+03 -1.190316979773342609e-03
1.126680419921875000e+03 -1.196418190374970436e-03
1.123714233398437500e+03 -1.203129650093615055e-03
1.120550170898437500e+03 -1.210566144436597824e-03
1.117386230468750000e+03 -1.218268997035920620e-03
1.114222167968750000e+03 -1.225942745804786682e-03
1.111196166992187500e+03 -1.233112765476107597e-03
1.108098876953125000e+03 -1.240470213815569878e-03
1.105001708984375000e+03 -1.248356886208057404e-03
1.101834228515625000e+03 -1.256197341717779636e-03
1.098666625976562500e+03 -1.263912185095250607e-03
1.095578247070312500e+03 -1.272099907509982586e-03
1.092437866210937500e+03 -1.279843505471944809e-03
1.089330932617187500e+03 -1.288276282139122486e-03
1.086198974609375000e+03 -1.296167611144483089e-03
1.083154663085937500e+03 -1.304674660786986351e-03
1.079986083984375000e+03 -1.313278335146605968e-03
1.076846679687500000e+03 -1.321827643550932407e-03
1.073760742187500000e+03 -1.330486149527132511e-03
1.070670410156250000e+03 -1.339561422355473042e-03
1.067539916992187500e+03 -1.349035068415105343e-03
1.064409423828125000e+03 -1.359074492938816547e-03
1.061278808593750000e+03 -1.369594829156994820e-03
1.058148315429687500e+03 -1.380319357849657536e-03
1.055036621093750000e+03 -1.391665660776197910e-03
1.051921142578125000e+03 -1.404052716679871082e-03
1.048817382812500000e+03 -1.417396939359605312e-03
1.045674438476562500e+03 -1.432267948985099792e-03
1.042560913085937500e+03 -1.448202528990805149e-03
1.039439575195312500e+03 -1.465648063458502293e-03
1.036327392578125000e+03 -1.486427499912679195e-03
1.033210815429687500e+03 -1.509100780822336674e-03
1.030091430664062500e+03 -1.533882343210279942e-03
1.026963500976562500e+03 -1.566596562042832375e-03
1.023845275878906250e+03 -1.603309996426105499e-03
1.020727050781250000e+03 -1.654666033573448658e-03
1.017608215332031250e+03 -1.721142092719674110e-03
1.014487121582031250e+03 -1.825511571951210499e-03
1.014185363769531250e+03 -1.859176554717123508e-03
