6.279363769531250000e+03 0.000000000000000000e+00
6.266855468750000000e+03 -9.927299106493592262e-05
6.254347167968750000e+03 -1.985888811759650707e-04
6.241838867187500000e+03 -2.979710407089442015e-04
6.229331054687500000e+03 -3.974075079895555973e-04
6.216822753906250000e+03 -4.968711291439831257e-04
6.204314453125000000e+03 -5.953318905085325241e-04
6.191805664062500000e+03 -6.079053273424506187e-04
6.179297363281250000e+03 -5.922488635405898094e-04
6.166789062500000000e+03 -5.787149420939385891e-04
6.154280273437500000e+03 -5.666354554705321789e-04
6.141771972656250000e+03 -5.566285690292716026e-04
6.129263183593750000e+03 -5.485014989972114563e-04
6.116754882812500000e+03 -5.416428903117775917e-04
6.104246582031250000e+03 -5.390411242842674255e-04
6.091737792968750000e+03 -5.372058367356657982e-04
6.079229492187500000e+03 -5.335896275937557220e-04
6.066720703125000000e+03 -5.312768626026809216e-04
6.054212402343750000e+03 -5.312677239999175072e-04
6.041704101562500000e+03 -5.321585922501981258e-04
6.029195312500000000e+03 -5.337883485481142998e-04
6.016687011718750000e+03 -5.359832430258393288e-04
6.004178222656250000e+03 -5.388465360738337040e-04
5.991669921875000000e+03 -5.422148387879133224e-04
5.979161621093750000e+03 -5.460400134325027466e-04
5.966652832031250000e+03 -5.502736894413828850e-04
5.954144531250000000e+03 -5.548788467422127724e-04
5.941636230468750000e+03 -5.598222487606108189e-04
5.929127441406250000e+03 -5.650758394040167332e-04
5.916619140625000000e+03 -5.706154624931514263e-04
5.904110839843750000e+03 -5.764201632700860500e-04
5.891602050781250000e+03 -5.824719555675983429e-04
5.879093750000000000e+03 -5.887552397325634956e-04
5.866584960937500000e+03 -5.952562787570059299e-04
5.854076660156250000e+03 -6.019632564857602119e-04
5.841568359375000000e+03 -6.088657537475228310e-04
5.829059570312500000e+03 -6.159547483548521996e-04
5.816551269531250000e+03 -6.232220912352204323e-04
5.804042968750000000e+03 -6.306606810539960861e-04
5.791534179687500000e+03 -6.382644060067832470e-04
5.779025878906250000e+03 -6.460275035351514816e-04
5.766517578125000000e+03 -6.539452006109058857e-04
5.754008789062500000e+03 -6.620128988288342953e-04
5.741500488281250000e+03 -6.702267564833164215e-04
5.728992187500000000e+03 -6.785830482840538025e-04
5.716483398437500000e+03 -6.870786892250180244e-04
5.703975097656250000e+03 -6.957106525078415871e-04
5.691466796875000000e+03 -7.044762605801224709e-04
5.678958007812500000e+03 -7.133731269277632236e-04
5.666449707031250000e+03 -7.223989814519882202e-04
5.653941406250000000e+03 -7.315517286770045757e-04
5.641432617187500000e+03 -7.408294477500021458e-04
5.628924316406250000e+03 -7.502303924411535263e-04
5.616416015625000000e+03 -7.597528747282922268e-04
5.603907226562500000e+03 -7.693952647969126701e-04
5.591398925781250000e+03 -7.791561074554920197e-04
5.578890625000000000e+03 -7.890339475125074387e-04
5.566381835937500000e+03 -7.990275043994188309e-04
5.553873535156250000e+03 -8.091354393400251865e-04
5.541365234375000000e+03 -8.193565881811082363e-04
5.528856445312500000e+03 -8.296896121464669704e-04
5.516348144531250000e+03 -8.401334052905440331e-04
5.503839843750000000e+03 -8.506869198754429817e-04
5.491331054687500000e+03 -8.613489335402846336e-04
5.478822753906250000e+03 -8.721183985471725464e-04
5.466314453125000000e+03 -8.829943253658711910e-04
5.453805664062500000e+03 -8.939755498431622982e-04
5.441297363281250000e+03 -9.050611406564712524e-04
5.428789062500000000e+03 -9.162500500679016113e-04
5.416280761718750000e+03 -9.275412885472178459e-04
5.403771972656250000e+03 -9.389338665641844273e-04
5.391263671875000000e+03 -9.504267363809049129e-04
5.378755371093750000e+03 -9.620189666748046875e-04
5.366246582031250000e+03 -9.737096261233091354e-04
5.353738281250000000e+03 -9.854977251961827278e-04
5.341229980468750000e+03 -9.973822161555290222e-04
5.328721191406250000e+03 -1.009362167678773403e-03
5.316212890625000000e+03 -1.021436764858663082e-03
5.303704589843750000e+03 -1.033604843541979790e-03
5.291195800781250000e+03 -1.045865588821470737e-03
5.278687500000000000e+03 -1.058217952959239483e-03
5.266179199218750000e+03 -1.070661004632711411e-03
5.253670410156250000e+03 -1.083193812519311905e-03
5.241162109375000000e+03 -1.095815445296466351e-03
5.228653808593750000e+03 -1.108539407141506672e-03
5.216145019531250000e+03 -1.121336710639297962e-03
5.203636718750000000e+03 -1.134208752773702145e-03
5.191128417968750000e+03 -1.147162867709994316e-03
5.178620117187500000e+03 -1.160237123258411884e-03
5.166111328125000000e+03 -1.173371565528213978e-03
5.153603027343750000e+03 -1.186585403047502041e-03
5.141094726562500000e+03 -1.199875259771943092e-03
5.128585937500000000e+03 -1.213224953971803188e-03
5.116077636718750000e+03 -1.226597814820706844e-03
5.103569335937500000e+03 -1.239906647242605686e-03
5.091060546875000000e+03 -1.253047841601073742e-03
5.078552246093750000e+03 -1.266086241230368614e-03
5.066043945312500000e+03 -1.279333373531699181e-03
5.053535156250000000e+03 -1.292911241762340069e-03
5.041026855468750000e+03 -1.306743943132460117e-03
5.028518554687500000e+03 -1.320729497820138931e-03
5.016010253906250000e+03 -1.334814354777336121e-03
5.003501464843750000e+03 -1.348952529951930046e-03
4.990993164062500000e+03 -1.363208284601569176e-03
4.978484863281250000e+03 -1.377502572722733021e-03
4.965976074218750000e+03 -1.391844707541167736e-03
4.953467773437500000e+03 -1.406133291311562061e-03
4.940959472656250000e+03 -1.416817540302872658e-03
4.928450683593750000e+03 -1.414380501955747604e-03
4.915942382812500000e+03 -1.410517957992851734e-03
4.903434082031250000e+03 -1.409619115293025970e-03
4.890925292968750000e+03 -1.409629127010703087e-03
4.878416992187500000e+03 -1.409910153597593307e-03
4.865908203125000000e+03 -1.410312484949827194e-03
4.853399902343750000e+03 -1.410802127793431282e-03
4.840891601562500000e+03 -1.411355682648718357e-03
4.828382812500000000e+03 -1.412039855495095253e-03
4.815874511718750000e+03 -1.412842888385057449e-03
4.803365722656250000e+03 -1.413284917362034321e-03
4.790857421875000000e+03 -1.413290039636194706e-03
4.778349121093750000e+03 -1.414271886460483074e-03
4.765840332031250000e+03 -1.416362356394529343e-03
4.753332031250000000e+03 -1.418639905750751495e-03
4.740823730468750000e+03 -1.420722226612269878e-03
4.728314941406250000e+03 -1.422785921022295952e-03
4.715806640625000000e+03 -1.424953690730035305e-03
4.703297851562500000e+03 -1.427166047506034374e-03
4.690789550781250000e+03 -1.429348601959645748e-03
4.678281250000000000e+03 -1.431420794688165188e-03
4.665772460937500000e+03 -1.433350029401481152e-03
4.653264160156250000e+03 -1.435175305232405663e-03
4.640755371093750000e+03 -1.437055761925876141e-03
4.628247070312500000e+03 -1.439100597053766251e-03
4.615738769531250000e+03 -1.441238215193152428e-03
4.603229980468750000e+03 -1.443262910470366478e-03
4.590721679687500000e+03 -1.445086090825498104e-03
4.578213378906250000e+03 -1.447107526473701000e-03
4.565704589843750000e+03 -1.449597650207579136e-03
4.553196289062500000e+03 -1.452346565201878548e-03
4.540687500000000000e+03 -1.455156365409493446e-03
4.528179199218750000e+03 -1.457997364923357964e-03
4.515670898437500000e+03 -1.460844534449279308e-03
4.503162109375000000e+03 -1.463650725781917572e-03
4.490653808593750000e+03 -1.466555637307465076e-03
4.478145507812500000e+03 -1.469461363740265369e-03
4.465636718750000000e+03 -1.472384319640696049e-03
4.453128417968750000e+03 -1.475326484069228172e-03
4.440619628906250000e+03 -1.478285179473459721e-03
4.428111328125000000e+03 -1.481200568377971649e-03
4.415603027343750000e+03 -1.484260894358158112e-03
4.403094238281250000e+03 -1.487240660935640335e-03
4.390585937500000000e+03 -1.490130787715315819e-03
4.378077636718750000e+03 -1.492826500907540321e-03
4.365568847656250000e+03 -1.495510223321616650e-03
4.353060546875000000e+03 -1.498409779742360115e-03
4.340551757812500000e+03 -1.501497696153819561e-03
4.328043457031250000e+03 -1.504675135947763920e-03
4.315535156250000000e+03 -1.507728709839284420e-03
4.303026367187500000e+03 -1.510756206698715687e-03
4.290518066406250000e+03 -1.513888943009078503e-03
4.278009765625000000e+03 -1.517240889370441437e-03
4.265500976562500000e+03 -1.520549994893372059e-03
4.252992675781250000e+03 -1.523835002444684505e-03
4.240484375000000000e+03 -1.527169020846486092e-03
4.227975585937500000e+03 -1.530476030893623829e-03
4.215467285156250000e+03 -1.533782924525439739e-03
4.202958496093750000e+03 -1.537104020826518536e-03
4.190450195312500000e+03 -1.540425349958240986e-03
4.177941894531250000e+03 -1.543750870041549206e-03
4.165433105468750000e+03 -1.547179999761283398e-03
4.152924804687500000e+03 -1.550551387481391430e-03
4.140416503906250000e+03 -1.553978188894689083e-03
4.127907714843750000e+03 -1.557418378069996834e-03
4.115399414062500000e+03 -1.560863456688821316e-03
4.102890625000000000e+03 -1.564332866109907627e-03
4.090382324218750000e+03 -1.567809609696269035e-03
4.077873779296875000e+03 -1.571302767843008041e-03
4.065365478515625000e+03 -1.574805588461458683e-03
4.052856933593750000e+03 -1.578339841216802597e-03
4.040348388671875000e+03 -1.581877935677766800e-03
4.027839843750000000e+03 -1.585429767146706581e-03
4.015331542968750000e+03 -1.588995452038943768e-03
4.002822998046875000e+03 -1.592569635249674320e-03
3.990314453125000000e+03 -1.596153946593403816e-03
3.977805908203125000e+03 -1.599763869307935238e-03
3.965297607421875000e+03 -1.603379263542592525e-03
3.952789062500000000e+03 -1.607006764970719814e-03
3.940280517578125000e+03 -1.610644627362489700e-03
3.927772216796875000e+03 -1.614288426935672760e-03
3.915263671875000000e+03 -1.617950503714382648e-03
3.902755126953125000e+03 -1.621619914658367634e-03
3.890246582031250000e+03 -1.625296194106340408e-03
3.877738281250000000e+03 -1.628983882255852222e-03
3.865229736328125000e+03 -1.632683561183512211e-03
3.852721191406250000e+03 -1.636385452002286911e-03
3.840212646484375000e+03 -1.640096423216164112e-03
3.827704345703125000e+03 -1.643807045184075832e-03
3.815195800781250000e+03 -1.647512195631861687e-03
3.802687255859375000e+03 -1.651237718760967255e-03
3.790178710937500000e+03 -1.654945896007120609e-03
3.777670410156250000e+03 -1.658639404922723770e-03
